species,oldSpeciesCanonicalName,similarity,prediction,model,threshold,label
Archidendron minahassae,Pithecellobium teijsemannii,0.2361,not synonym,sentence-transformers/all-MiniLM-L6-v2,0.7,1
Lotus halophilus,Lotus aucheri,0.5928,not synonym,sentence-transformers/all-MiniLM-L6-v2,0.7,1
Lotus aegaeus,Lotus superbus,0.7025,synonym,sentence-transformers/all-MiniLM-L6-v2,0.7,1
Monnina fastigiata,Monnina arborescens,0.5946,not synonym,sentence-transformers/all-MiniLM-L6-v2,0.7,1
Millettia sericea,Ononis marocana,0.4832,not synonym,sentence-transformers/all-MiniLM-L6-v2,0.7,0
Calliandra virgata,Polygala macrostachya,0.2756,not synonym,sentence-transformers/all-MiniLM-L6-v2,0.7,0
Lotus loweanus,Feuilleea hirsuta,0.3474,not synonym,sentence-transformers/all-MiniLM-L6-v2,0.7,0
Muraltia satureioides,Inga confusa,0.2046,not synonym,sentence-transformers/all-MiniLM-L6-v2,0.7,0
Muraltia striata,Oxylobium coriaceum,0.2869,not synonym,sentence-transformers/all-MiniLM-L6-v2,0.7,0
Nissolia brasiliensis,Machaerium pungens,0.2124,not synonym,sentence-transformers/all-MiniLM-L6-v2,0.7,0
Asemeia violacea,Inga parvifolia,0.348,not synonym,sentence-transformers/all-MiniLM-L6-v2,0.7,0
Hebecarpa rectipilis,Solori microphylla,0.1152,not synonym,sentence-transformers/all-MiniLM-L6-v2,0.7,0
Monnina celastroides,Macrolobium ngouniense,0.178,not synonym,sentence-transformers/all-MiniLM-L6-v2,0.7,0
Millettia comosa,Lupinus huigrensis,0.1826,not synonym,sentence-transformers/all-MiniLM-L6-v2,0.7,0
Genista januensis,Corniola triangularis,0.1765,not synonym,sentence-transformers/all-MiniLM-L6-v2,0.7,1
Lupinus angustifolius,Lupinus reticulatus,0.6858,not synonym,sentence-transformers/all-MiniLM-L6-v2,0.7,1
Erinacea anthyllis,Erinacea hispanica,0.5522,not synonym,sentence-transformers/all-MiniLM-L6-v2,0.7,1
Dialium tessmannii,Dialium mayumbense,0.4313,not synonym,sentence-transformers/all-MiniLM-L6-v2,0.7,1
Delonix boiviniana,Polygala alopecuroides,0.3289,not synonym,sentence-transformers/all-MiniLM-L6-v2,0.7,0
Genista januensis,Poecilanthe effusa,0.2258,not synonym,sentence-transformers/all-MiniLM-L6-v2,0.7,0
Glycine clandestina,Leptolobium clandestinum,0.5313,not synonym,sentence-transformers/all-MiniLM-L6-v2,0.7,1
Echinospartum horridum,Acacia odoratissima,0.2675,not synonym,sentence-transformers/all-MiniLM-L6-v2,0.7,0
Flemingia tuberosa,Moghania tuberosa,0.7369,synonym,sentence-transformers/all-MiniLM-L6-v2,0.7,1
Ononis pusilla,Ononis apula,0.7412,synonym,sentence-transformers/all-MiniLM-L6-v2,0.7,1
Gastrolobium celsianum,Machaerium campylothyrsum,0.4304,not synonym,sentence-transformers/all-MiniLM-L6-v2,0.7,0
Lotus maritimus,Lotus bouteloui,0.6538,not synonym,sentence-transformers/all-MiniLM-L6-v2,0.7,1
Archidendron bubalinum,Berlinia laurentii,0.324,not synonym,sentence-transformers/all-MiniLM-L6-v2,0.7,0
Polygala asperuloides,Lespedeza involucrata,0.3709,not synonym,sentence-transformers/all-MiniLM-L6-v2,0.7,0
Hippocrepis balearica,Hippocrepis fruticosa,0.7011,synonym,sentence-transformers/all-MiniLM-L6-v2,0.7,1
Xanthophyllum vitellinum,Clelia ornata,0.2436,not synonym,sentence-transformers/all-MiniLM-L6-v2,0.7,0
Berlinia giorgii,Flemingia kradungensis,0.3356,not synonym,sentence-transformers/all-MiniLM-L6-v2,0.7,0
Humularia mendoncae,Tetragonolobus gussonei,0.3431,not synonym,sentence-transformers/all-MiniLM-L6-v2,0.7,0
Lotus herbaceus,Monnina latisepala,0.3,not synonym,sentence-transformers/all-MiniLM-L6-v2,0.7,0
Amphicarpaea edgeworthii,Amphicarpaea japonica,0.6328,not synonym,sentence-transformers/all-MiniLM-L6-v2,0.7,1
Archidendron grandiflorum,Caesalpinia drummondii,0.2661,not synonym,sentence-transformers/all-MiniLM-L6-v2,0.7,0
Acacia prainii,Racosperma prainii,0.3825,not synonym,sentence-transformers/all-MiniLM-L6-v2,0.7,1
Securidaca scandens,Securidaca atropurpurea,0.7778,synonym,sentence-transformers/all-MiniLM-L6-v2,0.7,1
Lupinus kunthii,Salomonia aphylla,0.2237,not synonym,sentence-transformers/all-MiniLM-L6-v2,0.7,0
Calliandra foliolosa,Damapana strobilantha,0.3712,not synonym,sentence-transformers/all-MiniLM-L6-v2,0.7,0
Genista anglica,Genista minor,0.7326,synonym,sentence-transformers/all-MiniLM-L6-v2,0.7,1
Flemingia nana,Moghania nana,0.678,not synonym,sentence-transformers/all-MiniLM-L6-v2,0.7,1
Genista stenopetala,Moghania fluminalis,0.2948,not synonym,sentence-transformers/all-MiniLM-L6-v2,0.7,0
Securidaca divaricata,Inga organensis,0.287,not synonym,sentence-transformers/all-MiniLM-L6-v2,0.7,0
Archidendron bigeminum,Crotalaria angustifolia,0.1842,not synonym,sentence-transformers/all-MiniLM-L6-v2,0.7,0
Millettia caudata,Racosperma leichhardtii,0.2697,not synonym,sentence-transformers/all-MiniLM-L6-v2,0.7,0
Comesperma volubile,Salomonia subrotunda,0.2189,not synonym,sentence-transformers/all-MiniLM-L6-v2,0.7,0
Genista quadriflora,Genista moleroi,0.6017,not synonym,sentence-transformers/all-MiniLM-L6-v2,0.7,1
Flemingia gracilis,Maughania gracilis,0.6161,not synonym,sentence-transformers/all-MiniLM-L6-v2,0.7,1
Millettia drastica,Millettia giorgii,0.6845,not synonym,sentence-transformers/all-MiniLM-L6-v2,0.7,1
Dialium guineense,Codarium discolor,0.1474,not synonym,sentence-transformers/all-MiniLM-L6-v2,0.7,1
Acacia provincialis,Acacia longissima,0.7975,synonym,sentence-transformers/all-MiniLM-L6-v2,0.7,1
Cadia commersoniana,Chesneya macranica,0.4924,not synonym,sentence-transformers/all-MiniLM-L6-v2,0.7,0
Acacia manipularis,Racosperma manipulare,0.3593,not synonym,sentence-transformers/all-MiniLM-L6-v2,0.7,1
Archidendron glabrum,Racosperma ayersianum,0.0066,not synonym,sentence-transformers/all-MiniLM-L6-v2,0.7,0
Inga bullata,Monnina trichoptera,0.4747,not synonym,sentence-transformers/all-MiniLM-L6-v2,0.7,0
Polygala garcini,Polygala dodii,0.7504,synonym,sentence-transformers/all-MiniLM-L6-v2,0.7,1
Hebecarpa velutina,Polygala pavonii,0.2723,not synonym,sentence-transformers/all-MiniLM-L6-v2,0.7,1
Gastrolobium melanopetalum,Brachysema melanopetalum,0.6327,not synonym,sentence-transformers/all-MiniLM-L6-v2,0.7,1
Calliandra pedicellata,Feuilleea pedicellata,0.6862,not synonym,sentence-transformers/all-MiniLM-L6-v2,0.7,1
Julbernardia paniculata,Julbernardia baumii,0.6904,not synonym,sentence-transformers/all-MiniLM-L6-v2,0.7,1
Badiera cubensis,Feuilleea capitata,0.4284,not synonym,sentence-transformers/all-MiniLM-L6-v2,0.7,0
Inga vulpina,Calliandra subnervosa,0.3328,not synonym,sentence-transformers/all-MiniLM-L6-v2,0.7,0
Genista linifolia,Indigofera butayei,0.4204,not synonym,sentence-transformers/all-MiniLM-L6-v2,0.7,0
Asterocytisus radidtus,Asterocytisus radidtus,1.0,synonym,sentence-transformers/all-MiniLM-L6-v2,0.7,1
Betencourtia crassifolia,Desmodium willdenowii,0.3638,not synonym,sentence-transformers/all-MiniLM-L6-v2,0.7,0
Machaerium ovalifolium,Machaerium ovalifolium,1.0,synonym,sentence-transformers/all-MiniLM-L6-v2,0.7,1
Gastrolobium ovalifolium,Gastrolobium henfreyi,0.7242,synonym,sentence-transformers/all-MiniLM-L6-v2,0.7,1
Microcharis tritoides,Indigofera tritoides,0.4995,not synonym,sentence-transformers/all-MiniLM-L6-v2,0.7,1
Hoffmannseggia miranda,Indigofera microcharoides,0.0889,not synonym,sentence-transformers/all-MiniLM-L6-v2,0.7,0
Dialium hydnocarpoides,Dialium praetermissum,0.6294,not synonym,sentence-transformers/all-MiniLM-L6-v2,0.7,1
Gastrolobium dilatatum,Dialium evrardii,0.2839,not synonym,sentence-transformers/all-MiniLM-L6-v2,0.7,0
Millettia lecomtei,Calliandra stricta,0.3116,not synonym,sentence-transformers/all-MiniLM-L6-v2,0.7,0
Machaerium myrianthum,Machaerium sieberi,0.5687,not synonym,sentence-transformers/all-MiniLM-L6-v2,0.7,0
Acacia idiomorpha,Acacia idiomorpha,1.0,synonym,sentence-transformers/all-MiniLM-L6-v2,0.7,1
Calliandra viscidula,Feuilleea viscidula,0.6018,not synonym,sentence-transformers/all-MiniLM-L6-v2,0.7,1
Acacia paradoxa,Polygala trinervia,0.3646,not synonym,sentence-transformers/all-MiniLM-L6-v2,0.7,0
Baudouinia fluggeiformis,Pterocarpus cumingii,0.2707,not synonym,sentence-transformers/all-MiniLM-L6-v2,0.7,0
Lotus angustissimus,Smegmaria emarginata,0.3,not synonym,sentence-transformers/all-MiniLM-L6-v2,0.7,0
Inga edwallii,Polygala aestuans,0.3169,not synonym,sentence-transformers/all-MiniLM-L6-v2,0.7,0
Glycine tabacina,Moghania sarmentosa,0.2504,not synonym,sentence-transformers/all-MiniLM-L6-v2,0.7,0
Lotus taitungensis,Lotus pacificus,0.7109,synonym,sentence-transformers/all-MiniLM-L6-v2,0.7,1
Hoffmannseggia glauca,Poinciana hirsuta,0.4049,not synonym,sentence-transformers/all-MiniLM-L6-v2,0.7,1
Monnina cuneata,Phaseoloides nudiflorum,0.2039,not synonym,sentence-transformers/all-MiniLM-L6-v2,0.7,0
Millettia drastica,Millettia rubra,0.6822,not synonym,sentence-transformers/all-MiniLM-L6-v2,0.7,1
Genista monspessulana,Cytiscus monspessulanus,0.4062,not synonym,sentence-transformers/all-MiniLM-L6-v2,0.7,1
Acacia elata,Acacia odoratissima,0.7341,synonym,sentence-transformers/all-MiniLM-L6-v2,0.7,1
Gastrolobium sericeum,Nissolia reticulata,0.41,not synonym,sentence-transformers/all-MiniLM-L6-v2,0.7,0
Lotus borbasii,Lotus degenii,0.7406,synonym,sentence-transformers/all-MiniLM-L6-v2,0.7,1
Adenopodia schlechteri,Piptadenia schlechteri,0.4556,not synonym,sentence-transformers/all-MiniLM-L6-v2,0.7,1
Apios americana,Machaerium capote,0.1376,not synonym,sentence-transformers/all-MiniLM-L6-v2,0.7,0
Acacia cultriformis,Acacia papuliformis,0.8559,synonym,sentence-transformers/all-MiniLM-L6-v2,0.7,1
Muraltia stipulacea,Genista multicaulis,0.3224,not synonym,sentence-transformers/all-MiniLM-L6-v2,0.7,0
Polygala tacianae,Senega tacianae,0.5727,not synonym,sentence-transformers/all-MiniLM-L6-v2,0.7,1
Calliandra angustifolia,Feuilleea subnervosa,0.2613,not synonym,sentence-transformers/all-MiniLM-L6-v2,0.7,1
Polygala subandina,Pithecellobium bigemium,0.4029,not synonym,sentence-transformers/all-MiniLM-L6-v2,0.7,0
Flemingia grahamiana,Maughania rhodocarpa,0.3509,not synonym,sentence-transformers/all-MiniLM-L6-v2,0.7,1
Gastrolobium formosum,Rhinotropis cowellii,0.2683,not synonym,sentence-transformers/all-MiniLM-L6-v2,0.7,0
Muraltia polyphylla,Inga duquei,0.1984,not synonym,sentence-transformers/all-MiniLM-L6-v2,0.7,0
Xanthophyllum vitellinum,Monnina vitellina,0.4494,not synonym,sentence-transformers/all-MiniLM-L6-v2,0.7,1
Nissolia vincentina,Muraltia aspera,0.4108,not synonym,sentence-transformers/all-MiniLM-L6-v2,0.7,0
Flemingia trifoliastrum,Muraltia conjuncta,0.2611,not synonym,sentence-transformers/all-MiniLM-L6-v2,0.7,0
Atroxima afzeliana,Atroxima macrostachya,0.6599,not synonym,sentence-transformers/all-MiniLM-L6-v2,0.7,1
Erythrostemon calycinus,Sarcobotrya strigosa,0.1973,not synonym,sentence-transformers/all-MiniLM-L6-v2,0.7,0
Muraltia divaricata,Heistera divaricata,0.6253,not synonym,sentence-transformers/all-MiniLM-L6-v2,0.7,1
Calophaca sericea,Calophaca sericea,1.0,synonym,sentence-transformers/all-MiniLM-L6-v2,0.7,1
Nissolia vincentina,Chaetocalyx tenuipedicellatus,0.2416,not synonym,sentence-transformers/all-MiniLM-L6-v2,0.7,1
Monnina latifolia,Millettia taiwaniana,0.4308,not synonym,sentence-transformers/all-MiniLM-L6-v2,0.7,0
Lupinus ornatus,Damapana strigosa,0.2675,not synonym,sentence-transformers/all-MiniLM-L6-v2,0.7,0
Genista tenera,Cytisus virgatus,0.1612,not synonym,sentence-transformers/all-MiniLM-L6-v2,0.7,1
Lotus halophilus,Lotus bornmuellerianus,0.6338,not synonym,sentence-transformers/all-MiniLM-L6-v2,0.7,1
Lotus herbaceus,Acanthobotrya angustifolia,0.3909,not synonym,sentence-transformers/all-MiniLM-L6-v2,0.7,0
Carmichaelia exsul,Notospartium exsul,0.5147,not synonym,sentence-transformers/all-MiniLM-L6-v2,0.7,1
Genista sessilifolia,Bonjeanea syriaca,0.2556,not synonym,sentence-transformers/all-MiniLM-L6-v2,0.7,0
Calliandra leptopoda,Feuilleea leptopoda,0.6961,not synonym,sentence-transformers/all-MiniLM-L6-v2,0.7,1
Lotus cytisoides,Archidendron papuanum,0.2264,not synonym,sentence-transformers/all-MiniLM-L6-v2,0.7,0
Echinospartum lusitanicum,Poecilanthe amazonica,0.3229,not synonym,sentence-transformers/all-MiniLM-L6-v2,0.7,0
Microcharis microcharoides,Indigofera microcharoides,0.7053,synonym,sentence-transformers/all-MiniLM-L6-v2,0.7,1
Camptosema pedicellatum,Collaea pedicellatum,0.6038,not synonym,sentence-transformers/all-MiniLM-L6-v2,0.7,1
Polygala japonica,Millettia wrightiana,0.3976,not synonym,sentence-transformers/all-MiniLM-L6-v2,0.7,0
Polygala crucianelloides,Senega grazielae,0.2506,not synonym,sentence-transformers/all-MiniLM-L6-v2,0.7,0
Millettia fruticosa,Dioclea glycinoides,0.2306,not synonym,sentence-transformers/all-MiniLM-L6-v2,0.7,0
Ononis fruticosa,Ononis purpurea,0.7465,synonym,sentence-transformers/all-MiniLM-L6-v2,0.7,1
Carpolobia goetzei,Dimorphandra vernicosa,0.2267,not synonym,sentence-transformers/all-MiniLM-L6-v2,0.7,0
Securidaca diversifolia,Comesperma uncinatum,0.255,not synonym,sentence-transformers/all-MiniLM-L6-v2,0.7,0
Genista linifolia,Spartium amoenum,0.2209,not synonym,sentence-transformers/all-MiniLM-L6-v2,0.7,1
Lotus jacobaeus,Lotus melilotoides,0.6187,not synonym,sentence-transformers/all-MiniLM-L6-v2,0.7,1
Monnina cacumina,Anneslia simulans,0.299,not synonym,sentence-transformers/all-MiniLM-L6-v2,0.7,0
Salomonia cantoniensis,Polygala trinervata,0.3756,not synonym,sentence-transformers/all-MiniLM-L6-v2,0.7,1
Archidendron vaillantii,Albizia vaillantii,0.5346,not synonym,sentence-transformers/all-MiniLM-L6-v2,0.7,1
Genista anatolica,Pithecellobium scutiferum,0.2006,not synonym,sentence-transformers/all-MiniLM-L6-v2,0.7,0
Inga capitata,Polygala heteroptera,0.2805,not synonym,sentence-transformers/all-MiniLM-L6-v2,0.7,0
Julbernardia globiflora,Berlinia eminii,0.3994,not synonym,sentence-transformers/all-MiniLM-L6-v2,0.7,1
Monnina pterocarpa,Moghania helferiana,0.4612,not synonym,sentence-transformers/all-MiniLM-L6-v2,0.7,0
Carmichaelia torulosa,Notospartium torulosum,0.4591,not synonym,sentence-transformers/all-MiniLM-L6-v2,0.7,1
Lotus cytisoides,Polygala echinosperma,0.3572,not synonym,sentence-transformers/all-MiniLM-L6-v2,0.7,0
Hippocrepis monticola,Hippocrepis monticola,1.0,synonym,sentence-transformers/all-MiniLM-L6-v2,0.7,1
Securidaca longepedunculata,Polygala heribaudii,0.4215,not synonym,sentence-transformers/all-MiniLM-L6-v2,0.7,0
Muraltia origanoides,Muraltia reticulata,0.7635,synonym,sentence-transformers/all-MiniLM-L6-v2,0.7,1
Genista michelii,Adenanthera ossea,0.262,not synonym,sentence-transformers/all-MiniLM-L6-v2,0.7,0
Gastrolobium obovatum,Maughania helferiana,0.306,not synonym,sentence-transformers/all-MiniLM-L6-v2,0.7,0
Muraltia aspalatha,Psoralea douglasii,0.3301,not synonym,sentence-transformers/all-MiniLM-L6-v2,0.7,0
Muraltia aspalatha,Genista radiata,0.3559,not synonym,sentence-transformers/all-MiniLM-L6-v2,0.7,0
Xanthophyllum adenotus,Xanthophyllum cordatum,0.813,synonym,sentence-transformers/all-MiniLM-L6-v2,0.7,1
Calliandra sessilis,Lupinus indigoticus,0.2362,not synonym,sentence-transformers/all-MiniLM-L6-v2,0.7,0
Securidaca lophosoma,Elsota lophosoma,0.7344,synonym,sentence-transformers/all-MiniLM-L6-v2,0.7,1
Glycine max,Genista polyanthos,0.0891,not synonym,sentence-transformers/all-MiniLM-L6-v2,0.7,0
Inga flagelliformis,Mimosa flagelliformis,0.7109,synonym,sentence-transformers/all-MiniLM-L6-v2,0.7,1
Ononis variegata,Humularia purpureo-caerulea,0.3223,not synonym,sentence-transformers/all-MiniLM-L6-v2,0.7,0
Lotus hirsutus,Rigiostachys connaroides,0.1821,not synonym,sentence-transformers/all-MiniLM-L6-v2,0.7,0
Calliandra parvifolia,Anneslia myriophylla,0.2733,not synonym,sentence-transformers/all-MiniLM-L6-v2,0.7,1
Asemeia hebeclada,Polygala hebeclada,0.6764,not synonym,sentence-transformers/all-MiniLM-L6-v2,0.7,1
Bossiaea ornata,Polygala bangiana,0.4946,not synonym,sentence-transformers/all-MiniLM-L6-v2,0.7,0
Ononis tridentata,Corniola tenella,0.2785,not synonym,sentence-transformers/all-MiniLM-L6-v2,0.7,0
Bossiaea obcordata,Platylobium obcordatum,0.5052,not synonym,sentence-transformers/all-MiniLM-L6-v2,0.7,1
Lotus jacobaeus,Apios perennis,0.3725,not synonym,sentence-transformers/all-MiniLM-L6-v2,0.7,0
Archidendron grandiflorum,Lupinus tricolor,0.3776,not synonym,sentence-transformers/all-MiniLM-L6-v2,0.7,0
Calliandra selloi,Feuilleea alata,0.24,not synonym,sentence-transformers/all-MiniLM-L6-v2,0.7,0
Flemingia fruticulosa,Gastrolobium bidens,0.3077,not synonym,sentence-transformers/all-MiniLM-L6-v2,0.7,0
Delonix elata,Inga mertensioides,0.3681,not synonym,sentence-transformers/all-MiniLM-L6-v2,0.7,0
Inga stenoptera,Inga splendens,0.5818,not synonym,sentence-transformers/all-MiniLM-L6-v2,0.7,1
Monnina marginata,Monnina trichoptera,0.5621,not synonym,sentence-transformers/all-MiniLM-L6-v2,0.7,1
Archidendron conspicuum,Pithecellobium conspicuum,0.3982,not synonym,sentence-transformers/all-MiniLM-L6-v2,0.7,1
Chorizema cordatum,Chorizema manglesii,0.6906,not synonym,sentence-transformers/all-MiniLM-L6-v2,0.7,1
Hoffmannseggia prostrata,Polygala lindheimeri,0.4109,not synonym,sentence-transformers/all-MiniLM-L6-v2,0.7,0
Muraltia juniperifolia,Polygala juniperifolia,0.7158,synonym,sentence-transformers/all-MiniLM-L6-v2,0.7,1
Genista tribracteolata,Teline tribracteolata,0.6445,not synonym,sentence-transformers/all-MiniLM-L6-v2,0.7,1
Acacia echinula,Telinaria congesta,0.2165,not synonym,sentence-transformers/all-MiniLM-L6-v2,0.7,0
Acacia cultriformis,Acacia glaucophylla,0.7701,synonym,sentence-transformers/all-MiniLM-L6-v2,0.7,1
Inga sellowiana,Glycine brachybotria,0.0753,not synonym,sentence-transformers/all-MiniLM-L6-v2,0.7,0
Inga inicuil,Monnina phillyreoides,0.3029,not synonym,sentence-transformers/all-MiniLM-L6-v2,0.7,0
Inga nuda,Feuilleea nuda,0.5867,not synonym,sentence-transformers/all-MiniLM-L6-v2,0.7,1
Genista germanica,Genista heterocantha,0.6838,not synonym,sentence-transformers/all-MiniLM-L6-v2,0.7,1
Mora excelsa,Polygala graebiana,0.2354,not synonym,sentence-transformers/all-MiniLM-L6-v2,0.7,0
Inga laevigata,Feuilleea maritima,0.4009,not synonym,sentence-transformers/all-MiniLM-L6-v2,0.7,0
Xanthophyllum vitellinum,Xanthophyllum robustum,0.8172,synonym,sentence-transformers/all-MiniLM-L6-v2,0.7,1
Muraltia aspalatha,Muraltia ciliaris,0.6631,not synonym,sentence-transformers/all-MiniLM-L6-v2,0.7,1
Inga cookii,Lotodes testariae,0.147,not synonym,sentence-transformers/all-MiniLM-L6-v2,0.7,0
Hoffmannseggia glauca,Avornela candicans,0.2922,not synonym,sentence-transformers/all-MiniLM-L6-v2,0.7,0
Millettia dura,Phaseoloides sericeum,0.2205,not synonym,sentence-transformers/all-MiniLM-L6-v2,0.7,0
Polygala sinaica,Securidaca scandens,0.3778,not synonym,sentence-transformers/all-MiniLM-L6-v2,0.7,0
Archidendron utile,Abarema utile,0.3701,not synonym,sentence-transformers/all-MiniLM-L6-v2,0.7,1
Monnina cuneata,Pteromonnina retusa,0.5312,not synonym,sentence-transformers/all-MiniLM-L6-v2,0.7,1
Monnina padifolia,Monnina elliptica,0.666,not synonym,sentence-transformers/all-MiniLM-L6-v2,0.7,1
Genista humifusa,Genista humifusa,1.0,synonym,sentence-transformers/all-MiniLM-L6-v2,0.7,1
Acacia pelophila,Racosperma pelophilum,0.1675,not synonym,sentence-transformers/all-MiniLM-L6-v2,0.7,1
Chesneya ferganensis,Calophaca ferganensis,0.6564,not synonym,sentence-transformers/all-MiniLM-L6-v2,0.7,1
Gastrolobium spectabile,Gastrolobium cordatum,0.772,synonym,sentence-transformers/all-MiniLM-L6-v2,0.7,1
Caetangil paraguariensis,Camptosema paraguariense,0.4451,not synonym,sentence-transformers/all-MiniLM-L6-v2,0.7,1
Bredemeyera moritziana,Bredemeyera moritziana,1.0,synonym,sentence-transformers/all-MiniLM-L6-v2,0.7,1
Archidendron novoguineense,Indigofera gillettii,0.3113,not synonym,sentence-transformers/all-MiniLM-L6-v2,0.7,0
Calliandra belizensis,Sclerothamnus microphyllus,0.3328,not synonym,sentence-transformers/all-MiniLM-L6-v2,0.7,0
Angylocalyx pynaertii,Angylocalyx zeucheri,0.6418,not synonym,sentence-transformers/all-MiniLM-L6-v2,0.7,1
Inga xalapensis,Inga endlichii,0.4383,not synonym,sentence-transformers/all-MiniLM-L6-v2,0.7,1
Inga heterophylla,Genista gymnoptera,0.349,not synonym,sentence-transformers/all-MiniLM-L6-v2,0.7,0
Calophaca crassicaulis,Inga suturalis,0.3567,not synonym,sentence-transformers/all-MiniLM-L6-v2,0.7,0
Ononis tridentata,Ononis barrelieri,0.6407,not synonym,sentence-transformers/all-MiniLM-L6-v2,0.7,1
Asemeia grandiflora,Asemeia carnea,0.7667,synonym,sentence-transformers/all-MiniLM-L6-v2,0.7,1
Millettia thonningii,Robinia thonningii,0.6813,not synonym,sentence-transformers/all-MiniLM-L6-v2,0.7,1
Muraltia depressa,Racosperma polyadenium,0.2019,not synonym,sentence-transformers/all-MiniLM-L6-v2,0.7,0
Humularia apiculata,Polygala acerosa,0.4504,not synonym,sentence-transformers/all-MiniLM-L6-v2,0.7,0
Archidendron alternifoliolatum,Hansemannia brevipes,0.1671,not synonym,sentence-transformers/all-MiniLM-L6-v2,0.7,0
Asemeia lindmaniana,Vigna pilosa,0.3264,not synonym,sentence-transformers/all-MiniLM-L6-v2,0.7,0
Archidendron glabrum,Calophaca polystichoides,0.0933,not synonym,sentence-transformers/all-MiniLM-L6-v2,0.7,0
Machaerium nigrum,Caesalpinia velutina,0.2321,not synonym,sentence-transformers/all-MiniLM-L6-v2,0.7,0
Calobota cuspidosa,Abarema bigemina,0.3197,not synonym,sentence-transformers/all-MiniLM-L6-v2,0.7,0
Inga sapindoides,Feuilleea pavoniana,0.3542,not synonym,sentence-transformers/all-MiniLM-L6-v2,0.7,1
Muraltia empetroides,Polygala galmeri,0.3423,not synonym,sentence-transformers/all-MiniLM-L6-v2,0.7,0
Machaerium hirtum,Machaerium jacarandifolium,0.7477,synonym,sentence-transformers/all-MiniLM-L6-v2,0.7,1
Millettia richardiana,Mundulea hysterantha,0.4735,not synonym,sentence-transformers/all-MiniLM-L6-v2,0.7,1
Ononis ramosissima,Ononis mauritanica,0.7796,synonym,sentence-transformers/all-MiniLM-L6-v2,0.7,1
Machaerium lunatum,Mimosa reversa,0.308,not synonym,sentence-transformers/all-MiniLM-L6-v2,0.7,1
Monnina ciliolata,Monnina mexicana,0.6683,not synonym,sentence-transformers/all-MiniLM-L6-v2,0.7,1
Amphicarpaea ferruginea,Glycine cylindriflora,0.4014,not synonym,sentence-transformers/all-MiniLM-L6-v2,0.7,1
Lotus tenellus,Pedrosia leptophylla,0.2675,not synonym,sentence-transformers/all-MiniLM-L6-v2,0.7,1
Muraltia satureioides,Calliandra conoensis,0.3425,not synonym,sentence-transformers/all-MiniLM-L6-v2,0.7,0
Calliandra asplenioides,Derris pseudinvoluta,0.1608,not synonym,sentence-transformers/all-MiniLM-L6-v2,0.7,0
Inga cookii,Inga subvestita,0.6611,not synonym,sentence-transformers/all-MiniLM-L6-v2,0.7,1
Muraltia macroceras,Heistera macroceras,0.6192,not synonym,sentence-transformers/all-MiniLM-L6-v2,0.7,1
Acacia cultriformis,Indigofera contorta,0.3198,not synonym,sentence-transformers/all-MiniLM-L6-v2,0.7,0
Comesperma virgatum,Comesperma longibracteatum,0.6047,not synonym,sentence-transformers/all-MiniLM-L6-v2,0.7,1
Hebecarpa americana,Myroxylon pubescens,0.299,not synonym,sentence-transformers/all-MiniLM-L6-v2,0.7,0
Quillaja brasiliensis,Calliandra speciosa,0.4458,not synonym,sentence-transformers/all-MiniLM-L6-v2,0.7,0
Carmichaelia juncea,Jakkia vitellina,0.4183,not synonym,sentence-transformers/all-MiniLM-L6-v2,0.7,0
Lupinus velutinus,Crotalaria caerulea,0.2782,not synonym,sentence-transformers/all-MiniLM-L6-v2,0.7,1
Inga rubiginosa,Feuilleea rubiginosa,0.6777,not synonym,sentence-transformers/all-MiniLM-L6-v2,0.7,1
Muraltia juniperifolia,Heisteria juniperifolia,0.6929,not synonym,sentence-transformers/all-MiniLM-L6-v2,0.7,1
Hippocrepis ciliata,Hippocrepis annua,0.729,synonym,sentence-transformers/all-MiniLM-L6-v2,0.7,1
Genista ramosissima,Onobrychis sororia,0.3032,not synonym,sentence-transformers/all-MiniLM-L6-v2,0.7,0
Acacia bakeri,Monnina lorentensis,0.2492,not synonym,sentence-transformers/all-MiniLM-L6-v2,0.7,0
Julbernardia globiflora,Heistera pappeana,0.3911,not synonym,sentence-transformers/all-MiniLM-L6-v2,0.7,0
Errazurizia multifoliolata,Lupinus glaziouanus,0.3328,not synonym,sentence-transformers/all-MiniLM-L6-v2,0.7,0
Carmichaelia nana,Carmichaelia orbiculata,0.7087,synonym,sentence-transformers/all-MiniLM-L6-v2,0.7,1
Machaerium macrophyllum,Drepanocarpus macrophyllus,0.3983,not synonym,sentence-transformers/all-MiniLM-L6-v2,0.7,1
Millettia platyphylla,Millettia platyphylla,1.0,synonym,sentence-transformers/all-MiniLM-L6-v2,0.7,1
Genista stenopetala,Mimosa jiringa,0.317,not synonym,sentence-transformers/all-MiniLM-L6-v2,0.7,0
Bossiaea rhombifolia,Bossiaea rhombifolia,1.0,synonym,sentence-transformers/all-MiniLM-L6-v2,0.7,1
Kotschya aeschynomenoides,Maughania sarmentosa,0.2195,not synonym,sentence-transformers/all-MiniLM-L6-v2,0.7,0
Gastrolobium dilatatum,Nemcia dilatata,0.4808,not synonym,sentence-transformers/all-MiniLM-L6-v2,0.7,1
Lotus maritimus,Tetragonolobus maritimus,0.5586,not synonym,sentence-transformers/all-MiniLM-L6-v2,0.7,1
Nissolia tomentosa,Racosperma coriaceum,0.1836,not synonym,sentence-transformers/all-MiniLM-L6-v2,0.7,0
Polygala garcini,Polygala orthostigma,0.685,not synonym,sentence-transformers/all-MiniLM-L6-v2,0.7,1
Calliandra bombycina,Lotus albus,0.2976,not synonym,sentence-transformers/all-MiniLM-L6-v2,0.7,0
Calliandra parvifolia,Calliandra microphylla,0.6511,not synonym,sentence-transformers/all-MiniLM-L6-v2,0.7,1
Lotus germanicus,Dorycnium sericeum,0.322,not synonym,sentence-transformers/all-MiniLM-L6-v2,0.7,1
Discolobium paucijugum,Polygala arenicola,0.2642,not synonym,sentence-transformers/all-MiniLM-L6-v2,0.7,0
Flemingia paniculata,Maughania paniculata,0.6441,not synonym,sentence-transformers/all-MiniLM-L6-v2,0.7,1
Caamembeca oxyphylla,Securidaca coriacea,0.4397,not synonym,sentence-transformers/all-MiniLM-L6-v2,0.7,0
Delonix boiviniana,Poinciana boiviniana,0.6256,not synonym,sentence-transformers/all-MiniLM-L6-v2,0.7,1
Carmichaelia odorata,Carmichaelia odorata,1.0,synonym,sentence-transformers/all-MiniLM-L6-v2,0.7,1
Neoapaloxylon tuberosum,Polygala stricta,0.3059,not synonym,sentence-transformers/all-MiniLM-L6-v2,0.7,0
Gastrolobium celsianum,Pontania celsiana,0.4563,not synonym,sentence-transformers/all-MiniLM-L6-v2,0.7,1
Coulteria platyloba,Drepanocarpus microphyllus,0.339,not synonym,sentence-transformers/all-MiniLM-L6-v2,0.7,0
Myroxylon peruiferum,Macrolobium diphyllum,0.4004,not synonym,sentence-transformers/all-MiniLM-L6-v2,0.7,0
Lotus biflorus,Tetragonolobus bivonaeus,0.3136,not synonym,sentence-transformers/all-MiniLM-L6-v2,0.7,1
Brachypterum scandens,Genista rhodopnoa,0.0351,not synonym,sentence-transformers/all-MiniLM-L6-v2,0.7,0
Calpurnia intrusa,Machaerium arboreum,0.2807,not synonym,sentence-transformers/all-MiniLM-L6-v2,0.7,0
Polygala amboniensis,Genista parviflora,0.2296,not synonym,sentence-transformers/all-MiniLM-L6-v2,0.7,0
Nissolia platycarpa,Glycine tuberosa,0.2347,not synonym,sentence-transformers/all-MiniLM-L6-v2,0.7,0
Gastrolobium sericeum,Muraltia ciliaris,0.2651,not synonym,sentence-transformers/all-MiniLM-L6-v2,0.7,0
Rhinotropis heterorhyncha,Polygala heterorhyncha,0.606,not synonym,sentence-transformers/all-MiniLM-L6-v2,0.7,1
Diphysa thurberi,Sesbania thurberi,0.628,not synonym,sentence-transformers/all-MiniLM-L6-v2,0.7,1
Machaerium robiniifolium,Pterocarpus lunulatus,0.2045,not synonym,sentence-transformers/all-MiniLM-L6-v2,0.7,1
Polygala major,Polygala floribunda,0.6986,not synonym,sentence-transformers/all-MiniLM-L6-v2,0.7,1
Centrolobium paraense,Centrolobium orenocense,0.7009,synonym,sentence-transformers/all-MiniLM-L6-v2,0.7,1
Flemingia parviflora,Maughania racemosa,0.4215,not synonym,sentence-transformers/all-MiniLM-L6-v2,0.7,1
Amburana cearensis,Amburana claudiae,0.6081,not synonym,sentence-transformers/all-MiniLM-L6-v2,0.7,1
Hoffmannseggia humilis,Rhynchosia faginea,0.3425,not synonym,sentence-transformers/all-MiniLM-L6-v2,0.7,0
Inga vulpina,Calophaca hispida,0.4292,not synonym,sentence-transformers/all-MiniLM-L6-v2,0.7,0
Acacia ampliata,Monnina multicomata,0.3492,not synonym,sentence-transformers/all-MiniLM-L6-v2,0.7,0
Acacia bakeri,Racosperma bakeri,0.4213,not synonym,sentence-transformers/all-MiniLM-L6-v2,0.7,1
Camptosema pedicellatum,Bionia pedicellata,0.5703,not synonym,sentence-transformers/all-MiniLM-L6-v2,0.7,1
Archidendron oppositum,Abarema mottleyana,0.1694,not synonym,sentence-transformers/all-MiniLM-L6-v2,0.7,1
Kartalinia acaulis,Albizia jiringa,0.4054,not synonym,sentence-transformers/all-MiniLM-L6-v2,0.7,0
Collaea stenophylla,Polygala distans,0.3962,not synonym,sentence-transformers/all-MiniLM-L6-v2,0.7,0
Ononis mitissima,Anonis scariosa,0.3842,not synonym,sentence-transformers/all-MiniLM-L6-v2,0.7,1
Millettia vankerckhovenii,Millettia vanderystii,0.874,synonym,sentence-transformers/all-MiniLM-L6-v2,0.7,1
Calliandra belizensis,Camoensia maxima,0.2535,not synonym,sentence-transformers/all-MiniLM-L6-v2,0.7,0
Barnhartia floribunda,Diclidanthera breviflora,0.3545,not synonym,sentence-transformers/all-MiniLM-L6-v2,0.7,1
Inga stipulacea,Ammopiptanthus kamelinii,0.2922,not synonym,sentence-transformers/all-MiniLM-L6-v2,0.7,0
Phlebotaenia cowellii,Rhinotropis cowellii,0.6529,not synonym,sentence-transformers/all-MiniLM-L6-v2,0.7,1
Camptosema rubicundum,Ononis rosifolia,0.3517,not synonym,sentence-transformers/all-MiniLM-L6-v2,0.7,0
Millettia sericea,Phaseoloides sericeum,0.4437,not synonym,sentence-transformers/all-MiniLM-L6-v2,0.7,1
Brachypterum philippinense,Derris philippinensis,0.5051,not synonym,sentence-transformers/all-MiniLM-L6-v2,0.7,1
Muraltia spinosa,Mundia capensis,0.3574,not synonym,sentence-transformers/all-MiniLM-L6-v2,0.7,1
Hebecarpa robinsonii,Crotalaria pulchella,0.3656,not synonym,sentence-transformers/all-MiniLM-L6-v2,0.7,0
Brachypterum scandens,Derris scandens,0.4221,not synonym,sentence-transformers/all-MiniLM-L6-v2,0.7,1
Polygala gracilenta,Lissera hispanica,0.4355,not synonym,sentence-transformers/all-MiniLM-L6-v2,0.7,0
Calliandra purpurea,Dorycnium parviflorum,0.4673,not synonym,sentence-transformers/all-MiniLM-L6-v2,0.7,0
Securidaca virgata,Poinciana placida,0.4558,not synonym,sentence-transformers/all-MiniLM-L6-v2,0.7,0
Securidaca calophylla,Securidaca corytholobium,0.6928,not synonym,sentence-transformers/all-MiniLM-L6-v2,0.7,1
Millettia fruticosa,Spongiocarpella nubigena,0.3504,not synonym,sentence-transformers/all-MiniLM-L6-v2,0.7,0
Lotus herbaceus,Lotus eriosolen,0.6886,not synonym,sentence-transformers/all-MiniLM-L6-v2,0.7,0
Acacia burdekensis,Poinciana hirsuta,0.2939,not synonym,sentence-transformers/all-MiniLM-L6-v2,0.7,0
Monnina weddelliana,Monnina nigrescens,0.6953,not synonym,sentence-transformers/all-MiniLM-L6-v2,0.7,1
Polygala serpyllifolia,Polygala prostrata,0.6665,not synonym,sentence-transformers/all-MiniLM-L6-v2,0.7,1
Archidendron pachycarpum,Pithecellobium lateriflorum,0.1622,not synonym,sentence-transformers/all-MiniLM-L6-v2,0.7,0
Xanthophyllum vitellinum,Polygala arvensis,0.4017,not synonym,sentence-transformers/all-MiniLM-L6-v2,0.7,0
Brya ebenus,Pterocarpus glaber,0.0666,not synonym,sentence-transformers/all-MiniLM-L6-v2,0.7,1
Caamembeca salicifolia,Annesleya parvifolia,0.4902,not synonym,sentence-transformers/all-MiniLM-L6-v2,0.7,0
Muraltia spinosa,Monnina celastroides,0.3213,not synonym,sentence-transformers/all-MiniLM-L6-v2,0.7,0
Glycine max,Phaseolus max,0.4323,not synonym,sentence-transformers/all-MiniLM-L6-v2,0.7,1
Monnina pterocarpa,Cadia arabica,0.4259,not synonym,sentence-transformers/all-MiniLM-L6-v2,0.7,0
Badiera oblongata,Monnina insignis,0.4257,not synonym,sentence-transformers/all-MiniLM-L6-v2,0.7,0
Brachypterum cumingii,Pterocarpus cumingii,0.5314,not synonym,sentence-transformers/all-MiniLM-L6-v2,0.7,1
Acacia paradoxa,Calliandra resupina,0.2526,not synonym,sentence-transformers/all-MiniLM-L6-v2,0.7,0
Monnina rusbyi,Comesperma paucifolium,0.1961,not synonym,sentence-transformers/all-MiniLM-L6-v2,0.7,0
Acacia flavipila,Acacia aurea,0.7959,synonym,sentence-transformers/all-MiniLM-L6-v2,0.7,1
Kotschya speciosa,Leptocyamus microphyllus,0.2628,not synonym,sentence-transformers/all-MiniLM-L6-v2,0.7,0
Polygala wettsteinii,Monnina involuta,0.3257,not synonym,sentence-transformers/all-MiniLM-L6-v2,0.7,0
Gastrolobium ilicifolium,Calliandra crugerii,0.2407,not synonym,sentence-transformers/all-MiniLM-L6-v2,0.7,0
Inga laevigata,Trichlisperma paucifolium,0.1561,not synonym,sentence-transformers/all-MiniLM-L6-v2,0.7,0
Acacia peruviana,Inga bubalina,0.3311,not synonym,sentence-transformers/all-MiniLM-L6-v2,0.7,0
Calliandra haematomma,Polygala purpusii,0.2862,not synonym,sentence-transformers/all-MiniLM-L6-v2,0.7,0
Erythrostemon mexicanus,Gastrolobium obovatum,0.2163,not synonym,sentence-transformers/all-MiniLM-L6-v2,0.7,0
Amphicarpaea ferruginea,Pueraria strobilifera,0.4954,not synonym,sentence-transformers/all-MiniLM-L6-v2,0.7,1
Inga vestita,Feuilleea vestita,0.6395,not synonym,sentence-transformers/all-MiniLM-L6-v2,0.7,1
Machaerium amplum,Drepanocarpus cuyabensis,0.0061,not synonym,sentence-transformers/all-MiniLM-L6-v2,0.7,1
Flemingia lineata,Xanthophyllum palembanicum,0.2577,not synonym,sentence-transformers/all-MiniLM-L6-v2,0.7,0
Gastrolobium spathulatum,Heterostemon impar,0.0956,not synonym,sentence-transformers/all-MiniLM-L6-v2,0.7,0
Ononis arvensis,Ononis occidentalis,0.7429,synonym,sentence-transformers/all-MiniLM-L6-v2,0.7,1
Genista hispanica,Cytisus hispanicus,0.4335,not synonym,sentence-transformers/all-MiniLM-L6-v2,0.7,1
Amphicarpaea bracteata,Phaseolus pitcheri,0.2444,not synonym,sentence-transformers/all-MiniLM-L6-v2,0.7,1
Muraltia rubeacea,Polygala pavonii,0.3344,not synonym,sentence-transformers/all-MiniLM-L6-v2,0.7,0
Xanthophyllum flavescens,Banisterodes affine,0.2433,not synonym,sentence-transformers/all-MiniLM-L6-v2,0.7,1
Calliandra tolimensis,Calliandra matisiana,0.5601,not synonym,sentence-transformers/all-MiniLM-L6-v2,0.7,1
Flemingia nilgheriensis,Lepidocoma nilgheriensis,0.5716,not synonym,sentence-transformers/all-MiniLM-L6-v2,0.7,1
Caamembeca oxyphylla,Machaerium setulosum,0.1504,not synonym,sentence-transformers/all-MiniLM-L6-v2,0.7,0
Polygala gayii,Dimorphandra parviflora,0.3363,not synonym,sentence-transformers/all-MiniLM-L6-v2,0.7,0
Machaerium eriocarpum,Machaerium angustifolium,0.5742,not synonym,sentence-transformers/all-MiniLM-L6-v2,0.7,1
Millettia splendens,Phaseoloides splendens,0.5625,not synonym,sentence-transformers/all-MiniLM-L6-v2,0.7,1
Gastrolobium melanopetalum,Chorizema ovatum,0.4388,not synonym,sentence-transformers/all-MiniLM-L6-v2,0.7,0
Xanthophyllum obscurum,Heisteria serpylloides,0.3104,not synonym,sentence-transformers/all-MiniLM-L6-v2,0.7,0
Daniellia klainei,Genista spathulata,0.3522,not synonym,sentence-transformers/all-MiniLM-L6-v2,0.7,0
Calliandra selloi,Acacia selloi,0.5394,not synonym,sentence-transformers/all-MiniLM-L6-v2,0.7,1
Calliandra laxa,Inga salicifoliola,0.3587,not synonym,sentence-transformers/all-MiniLM-L6-v2,0.7,0
Archidendron lucidum,Polygala monticola,0.2718,not synonym,sentence-transformers/all-MiniLM-L6-v2,0.7,0
Genista virgata,Lotus bollei,0.1721,not synonym,sentence-transformers/all-MiniLM-L6-v2,0.7,0
Flemingia trifoliata,Geissaspis bakeriana,0.3926,not synonym,sentence-transformers/all-MiniLM-L6-v2,0.7,0
Ebenus stellata,Ebenus erinacea,0.7663,synonym,sentence-transformers/all-MiniLM-L6-v2,0.7,1
Calobota angustifolia,Lebeckia decutiens,0.2745,not synonym,sentence-transformers/all-MiniLM-L6-v2,0.7,1
Machaerium ruddianum,Cyclopia genistoides,0.1471,not synonym,sentence-transformers/all-MiniLM-L6-v2,0.7,0
Calliandra rigida,Lupinus littoralis,0.2956,not synonym,sentence-transformers/all-MiniLM-L6-v2,0.7,0
Millettia sericea,Phaseolodes pulchrum,0.1966,not synonym,sentence-transformers/all-MiniLM-L6-v2,0.7,0
Flemingia prostrata,Maughania prostrata,0.5986,not synonym,sentence-transformers/all-MiniLM-L6-v2,0.7,1
Brachypterum microphyllum,Derris microphylla,0.5189,not synonym,sentence-transformers/all-MiniLM-L6-v2,0.7,1
Ononis ramosissima,Indigofera welwitschii,0.252,not synonym,sentence-transformers/all-MiniLM-L6-v2,0.7,0
Microcharis cana,Machaerium villosulum,0.1633,not synonym,sentence-transformers/all-MiniLM-L6-v2,0.7,0
Securidaca diversifolia,Securidaca erecta,0.6166,not synonym,sentence-transformers/all-MiniLM-L6-v2,0.7,1
Monnina parviflora,Toluifera pubescens,0.4073,not synonym,sentence-transformers/all-MiniLM-L6-v2,0.7,0
Archidendron pachycarpum,Pithecellobium pachycarpum,0.5393,not synonym,sentence-transformers/all-MiniLM-L6-v2,0.7,1
Monnina xalapensis,Dorycnium diffusum,0.2351,not synonym,sentence-transformers/all-MiniLM-L6-v2,0.7,0
Polygala alpina,Polygala ponsii,0.7685,synonym,sentence-transformers/all-MiniLM-L6-v2,0.7,1
Acacia genistifolia,Piptadenia patens,0.1922,not synonym,sentence-transformers/all-MiniLM-L6-v2,0.7,0
Machaerium isadelphum,Drepanocarpus microphyllus,0.1535,not synonym,sentence-transformers/all-MiniLM-L6-v2,0.7,1
Genista sagittalis,Pterospartum sagittale,0.4787,not synonym,sentence-transformers/all-MiniLM-L6-v2,0.7,1
Monnina wrightii,Cytisus osmariensis,0.3771,not synonym,sentence-transformers/all-MiniLM-L6-v2,0.7,0
Angylocalyx pynaertii,Pithecellobium papuanum,0.3184,not synonym,sentence-transformers/all-MiniLM-L6-v2,0.7,0
Microcharis tisserantii,Carmichaelia hookeri,0.2707,not synonym,sentence-transformers/all-MiniLM-L6-v2,0.7,0
Dicraeopetalum mahafaliense,Genista tejedensis,0.2006,not synonym,sentence-transformers/all-MiniLM-L6-v2,0.7,0
Polygala major,Polygala neglecta,0.6702,not synonym,sentence-transformers/all-MiniLM-L6-v2,0.7,1
Calliandra parvifolia,Nemcia retusa,0.2901,not synonym,sentence-transformers/all-MiniLM-L6-v2,0.7,0
Hesperolaburnum platycarpum,Cytisus platycarpos,0.5323,not synonym,sentence-transformers/all-MiniLM-L6-v2,0.7,1
Hoffmannseggia humilis,Larrea gladiata,0.3408,not synonym,sentence-transformers/all-MiniLM-L6-v2,0.7,1
Gastrolobium plicatum,Nemcia plicata,0.4713,not synonym,sentence-transformers/all-MiniLM-L6-v2,0.7,1
Epirixanthes elongata,Epirixanthes aphylla,0.6796,not synonym,sentence-transformers/all-MiniLM-L6-v2,0.7,1
Lotus jordanii,Dorycnium sericeum,0.3272,not synonym,sentence-transformers/all-MiniLM-L6-v2,0.7,1
Dialium englerianum,Ononis barrelieri,0.1286,not synonym,sentence-transformers/all-MiniLM-L6-v2,0.7,0
Nissolia microptera,Nissolia hirsuta,0.5839,not synonym,sentence-transformers/all-MiniLM-L6-v2,0.7,1
Securidaca coriacea,Pterocarpus glaber,0.274,not synonym,sentence-transformers/all-MiniLM-L6-v2,0.7,0
Camoensia scandens,Giganthemum scandens,0.3809,not synonym,sentence-transformers/all-MiniLM-L6-v2,0.7,1
Machaerium hirtum,Hedysarum bracteatum,0.421,not synonym,sentence-transformers/all-MiniLM-L6-v2,0.7,0
Lotus jordanii,Dorycnium jordanianum,0.4781,not synonym,sentence-transformers/all-MiniLM-L6-v2,0.7,1
Genista monspessulana,Cytisus candicans,0.3259,not synonym,sentence-transformers/all-MiniLM-L6-v2,0.7,1
Lupinus andinus,Polygala vauthieri,0.2378,not synonym,sentence-transformers/all-MiniLM-L6-v2,0.7,0
Lotus jordanii,Lotus sericeus,0.6831,not synonym,sentence-transformers/all-MiniLM-L6-v2,0.7,1
Calliandra rubescens,Polygala hayesii,0.382,not synonym,sentence-transformers/all-MiniLM-L6-v2,0.7,0
Inga vulpina,Inga guilleminiana,0.6039,not synonym,sentence-transformers/all-MiniLM-L6-v2,0.7,1
Chesneya acaulis,Solori involuta,0.3277,not synonym,sentence-transformers/all-MiniLM-L6-v2,0.7,0
Padbruggea dasyphylla,Racosperma manipulare,0.2227,not synonym,sentence-transformers/all-MiniLM-L6-v2,0.7,0
Gastrolobium coriaceum,Oxylobium ovalifolium,0.469,not synonym,sentence-transformers/all-MiniLM-L6-v2,0.7,1
Comesperma lhotzkyanum,Camptosema pentaphyllum,0.3433,not synonym,sentence-transformers/all-MiniLM-L6-v2,0.7,0
Acacia dealbata,Comesperma varians,0.1646,not synonym,sentence-transformers/all-MiniLM-L6-v2,0.7,0
Inga densiflora,Inga monticola,0.6124,not synonym,sentence-transformers/all-MiniLM-L6-v2,0.7,1
Inga laevigata,Inga tenuirama,0.594,not synonym,sentence-transformers/all-MiniLM-L6-v2,0.7,1
Millettia splendens,Chaetocalyx retusus,0.3538,not synonym,sentence-transformers/all-MiniLM-L6-v2,0.7,0
Nissolia chacoensis,Senega abreui,0.2686,not synonym,sentence-transformers/all-MiniLM-L6-v2,0.7,0
Dialium guineense,Genista spinosa,0.1075,not synonym,sentence-transformers/all-MiniLM-L6-v2,0.7,0
Polygala franchetii,Senega franchetii,0.6208,not synonym,sentence-transformers/all-MiniLM-L6-v2,0.7,1
Muraltia spinosa,Lotus lugubris,0.1997,not synonym,sentence-transformers/all-MiniLM-L6-v2,0.7,0
Gastrolobium calycinum,Gastrolobium sagittulatum,0.6877,not synonym,sentence-transformers/all-MiniLM-L6-v2,0.7,1
Lotus parviflorus,Lotus hispidus,0.6538,not synonym,sentence-transformers/all-MiniLM-L6-v2,0.7,1
Eutaxia myrtifolia,Amphicarpaea sarmentosa,0.2131,not synonym,sentence-transformers/all-MiniLM-L6-v2,0.7,0
Chesneya macrantha,Chesneya spinosa,0.7169,synonym,sentence-transformers/all-MiniLM-L6-v2,0.7,1
Polygala wuzhishanensis,Polygala insularis,0.6781,not synonym,sentence-transformers/all-MiniLM-L6-v2,0.7,1
Monnina philippiana,Pteromonnina philippiana,0.6848,not synonym,sentence-transformers/all-MiniLM-L6-v2,0.7,1
Ononis biflora,Lupinus ione-walkerae,0.1951,not synonym,sentence-transformers/all-MiniLM-L6-v2,0.7,0
Polygala mexicana,Andaca arabica,0.495,not synonym,sentence-transformers/all-MiniLM-L6-v2,0.7,0
Calobota psiloloba,Genista cuspidosa,0.1516,not synonym,sentence-transformers/all-MiniLM-L6-v2,0.7,1
Acacia hamiltoniana,Racosperma hamiltonianum,0.3443,not synonym,sentence-transformers/all-MiniLM-L6-v2,0.7,1
Brya ebenus,Aspalathus ebenus,0.4723,not synonym,sentence-transformers/all-MiniLM-L6-v2,0.7,1
Archidendron jiringa,Polygala stipulaceae,0.22,not synonym,sentence-transformers/all-MiniLM-L6-v2,0.7,0
Dialium excelsum,Dialium excelsum,1.0,synonym,sentence-transformers/all-MiniLM-L6-v2,0.7,1
Brachypterum pseudorobustum,Derris pseudorobusta,0.5044,not synonym,sentence-transformers/all-MiniLM-L6-v2,0.7,1
Muraltia dumosa,Ononis vulgaris,0.2697,not synonym,sentence-transformers/all-MiniLM-L6-v2,0.7,0
Hippocrepis comosa,Coronilla depressa,0.2984,not synonym,sentence-transformers/all-MiniLM-L6-v2,0.7,1
Ononis pubescens,Huttonella juncea,0.2797,not synonym,sentence-transformers/all-MiniLM-L6-v2,0.7,0
Ononis alopecuroides,Leucoxyla saponaria,0.193,not synonym,sentence-transformers/all-MiniLM-L6-v2,0.7,0
Gilbertiodendron dewevrei,Macrolobium quadrifolium,0.2837,not synonym,sentence-transformers/all-MiniLM-L6-v2,0.7,1
Inga sapindoides,Salomonia oblongifolia,0.3989,not synonym,sentence-transformers/all-MiniLM-L6-v2,0.7,0
Adenopodia rotundifolia,Millettia siwalika,0.185,not synonym,sentence-transformers/all-MiniLM-L6-v2,0.7,0
Gilbertiodendron limosum,Macrolobium limosum,0.6337,not synonym,sentence-transformers/all-MiniLM-L6-v2,0.7,1
Lupinus andersonii,Carmichaelia paludosa,0.199,not synonym,sentence-transformers/all-MiniLM-L6-v2,0.7,0
Archidendron glabrum,Albizia hausemanii,0.0967,not synonym,sentence-transformers/all-MiniLM-L6-v2,0.7,1
Eleiotis sororia,Onobrychis sororia,0.5839,not synonym,sentence-transformers/all-MiniLM-L6-v2,0.7,1
Glycine tomentella,Leptolobium tomentosum,0.4743,not synonym,sentence-transformers/all-MiniLM-L6-v2,0.7,1
Calobota cytisoides,Nemcia vestita,0.2452,not synonym,sentence-transformers/all-MiniLM-L6-v2,0.7,0
Brachypterum involutum,Feuilleea stenoptera,0.2554,not synonym,sentence-transformers/all-MiniLM-L6-v2,0.7,0
Chesneya depressa,Calophaca depressa,0.6724,not synonym,sentence-transformers/all-MiniLM-L6-v2,0.7,1
Archidendron lovelliae,Neodunnia atrocyanea,0.3629,not synonym,sentence-transformers/all-MiniLM-L6-v2,0.7,0
Collaea speciosa,Collaea paraguariensis,0.6927,not synonym,sentence-transformers/all-MiniLM-L6-v2,0.7,1
Lotus berthelotii,Acacia sieberi,0.3999,not synonym,sentence-transformers/all-MiniLM-L6-v2,0.7,0
Delonix baccal,Poinciana baccal,0.5443,not synonym,sentence-transformers/all-MiniLM-L6-v2,0.7,1
Lotus arenarius,Pedrosia arenaria,0.5069,not synonym,sentence-transformers/all-MiniLM-L6-v2,0.7,1
Dicraeopetalum capuronianum,Lovanafia capuroniana,0.5626,not synonym,sentence-transformers/all-MiniLM-L6-v2,0.7,1
Lotus arenarius,Lotus aurantiacus,0.7522,synonym,sentence-transformers/all-MiniLM-L6-v2,0.7,1
Lotus berthelotii,Gastrolobium pauciflorum,0.2104,not synonym,sentence-transformers/all-MiniLM-L6-v2,0.7,0
Dialium hydnocarpoides,Dialium praetermissum,0.6294,not synonym,sentence-transformers/all-MiniLM-L6-v2,0.7,1
Hebecarpa costaricensis,Polygala guatemalensis,0.3346,not synonym,sentence-transformers/all-MiniLM-L6-v2,0.7,1
Ononis rotundifolia,Anonis rotundifolia,0.6652,not synonym,sentence-transformers/all-MiniLM-L6-v2,0.7,1
Calobota cuspidosa,Spartium cuspidosum,0.4808,not synonym,sentence-transformers/all-MiniLM-L6-v2,0.7,1
Acacia echinula,Feuilleea ceacana,0.2354,not synonym,sentence-transformers/all-MiniLM-L6-v2,0.7,0
Securidaca welwitschii,Elsota welwitschii,0.6925,not synonym,sentence-transformers/all-MiniLM-L6-v2,0.7,1
Polygala rosea,Securidaca volubilis,0.3415,not synonym,sentence-transformers/all-MiniLM-L6-v2,0.7,0
Eysenhardtia polystachya,Eysenhardtia amorphoides,0.688,not synonym,sentence-transformers/all-MiniLM-L6-v2,0.7,1
Xanthophyllum flavescens,Xanthophyllum adenopodum,0.7411,synonym,sentence-transformers/all-MiniLM-L6-v2,0.7,1
Calobota cytisoides,Genista cytisoides,0.5123,not synonym,sentence-transformers/all-MiniLM-L6-v2,0.7,1
Dicraeopetalum stipulare,Acosmium stipulare,0.5248,not synonym,sentence-transformers/all-MiniLM-L6-v2,0.7,1
Eleiotis rottleri,Desmodium rottleri,0.5393,not synonym,sentence-transformers/all-MiniLM-L6-v2,0.7,1
Polygala telephium,Senega telephium,0.5715,not synonym,sentence-transformers/all-MiniLM-L6-v2,0.7,1
Coulteria cubensis,Oxylobium linearis,0.3669,not synonym,sentence-transformers/all-MiniLM-L6-v2,0.7,0
Erythrostemon placidus,Caesalpinia placida,0.4456,not synonym,sentence-transformers/all-MiniLM-L6-v2,0.7,1
Erythrostemon pannosus,Acacia lasiopus,0.2983,not synonym,sentence-transformers/all-MiniLM-L6-v2,0.7,0
Acanthocladus scleroxylon,Monnina vitellina,0.0801,not synonym,sentence-transformers/all-MiniLM-L6-v2,0.7,0
Millettia pulchra,Millettia pulchra,1.0,synonym,sentence-transformers/all-MiniLM-L6-v2,0.7,1
Genista tricuspidata,Sommerfeldtia obovata,0.3451,not synonym,sentence-transformers/all-MiniLM-L6-v2,0.7,0
Ebenus laguroides,Ortholobium balansae,0.4945,not synonym,sentence-transformers/all-MiniLM-L6-v2,0.7,0
Securidaca virgata,Indigofera annua,0.3107,not synonym,sentence-transformers/all-MiniLM-L6-v2,0.7,0
Lotus herbaceus,Dorycnium libanoticum,0.3332,not synonym,sentence-transformers/all-MiniLM-L6-v2,0.7,1
Calliandra surinamensis,Cadia pendula,0.418,not synonym,sentence-transformers/all-MiniLM-L6-v2,0.7,0
Flemingia grahamiana,Maughania hockii,0.3407,not synonym,sentence-transformers/all-MiniLM-L6-v2,0.7,1
Ononis arvensis,Bonaga mitis,0.2201,not synonym,sentence-transformers/all-MiniLM-L6-v2,0.7,1
Genista tridentata,Heistera stipulacea,0.3814,not synonym,sentence-transformers/all-MiniLM-L6-v2,0.7,0
Flemingia semialata,Moghania semialata,0.6408,not synonym,sentence-transformers/all-MiniLM-L6-v2,0.7,1
Angylocalyx pynaertii,Polygala microlopha,0.3627,not synonym,sentence-transformers/all-MiniLM-L6-v2,0.7,0
Flemingia kweichowensis,Flemingia kweichowensis,1.0,synonym,sentence-transformers/all-MiniLM-L6-v2,0.7,1
Calliandra depauperata,Elsota longipedunculata,0.3396,not synonym,sentence-transformers/all-MiniLM-L6-v2,0.7,0
Betencourtia scarlatina,Bredemeyera cuneata,0.4794,not synonym,sentence-transformers/all-MiniLM-L6-v2,0.7,0
Hebecarpa rivinifolia,Salomonia uncinata,0.4548,not synonym,sentence-transformers/all-MiniLM-L6-v2,0.7,0
Bredemeyera lucida,Bredemeyera mansonii,0.5829,not synonym,sentence-transformers/all-MiniLM-L6-v2,0.7,1
Xanthophyllum flavescens,Calliandra suberifera,0.2204,not synonym,sentence-transformers/all-MiniLM-L6-v2,0.7,0
Carmichaelia australis,Bonaga hircina,0.2708,not synonym,sentence-transformers/all-MiniLM-L6-v2,0.7,0
Polygala appressa,Racosperma improcerum,0.1132,not synonym,sentence-transformers/all-MiniLM-L6-v2,0.7,0
Muraltia ericoides,Muraltia poiretii,0.6596,not synonym,sentence-transformers/all-MiniLM-L6-v2,0.7,1
Archidendron kinabaluense,Pithecellobium kinabaluense,0.4274,not synonym,sentence-transformers/all-MiniLM-L6-v2,0.7,1
Dialium bipindense,Dialium eurysepalum,0.6172,not synonym,sentence-transformers/all-MiniLM-L6-v2,0.7,1
Humularia apiculata,Humularia bakeriana,0.7337,synonym,sentence-transformers/all-MiniLM-L6-v2,0.7,1
Polygaloides paucifolia,Maughania teysmanniana,0.2985,not synonym,sentence-transformers/all-MiniLM-L6-v2,0.7,0
Gastrolobium acutum,Callistachys acuta,0.417,not synonym,sentence-transformers/all-MiniLM-L6-v2,0.7,1
Microcharis galpinii,Dolichovigna rhombifolia,0.3,not synonym,sentence-transformers/all-MiniLM-L6-v2,0.7,0
Cadia commersoniana,Catocoma brevifolia,0.3271,not synonym,sentence-transformers/all-MiniLM-L6-v2,0.7,0
Xanthophyllum ellipticum,Dolichos pilosus,0.2876,not synonym,sentence-transformers/all-MiniLM-L6-v2,0.7,0
Monnina bracteata,Ononis zschackei,0.3539,not synonym,sentence-transformers/all-MiniLM-L6-v2,0.7,0
Lotus taitungensis,Mundia albiflora,0.3076,not synonym,sentence-transformers/all-MiniLM-L6-v2,0.7,0
Monnina crassifolia,Polygala mucronata,0.3082,not synonym,sentence-transformers/all-MiniLM-L6-v2,0.7,1
Securidaca divaricata,Securidaca gardneri,0.7897,synonym,sentence-transformers/all-MiniLM-L6-v2,0.7,1
Calliandra hirsuta,Moutabea silvatica,0.4967,not synonym,sentence-transformers/all-MiniLM-L6-v2,0.7,0
Polygala serpyllifolia,Monnina calophylla,0.5025,not synonym,sentence-transformers/all-MiniLM-L6-v2,0.7,0
Genista stenopetala,Polygala americana,0.3236,not synonym,sentence-transformers/all-MiniLM-L6-v2,0.7,0
Epirixanthes cylindrica,Calpurnia aurea,0.2261,not synonym,sentence-transformers/all-MiniLM-L6-v2,0.7,0
Acacia bynoeana,Racosperma bynoeanum,0.3457,not synonym,sentence-transformers/all-MiniLM-L6-v2,0.7,1
Lotus arabicus,Platylobium obcordatum,0.2972,not synonym,sentence-transformers/all-MiniLM-L6-v2,0.7,0
Errazurizia benthamii,Moghania racemosa,0.2988,not synonym,sentence-transformers/all-MiniLM-L6-v2,0.7,0
Polygala mexicana,Polygala quadrangula,0.5624,not synonym,sentence-transformers/all-MiniLM-L6-v2,0.7,1
Humularia chevalieri,Geissaspis chevalieri,0.7308,synonym,sentence-transformers/all-MiniLM-L6-v2,0.7,1
Inga capitata,Mimosa capitata,0.6706,not synonym,sentence-transformers/all-MiniLM-L6-v2,0.7,1
Inga virescens,Feuilleea virescens,0.5655,not synonym,sentence-transformers/all-MiniLM-L6-v2,0.7,1
Errazurizia multifoliolata,Errazurizia glandulifera,0.756,synonym,sentence-transformers/all-MiniLM-L6-v2,0.7,1
Berlinia bracteosa,Xanthophyllum heteropleurum,0.2121,not synonym,sentence-transformers/all-MiniLM-L6-v2,0.7,0
Monnina polystachya,Millettia dehiscens,0.2594,not synonym,sentence-transformers/all-MiniLM-L6-v2,0.7,0
Acacia leptoclada,Pseudoentada rotundifolia,0.4495,not synonym,sentence-transformers/all-MiniLM-L6-v2,0.7,0
Muraltia divaricata,Pultenaea ericoides,0.3446,not synonym,sentence-transformers/all-MiniLM-L6-v2,0.7,0
Archidendron jiringa,Feuilleea jiringa,0.5105,not synonym,sentence-transformers/all-MiniLM-L6-v2,0.7,1
Calliandra asplenioides,Bugranopsis stricta,0.2746,not synonym,sentence-transformers/all-MiniLM-L6-v2,0.7,0
Melliniella micrantha,Meliniella micrantha,0.9303,synonym,sentence-transformers/all-MiniLM-L6-v2,0.7,1
Muraltia spinosa,Polygala spinosa,0.6445,not synonym,sentence-transformers/all-MiniLM-L6-v2,0.7,1
Erythrostemon pannosus,Hippocrepis confusa,0.2822,not synonym,sentence-transformers/all-MiniLM-L6-v2,0.7,0
Millettia weizhii,Dimorphandra polystachya,0.2211,not synonym,sentence-transformers/all-MiniLM-L6-v2,0.7,0
Flemingia fruticulosa,Maughania fruticulosa,0.7241,synonym,sentence-transformers/all-MiniLM-L6-v2,0.7,1
Muraltia squarrosa,Muraltia alopecuroides,0.523,not synonym,sentence-transformers/all-MiniLM-L6-v2,0.7,1
Erythrostemon yucatanensis,Poincianella yucatanensis,0.5875,not synonym,sentence-transformers/all-MiniLM-L6-v2,0.7,1
Polygala serpyllifolia,Phaseolus dolichoides,0.3985,not synonym,sentence-transformers/all-MiniLM-L6-v2,0.7,0
Muraltia spinosa,Mundia glauca,0.4073,not synonym,sentence-transformers/all-MiniLM-L6-v2,0.7,1
Hoffmannseggia prostrata,Caesalpinia prostrata,0.5552,not synonym,sentence-transformers/all-MiniLM-L6-v2,0.7,1
Hebecarpa myrtilloides,Polygala myrtilloides,0.6192,not synonym,sentence-transformers/all-MiniLM-L6-v2,0.7,1
Daniellia klainei,Poincianella standleyi,0.4517,not synonym,sentence-transformers/all-MiniLM-L6-v2,0.7,0
Polygala leucantha,Lotus angustifolius,0.2759,not synonym,sentence-transformers/all-MiniLM-L6-v2,0.7,0
Cyclopia latifolia,Cyclopia cordifolia,0.7917,synonym,sentence-transformers/all-MiniLM-L6-v2,0.7,1
Calliandra angustifolia,Calliandra stricta,0.5718,not synonym,sentence-transformers/all-MiniLM-L6-v2,0.7,1
Calliandra lanata,Calliandra sericea,0.713,synonym,sentence-transformers/all-MiniLM-L6-v2,0.7,1
Carmichaelia australis,Vulneraria sericea,0.3164,not synonym,sentence-transformers/all-MiniLM-L6-v2,0.7,0
Millettia fruticosa,Lupinus lindenianus,0.2293,not synonym,sentence-transformers/all-MiniLM-L6-v2,0.7,0
Asemeia lindmaniana,Lonchocarpus castaneifolius,0.3778,not synonym,sentence-transformers/all-MiniLM-L6-v2,0.7,0
Inga laurina,Mimosa laurina,0.6944,not synonym,sentence-transformers/all-MiniLM-L6-v2,0.7,1
Muraltia macrocarpa,Heistera macrocarpa,0.6323,not synonym,sentence-transformers/all-MiniLM-L6-v2,0.7,1
Millettia vatkei,Passaea ornithopodioides,0.171,not synonym,sentence-transformers/all-MiniLM-L6-v2,0.7,0
Flemingia cumingiana,Nemcia leakeana,0.3994,not synonym,sentence-transformers/all-MiniLM-L6-v2,0.7,0
Gastrolobium coriaceum,Vigna lucens,0.1325,not synonym,sentence-transformers/all-MiniLM-L6-v2,0.7,0
Asemeia ignatii,Polygala ignatii,0.5906,not synonym,sentence-transformers/all-MiniLM-L6-v2,0.7,1
Acacia flexifolia,Acacia flexifolia,1.0,synonym,sentence-transformers/all-MiniLM-L6-v2,0.7,1
Xanthophyllum obscurum,Banisteroides insigne,0.3812,not synonym,sentence-transformers/all-MiniLM-L6-v2,0.7,1
Nissolia vincentina,Banisterodes excelsum,0.175,not synonym,sentence-transformers/all-MiniLM-L6-v2,0.7,0
Gonocytisus angulatus,Racosperma pachyphyllum,0.3376,not synonym,sentence-transformers/all-MiniLM-L6-v2,0.7,0
Camptosema rubicundum,Dialium turbinatum,0.2751,not synonym,sentence-transformers/all-MiniLM-L6-v2,0.7,0
Kotschya strigosa,Oxylobium carinatum,0.2526,not synonym,sentence-transformers/all-MiniLM-L6-v2,0.7,0
Gastrolobium celsianum,Brachysema platypterum,0.3678,not synonym,sentence-transformers/all-MiniLM-L6-v2,0.7,1
Polygala appressa,Polygala subspicata,0.6407,not synonym,sentence-transformers/all-MiniLM-L6-v2,0.7,1
Carpolobia lutea,Carpolobia caudata,0.67,not synonym,sentence-transformers/all-MiniLM-L6-v2,0.7,1
Ononis spinosa,Bonaga spinosa,0.6311,not synonym,sentence-transformers/all-MiniLM-L6-v2,0.7,1
Lotus tetragonolobus,Tetragonolobus palaestinus,0.5783,not synonym,sentence-transformers/all-MiniLM-L6-v2,0.7,1
Comesperma calymega,Comesperma isocalyx,0.6175,not synonym,sentence-transformers/all-MiniLM-L6-v2,0.7,1
Flemingia grahamiana,Flemingia rhodocarpa,0.6554,not synonym,sentence-transformers/all-MiniLM-L6-v2,0.7,1
Polygala leucantha,Chronanthos pulchellus,0.2596,not synonym,sentence-transformers/all-MiniLM-L6-v2,0.7,0
Nissolia platycarpa,Acacia laxa,0.2359,not synonym,sentence-transformers/all-MiniLM-L6-v2,0.7,0
Archidendron gogolense,Hansemannia gogolensis,0.4044,not synonym,sentence-transformers/all-MiniLM-L6-v2,0.7,1
Acanthocladus tehuelchum,Hualania microphylla,0.3693,not synonym,sentence-transformers/all-MiniLM-L6-v2,0.7,0
Acacia chrysocephala,Racosperma chrysocephalum,0.383,not synonym,sentence-transformers/all-MiniLM-L6-v2,0.7,1
Genista germanica,Scorpius spinosus,0.1189,not synonym,sentence-transformers/all-MiniLM-L6-v2,0.7,1
Muraltia crassifolia,Lebeckia halenbergensis,0.3424,not synonym,sentence-transformers/all-MiniLM-L6-v2,0.7,0
Polygala equisetoides,Dorycnium dorycnium,0.0814,not synonym,sentence-transformers/all-MiniLM-L6-v2,0.7,0
Flemingia chappar,Maughania chappar,0.653,not synonym,sentence-transformers/all-MiniLM-L6-v2,0.7,1
Gilbertiodendron splendidum,Macrolobium splendidum,0.6219,not synonym,sentence-transformers/all-MiniLM-L6-v2,0.7,1
Machaerium villosum,Polygala remansoensis,0.2219,not synonym,sentence-transformers/all-MiniLM-L6-v2,0.7,0
Muraltia obovata,Anonis viscosa,0.2959,not synonym,sentence-transformers/all-MiniLM-L6-v2,0.7,0
Chesneya isfarensis,Spiroloba fastuosa,0.2793,not synonym,sentence-transformers/all-MiniLM-L6-v2,0.7,0
Acacia provincialis,Acacia fragrans,0.7742,synonym,sentence-transformers/all-MiniLM-L6-v2,0.7,1
Millettia vatkei,Feuilleea ferrugineohirta,0.2514,not synonym,sentence-transformers/all-MiniLM-L6-v2,0.7,0
Comesperma virgatum,Comesperma corniculatum,0.6229,not synonym,sentence-transformers/all-MiniLM-L6-v2,0.7,1
Acacia paradoxa,Acacia tristis,0.735,synonym,sentence-transformers/all-MiniLM-L6-v2,0.7,1
Gastrolobium minus,Pueraria stracheyi,0.22,not synonym,sentence-transformers/all-MiniLM-L6-v2,0.7,0
Ononis arvensis,Ononis spinosohircina,0.6873,not synonym,sentence-transformers/all-MiniLM-L6-v2,0.7,1
Inga xalapensis,Inga sciadodendron,0.2939,not synonym,sentence-transformers/all-MiniLM-L6-v2,0.7,1
Millettia splendens,Daniellia klainei,0.2959,not synonym,sentence-transformers/all-MiniLM-L6-v2,0.7,0
Eysenhardtia adenostylis,Wiborgia adenostylis,0.5618,not synonym,sentence-transformers/all-MiniLM-L6-v2,0.7,1
Archidendron sessile,Ononis barbata,0.1967,not synonym,sentence-transformers/all-MiniLM-L6-v2,0.7,0
Hebecarpa costaricensis,Mimosa mollissima,0.2426,not synonym,sentence-transformers/all-MiniLM-L6-v2,0.7,0
Cyclopia galioides,Inga hedgerae,0.1706,not synonym,sentence-transformers/all-MiniLM-L6-v2,0.7,0
Genista cupanii,Spartium cupanii,0.5166,not synonym,sentence-transformers/all-MiniLM-L6-v2,0.7,1
Gastrolobium pyramidale,Hoffmannseggia pueblana,0.3794,not synonym,sentence-transformers/all-MiniLM-L6-v2,0.7,0
Genista ferox,Cytisus ferox,0.537,not synonym,sentence-transformers/all-MiniLM-L6-v2,0.7,1
Gastrolobium linearifolium,Thylacanthus ferrugineus,0.3194,not synonym,sentence-transformers/all-MiniLM-L6-v2,0.7,0
Lotus aegaeus,Cytiscus racemosus,0.1904,not synonym,sentence-transformers/all-MiniLM-L6-v2,0.7,0
Glycine tabacina,Leptolobium tabacinum,0.5354,not synonym,sentence-transformers/all-MiniLM-L6-v2,0.7,1
Berlinia tomentella,Desmodium diffusum,0.2666,not synonym,sentence-transformers/all-MiniLM-L6-v2,0.7,0
Lotus conimbricensis,Lotus aristatus,0.6366,not synonym,sentence-transformers/all-MiniLM-L6-v2,0.7,1
Chesneya macrantha,Phaseolus schlechteri,0.2844,not synonym,sentence-transformers/all-MiniLM-L6-v2,0.7,0
Archidendron globosum,Albizia rostrata,0.2439,not synonym,sentence-transformers/all-MiniLM-L6-v2,0.7,1
Acacia provincialis,Acacia floribunda,0.8147,synonym,sentence-transformers/all-MiniLM-L6-v2,0.7,1
Genista hispanica,Lissera hispanica,0.6977,not synonym,sentence-transformers/all-MiniLM-L6-v2,0.7,1
Lotus fulgurans,Dorycnium fulgurans,0.5761,not synonym,sentence-transformers/all-MiniLM-L6-v2,0.7,1
Muraltia alopecuroides,Heisteria candollei,0.2511,not synonym,sentence-transformers/all-MiniLM-L6-v2,0.7,1
Millettia drastica,Corniola pontica,0.4548,not synonym,sentence-transformers/all-MiniLM-L6-v2,0.7,0
Monnina herbacea,Inga biolleyana,0.5705,not synonym,sentence-transformers/all-MiniLM-L6-v2,0.7,0
Flemingia wightiana,Flemingia ferruginea,0.7259,synonym,sentence-transformers/all-MiniLM-L6-v2,0.7,1
Betencourtia crassifolia,Bredemeyera huberiana,0.3602,not synonym,sentence-transformers/all-MiniLM-L6-v2,0.7,0
Genista canariensis,Cytisus rhodopnoa,0.2561,not synonym,sentence-transformers/all-MiniLM-L6-v2,0.7,1
Hebecarpa robinsonii,Polygala robinsonii,0.6332,not synonym,sentence-transformers/all-MiniLM-L6-v2,0.7,1
Genista canariensis,Listera hispanica,0.3831,not synonym,sentence-transformers/all-MiniLM-L6-v2,0.7,0
Lotus quinatus,Securidaca affinis,0.2492,not synonym,sentence-transformers/all-MiniLM-L6-v2,0.7,0
Hoffmannseggia microphylla,Larrea microphylla,0.7024,synonym,sentence-transformers/all-MiniLM-L6-v2,0.7,1
Millettia glaucescens,Millettia prainii,0.7321,synonym,sentence-transformers/all-MiniLM-L6-v2,0.7,1
Flemingia macrophylla,Genista macrobotrys,0.3859,not synonym,sentence-transformers/all-MiniLM-L6-v2,0.7,0
Genista clavata,Albizia bigemina,0.3746,not synonym,sentence-transformers/all-MiniLM-L6-v2,0.7,0
Calliandra asplenioides,Humularia bakerana,0.2448,not synonym,sentence-transformers/all-MiniLM-L6-v2,0.7,0
Salomonia ciliata,Chorizema aciculare,0.2568,not synonym,sentence-transformers/all-MiniLM-L6-v2,0.7,0
Gilbertiodendron ivorense,Millettia urophylla,0.3258,not synonym,sentence-transformers/all-MiniLM-L6-v2,0.7,0
Rhinotropis parryi,Polygala magna,0.2994,not synonym,sentence-transformers/all-MiniLM-L6-v2,0.7,0
Xanthophyllum wrayi,Genista rumelica,0.1584,not synonym,sentence-transformers/all-MiniLM-L6-v2,0.7,0
Gastrolobium pulchellum,Nemcia pulchella,0.5978,not synonym,sentence-transformers/all-MiniLM-L6-v2,0.7,1
Bossiaea obcordata,Caiandra biflora,0.3155,not synonym,sentence-transformers/all-MiniLM-L6-v2,0.7,0
Lotus biflorus,Lotus bivonaeus,0.766,synonym,sentence-transformers/all-MiniLM-L6-v2,0.7,1
Archidendron glabrum,Poincianella mexicana,0.0653,not synonym,sentence-transformers/all-MiniLM-L6-v2,0.7,0
Archidendron grandiflorum,Xanthophyllum lanceolatum,0.3917,not synonym,sentence-transformers/all-MiniLM-L6-v2,0.7,0
Muraltia dumosa,Xanthophyllum macintyrii,0.3403,not synonym,sentence-transformers/all-MiniLM-L6-v2,0.7,0
Brachypterum scandens,Ononis gibraltarica,0.1327,not synonym,sentence-transformers/all-MiniLM-L6-v2,0.7,0
Nissolia vincentina,Polygala laureola,0.3742,not synonym,sentence-transformers/all-MiniLM-L6-v2,0.7,0
Flemingia grahamiana,Genista lugdunensis,0.3317,not synonym,sentence-transformers/all-MiniLM-L6-v2,0.7,0
Polygala serpyllifolia,Polygala diffusa,0.6679,not synonym,sentence-transformers/all-MiniLM-L6-v2,0.7,1
Calliandra tweediei,Smithia uniflora,0.2676,not synonym,sentence-transformers/all-MiniLM-L6-v2,0.7,0
Flemingia strobilifera,Moghania strobilifera,0.7258,synonym,sentence-transformers/all-MiniLM-L6-v2,0.7,1
Hippocrepis emerus,Aprevalia perrieri,0.3277,not synonym,sentence-transformers/all-MiniLM-L6-v2,0.7,0
Monnina mathusiana,Monnina scandens,0.539,not synonym,sentence-transformers/all-MiniLM-L6-v2,0.7,1
Archidendron bigeminum,Pithecellobium bigemium,0.3882,not synonym,sentence-transformers/all-MiniLM-L6-v2,0.7,1
Genista sessilifolia,Argyrolobium sessilifolium,0.4349,not synonym,sentence-transformers/all-MiniLM-L6-v2,0.7,1
Dialium bipindense,Dolichovigna formosana,0.1199,not synonym,sentence-transformers/all-MiniLM-L6-v2,0.7,0
Archidendron balansae,Pongamia caudata,0.193,not synonym,sentence-transformers/all-MiniLM-L6-v2,0.7,0
Acacia elata,Acacia elata,1.0,synonym,sentence-transformers/all-MiniLM-L6-v2,0.7,1
Camptosema rubicundum,Camptosema bellatulum,0.7031,synonym,sentence-transformers/all-MiniLM-L6-v2,0.7,1
Collaea stenophylla,Anneslia tweediei,0.2306,not synonym,sentence-transformers/all-MiniLM-L6-v2,0.7,0
Diphysa thurberi,Tetragonolobus scandalida,0.3532,not synonym,sentence-transformers/all-MiniLM-L6-v2,0.7,0
Badiera virgata,Muraltia kraussiana,0.3305,not synonym,sentence-transformers/all-MiniLM-L6-v2,0.7,0
Genista microphylla,Cytisus microphyllus,0.494,not synonym,sentence-transformers/all-MiniLM-L6-v2,0.7,1
Inga pezizifera,Chaetocalyx klugii,0.2873,not synonym,sentence-transformers/all-MiniLM-L6-v2,0.7,0
Flemingia trifoliata,Elsota schlechtendaliana,0.4107,not synonym,sentence-transformers/all-MiniLM-L6-v2,0.7,0
Archidendron jiringa,Albizia jiringa,0.4694,not synonym,sentence-transformers/all-MiniLM-L6-v2,0.7,1
Chesneya ferganensis,Ononis leptocarpa,0.2091,not synonym,sentence-transformers/all-MiniLM-L6-v2,0.7,0
Inga samanensis,Dialium laurentii,0.1595,not synonym,sentence-transformers/all-MiniLM-L6-v2,0.7,0
Myroxylon balsamum,Machaerium eriostemum,0.2867,not synonym,sentence-transformers/all-MiniLM-L6-v2,0.7,0
Hippocrepis comosa,Wiborgia obcordata,0.3504,not synonym,sentence-transformers/all-MiniLM-L6-v2,0.7,0
Rhamphopetalum microphyllum,Banisterodes rufum,0.3211,not synonym,sentence-transformers/all-MiniLM-L6-v2,0.7,0
Comesperma defoliatum,Galactia coriacea,0.385,not synonym,sentence-transformers/all-MiniLM-L6-v2,0.7,0
Lotus angustissimus,Banisteroides insigne,0.2839,not synonym,sentence-transformers/all-MiniLM-L6-v2,0.7,0
Genista linifolia,Inga archeri,0.2136,not synonym,sentence-transformers/all-MiniLM-L6-v2,0.7,0
Calliandra seleri,Anneslia seleri,0.6559,not synonym,sentence-transformers/all-MiniLM-L6-v2,0.7,1
Calliandra falcata,Archidendron sogorense,0.2316,not synonym,sentence-transformers/all-MiniLM-L6-v2,0.7,0
Millettia fruticosa,Genista bracteolata,0.3435,not synonym,sentence-transformers/all-MiniLM-L6-v2,0.7,0
Lotus subbiflorus,Lotus pilosissimus,0.6758,not synonym,sentence-transformers/all-MiniLM-L6-v2,0.7,1
Calliandra tergemina,Calliandra caripensis,0.5109,not synonym,sentence-transformers/all-MiniLM-L6-v2,0.7,1
Ohashia yunnanensis,Derris yunnanensis,0.6113,not synonym,sentence-transformers/all-MiniLM-L6-v2,0.7,1
Lotus lancerottensis,Genista triangularis,0.2646,not synonym,sentence-transformers/all-MiniLM-L6-v2,0.7,0
Acanthocladus dichromus,Carmispartium hutchinsii,0.3323,not synonym,sentence-transformers/all-MiniLM-L6-v2,0.7,0
Errazurizia multifoliolata,Platylobium lanceolatum,0.3211,not synonym,sentence-transformers/all-MiniLM-L6-v2,0.7,0
Bredemeyera acuninata,Bredemeyera acuninata,1.0,synonym,sentence-transformers/all-MiniLM-L6-v2,0.7,1
Inga pilosula,Inga quassiaefolia,0.5884,not synonym,sentence-transformers/all-MiniLM-L6-v2,0.7,1
Chesneya nubigena,Securidaca declinata,0.4324,not synonym,sentence-transformers/all-MiniLM-L6-v2,0.7,0
Caamembeca gigantea,Monopetalanthus trapnellii,0.2338,not synonym,sentence-transformers/all-MiniLM-L6-v2,0.7,0
Xanthophyllum flavescens,Banisteroides affine,0.3956,not synonym,sentence-transformers/all-MiniLM-L6-v2,0.7,1
Lotus argyrodes,Lotus azoricus,0.6669,not synonym,sentence-transformers/all-MiniLM-L6-v2,0.7,1
Xanthophyllum flavescens,Xanthophyllum obliquum,0.7877,synonym,sentence-transformers/all-MiniLM-L6-v2,0.7,1
Lotus ornithopodioides,Feuilleea texana,0.1394,not synonym,sentence-transformers/all-MiniLM-L6-v2,0.7,0
Polygaloides paucifolia,Polygala reducta,0.5723,not synonym,sentence-transformers/all-MiniLM-L6-v2,0.7,0
Archidendron robinsonii,Maughania stricta,0.2527,not synonym,sentence-transformers/all-MiniLM-L6-v2,0.7,0
Bossiaea dentata,Scottia dentata,0.624,not synonym,sentence-transformers/all-MiniLM-L6-v2,0.7,1
Calliandra parvifolia,Polygala mucronata,0.3899,not synonym,sentence-transformers/all-MiniLM-L6-v2,0.7,0
Flemingia procumbens,Lissera anglica,0.234,not synonym,sentence-transformers/all-MiniLM-L6-v2,0.7,0
Polygala japonica,Polygala luzoniensis,0.6884,not synonym,sentence-transformers/all-MiniLM-L6-v2,0.7,1
Genista radiata,Racosperma binervatum,0.2671,not synonym,sentence-transformers/all-MiniLM-L6-v2,0.7,0
Acacia glaucoptera,Acacia bossiaeoides,0.7575,synonym,sentence-transformers/all-MiniLM-L6-v2,0.7,1
Xanthophyllum vitellinum,Jackia longifolia,0.3732,not synonym,sentence-transformers/all-MiniLM-L6-v2,0.7,1
Inga sapindoides,Bradypterum microphyllum,0.1157,not synonym,sentence-transformers/all-MiniLM-L6-v2,0.7,0
Archidendron chevalieri,Cyclopia subternata,0.2104,not synonym,sentence-transformers/all-MiniLM-L6-v2,0.7,0
Muraltia cliffortiifolia,Acacia flexifolia,0.4383,not synonym,sentence-transformers/all-MiniLM-L6-v2,0.7,0
Erythrostemon pannosus,Poincianella pannosa,0.5566,not synonym,sentence-transformers/all-MiniLM-L6-v2,0.7,1
Brachypterum robustum,Damapana aeschynomenoides,0.3171,not synonym,sentence-transformers/all-MiniLM-L6-v2,0.7,0
Archidendron bubalinum,Albizia bubalina,0.4143,not synonym,sentence-transformers/all-MiniLM-L6-v2,0.7,1
Brachypterum scandens,Phaseolodes zollingerianum,0.1106,not synonym,sentence-transformers/all-MiniLM-L6-v2,0.7,0
Machaerium reticulatum,Feuilleea comosa,0.1485,not synonym,sentence-transformers/all-MiniLM-L6-v2,0.7,0
Acanthocladus dichromus,Polygala bennettii,0.3101,not synonym,sentence-transformers/all-MiniLM-L6-v2,0.7,1
Lotus cytisoides,Lotus digii,0.6676,not synonym,sentence-transformers/all-MiniLM-L6-v2,0.7,1
Archidendron lucidum,Abarema dalatensis,0.1436,not synonym,sentence-transformers/all-MiniLM-L6-v2,0.7,0
Hoffmannseggia erecta,Hoffmannseggia nana,0.6894,not synonym,sentence-transformers/all-MiniLM-L6-v2,0.7,1
Polygala salviniana,Polygala oxysepala,0.6824,not synonym,sentence-transformers/all-MiniLM-L6-v2,0.7,1
Diphysa americana,Nemcia hookeri,0.2428,not synonym,sentence-transformers/all-MiniLM-L6-v2,0.7,0
Calophaca soongorica,Orucaria lunata,0.4257,not synonym,sentence-transformers/all-MiniLM-L6-v2,0.7,0
Microcharis annua,Dorycnium stenocladum,0.1762,not synonym,sentence-transformers/all-MiniLM-L6-v2,0.7,0
Cyclopia bowieana,Cyclopia ashtonii,0.743,synonym,sentence-transformers/all-MiniLM-L6-v2,0.7,1
Gymnospora blanchetii,Monnina nigrescens,0.5161,not synonym,sentence-transformers/all-MiniLM-L6-v2,0.7,0
Chesneya nubigena,Cytisus sericeus,0.3028,not synonym,sentence-transformers/all-MiniLM-L6-v2,0.7,0
Ononis rosea,Ononis spicata,0.7187,synonym,sentence-transformers/all-MiniLM-L6-v2,0.7,1
Muraltia empetroides,Muraltia conjuncta,0.5804,not synonym,sentence-transformers/all-MiniLM-L6-v2,0.7,1
Polygala brevialata,Pithecellobium tenuiracemosum,0.3596,not synonym,sentence-transformers/all-MiniLM-L6-v2,0.7,0
Inga sellowiana,Hoita villosa,0.4281,not synonym,sentence-transformers/all-MiniLM-L6-v2,0.7,0
Myroxylon balsamum,Inga rondonii,0.2639,not synonym,sentence-transformers/all-MiniLM-L6-v2,0.7,0
Genista pulchella,Xanthophyllum papuanum,0.163,not synonym,sentence-transformers/all-MiniLM-L6-v2,0.7,0
Acacia ampliata,Asterocytisus radiatus,0.2163,not synonym,sentence-transformers/all-MiniLM-L6-v2,0.7,0
Millettia macrophylla,Hippocrepis annua,0.3128,not synonym,sentence-transformers/all-MiniLM-L6-v2,0.7,0
Berlinia grandiflora,Polygala spruceana,0.3798,not synonym,sentence-transformers/all-MiniLM-L6-v2,0.7,0
Archidendron robinsonii,Abarema robinsonii,0.5968,not synonym,sentence-transformers/all-MiniLM-L6-v2,0.7,1
Calobota sericea,Lebeckia flexuosa,0.4774,not synonym,sentence-transformers/all-MiniLM-L6-v2,0.7,1
Inga sapindoides,Feuilleea glomeriflora,0.3452,not synonym,sentence-transformers/all-MiniLM-L6-v2,0.7,0
Gilbertiodendron zenkeri,Ononis procurrens,0.3177,not synonym,sentence-transformers/all-MiniLM-L6-v2,0.7,0
Hoffmannseggia glandulosa,Securidaca gardneri,0.3536,not synonym,sentence-transformers/all-MiniLM-L6-v2,0.7,0
Machaerium dubium,Drepanocarpus dubius,0.3836,not synonym,sentence-transformers/all-MiniLM-L6-v2,0.7,1
Genista sagittalis,Ononis spinulosa,0.1822,not synonym,sentence-transformers/all-MiniLM-L6-v2,0.7,0
Polygala subandina,Polygala andicola,0.8218,synonym,sentence-transformers/all-MiniLM-L6-v2,0.7,1
Acacia aureocrinita,Racosperma aureocrinitum,0.4148,not synonym,sentence-transformers/all-MiniLM-L6-v2,0.7,1
Millettia dubia,Millettia solheidii,0.6669,not synonym,sentence-transformers/all-MiniLM-L6-v2,0.7,1
Lotus jordanii,Bonjeanea cinerascens,0.3484,not synonym,sentence-transformers/all-MiniLM-L6-v2,0.7,1
Calliandra pauciflora,Mimosa koeringa,0.3131,not synonym,sentence-transformers/all-MiniLM-L6-v2,0.7,0
Cadia purpurea,Cadia pendula,0.7748,synonym,sentence-transformers/all-MiniLM-L6-v2,0.7,1
Lotus dorycnium,Dorycnium frutescens,0.6733,not synonym,sentence-transformers/all-MiniLM-L6-v2,0.7,1
Lupinus fulcratus,Lupinus fraxinetorum,0.7841,synonym,sentence-transformers/all-MiniLM-L6-v2,0.7,1
Ononis diffusa,Feuilleea mutata,0.3783,not synonym,sentence-transformers/all-MiniLM-L6-v2,0.7,0
Inga ornata,Feuilleea fagifolia,0.2069,not synonym,sentence-transformers/all-MiniLM-L6-v2,0.7,0
Julbernardia paniculata,Thylacanthus ferrugineus,0.2736,not synonym,sentence-transformers/all-MiniLM-L6-v2,0.7,1
Lotus angustissimus,Bossiaea endlicheri,0.271,not synonym,sentence-transformers/all-MiniLM-L6-v2,0.7,0
Caamembeca grandifolia,Polygala grandifolia,0.6652,not synonym,sentence-transformers/all-MiniLM-L6-v2,0.7,1
Julbernardia seretii,Abarema lovelliae,0.3968,not synonym,sentence-transformers/all-MiniLM-L6-v2,0.7,0
Millettia sericea,Acacia ornithophora,0.2678,not synonym,sentence-transformers/all-MiniLM-L6-v2,0.7,0
Acacia havilandiorum,Acosmium stipulare,0.269,not synonym,sentence-transformers/all-MiniLM-L6-v2,0.7,0
Inga capitata,Xanthophyllum puberulum,0.1456,not synonym,sentence-transformers/all-MiniLM-L6-v2,0.7,0
Inga ciliata,Feuilleea xalapensis,0.2529,not synonym,sentence-transformers/all-MiniLM-L6-v2,0.7,0
Ebenus barbigera,Ebenidium pogonotropis,0.3871,not synonym,sentence-transformers/all-MiniLM-L6-v2,0.7,1
Calliandra californica,Heisteria conferta,0.4006,not synonym,sentence-transformers/all-MiniLM-L6-v2,0.7,0
Machaerium kegelii,Machaerium bracteatum,0.6347,not synonym,sentence-transformers/all-MiniLM-L6-v2,0.7,1
Calliandra peninsularis,Genista angulata,0.4135,not synonym,sentence-transformers/all-MiniLM-L6-v2,0.7,0
Dolichopsis monticola,Rhadinocarpus multiflorus,0.2877,not synonym,sentence-transformers/all-MiniLM-L6-v2,0.7,0
Monnina bracteata,Bugranopsis euphrasiifolia,0.3358,not synonym,sentence-transformers/all-MiniLM-L6-v2,0.7,0
Flemingia macrophylla,Poinciana californica,0.2787,not synonym,sentence-transformers/all-MiniLM-L6-v2,0.7,0
Decorsea galpinii,Dolichos galpinii,0.6021,not synonym,sentence-transformers/all-MiniLM-L6-v2,0.7,1
Inga tarapotensis,Lotus dorycnium,0.1951,not synonym,sentence-transformers/all-MiniLM-L6-v2,0.7,0
Collaea stenophylla,Galactia hassleriana,0.4544,not synonym,sentence-transformers/all-MiniLM-L6-v2,0.7,1
Asemeia monninoides,Acacia semperflorens,0.3686,not synonym,sentence-transformers/all-MiniLM-L6-v2,0.7,0
Amblygonocarpus andongensis,Scandalida rubra,0.0611,not synonym,sentence-transformers/all-MiniLM-L6-v2,0.7,0
Archidendron bubalinum,Cadellia monostylis,0.2941,not synonym,sentence-transformers/all-MiniLM-L6-v2,0.7,0
Lotus conjugatus,Tetragonolobus conjugatus,0.5966,not synonym,sentence-transformers/all-MiniLM-L6-v2,0.7,1
Julbernardia paniculata,Cytisus pterocladus,0.3163,not synonym,sentence-transformers/all-MiniLM-L6-v2,0.7,0
Archidendron clypearia,Inga clypearia,0.5371,not synonym,sentence-transformers/all-MiniLM-L6-v2,0.7,1
Polygala japonica,Polygala loureroi,0.7119,synonym,sentence-transformers/all-MiniLM-L6-v2,0.7,1
Comesperma polygaloides,Polygala diffusa,0.544,not synonym,sentence-transformers/all-MiniLM-L6-v2,0.7,0
Calliandra houstoniana,Anneslia pueblana,0.3687,not synonym,sentence-transformers/all-MiniLM-L6-v2,0.7,1
Ononis mitissima,Ononis spicata,0.7694,synonym,sentence-transformers/all-MiniLM-L6-v2,0.7,1
Securidaca lanceolata,Campsiandra angustifolia,0.2885,not synonym,sentence-transformers/all-MiniLM-L6-v2,0.7,0
Asemeia grandiflora,Hedysarum latisiliquum,0.3864,not synonym,sentence-transformers/all-MiniLM-L6-v2,0.7,0
Polygala campestris,Callistachys oxylobioides,0.2631,not synonym,sentence-transformers/all-MiniLM-L6-v2,0.7,0
Hebecarpa obscura,Polygala vagans,0.3372,not synonym,sentence-transformers/all-MiniLM-L6-v2,0.7,1
Flemingia macrophylla,Flemingia trinervia,0.6372,not synonym,sentence-transformers/all-MiniLM-L6-v2,0.7,1
Polygala trichosperma,Polygala sororia,0.6394,not synonym,sentence-transformers/all-MiniLM-L6-v2,0.7,1
Millettia fruticosa,Tephrosia fruticosa,0.6076,not synonym,sentence-transformers/all-MiniLM-L6-v2,0.7,1
Hoffmannseggia intricata,Senega fontellana,0.2685,not synonym,sentence-transformers/all-MiniLM-L6-v2,0.7,0
Polygala trichosperma,Spartium dalmaticum,0.4561,not synonym,sentence-transformers/all-MiniLM-L6-v2,0.7,0
Acacia pachyphylla,Racosperma pachyphyllum,0.529,not synonym,sentence-transformers/all-MiniLM-L6-v2,0.7,1
Dahlstedtia floribunda,Leptolobium elongatum,0.1631,not synonym,sentence-transformers/all-MiniLM-L6-v2,0.7,0
Brachypterum scandens,Cytisus maderensis,0.2239,not synonym,sentence-transformers/all-MiniLM-L6-v2,0.7,0
Lotus herbaceus,Dorycnium amani,0.2554,not synonym,sentence-transformers/all-MiniLM-L6-v2,0.7,1
Polygala major,Dorycnium dolichocarpum,0.197,not synonym,sentence-transformers/all-MiniLM-L6-v2,0.7,0
Acacia paradoxa,Mimosa paradoxa,0.464,not synonym,sentence-transformers/all-MiniLM-L6-v2,0.7,1
Glycine clandestina,Catocoma laurifolia,0.32,not synonym,sentence-transformers/all-MiniLM-L6-v2,0.7,0
Myroxylon peruiferum,Glycine pubescens,0.2833,not synonym,sentence-transformers/all-MiniLM-L6-v2,0.7,0
Dahlstedtia araripensis,Lotus arborescens,0.3404,not synonym,sentence-transformers/all-MiniLM-L6-v2,0.7,0
Acacia obtecta,Comesperma nudiusculum,0.1314,not synonym,sentence-transformers/all-MiniLM-L6-v2,0.7,0
Dialium guineense,Codarium obtusifolium,0.2268,not synonym,sentence-transformers/all-MiniLM-L6-v2,0.7,1
Acacia hockingsii,Racosperma hockingsii,0.3754,not synonym,sentence-transformers/all-MiniLM-L6-v2,0.7,1
Gastrolobium ilicifolium,Brachysema lanceolatum,0.3648,not synonym,sentence-transformers/all-MiniLM-L6-v2,0.7,0
Genista canariensis,Teline canariensis,0.5698,not synonym,sentence-transformers/all-MiniLM-L6-v2,0.7,1
Dorycnium iberecum,Inga nitida,0.148,not synonym,sentence-transformers/all-MiniLM-L6-v2,0.7,0
Machaerium punctatum,Machaerium puberulum,0.6869,not synonym,sentence-transformers/all-MiniLM-L6-v2,0.7,1
Muraltia angulosa,Heistera angulosa,0.6153,not synonym,sentence-transformers/all-MiniLM-L6-v2,0.7,1
Ononis sicula,Polygala corbariensis,0.1393,not synonym,sentence-transformers/all-MiniLM-L6-v2,0.7,0
Acacia hockingsii,Heisteria macroceras,0.2158,not synonym,sentence-transformers/all-MiniLM-L6-v2,0.7,0
Nissolia latisiliqua,Hedysarum latisiliquum,0.4681,not synonym,sentence-transformers/all-MiniLM-L6-v2,0.7,1
Monnina amarella,Phaseolodes caeruleum,0.2274,not synonym,sentence-transformers/all-MiniLM-L6-v2,0.7,0
Millettia xylocarpa,Millettia nana,0.5429,not synonym,sentence-transformers/all-MiniLM-L6-v2,0.7,1
Monnina xalapensis,Hebeandra evonymoides,0.2852,not synonym,sentence-transformers/all-MiniLM-L6-v2,0.7,1
Muraltia divaricata,Amphithalea spinosa,0.4033,not synonym,sentence-transformers/all-MiniLM-L6-v2,0.7,0
Dialium guineense,Indigofera depressa,0.1821,not synonym,sentence-transformers/all-MiniLM-L6-v2,0.7,0
Mundulea chapelieri,Millettia chapelieri,0.7951,synonym,sentence-transformers/all-MiniLM-L6-v2,0.7,1
Muraltia chamaepitys,Muraltia chamaepitys,1.0,synonym,sentence-transformers/all-MiniLM-L6-v2,0.7,1
Salomonia cantoniensis,Muraltia metalasiaefolia,0.3692,not synonym,sentence-transformers/all-MiniLM-L6-v2,0.7,0
Muraltia serpylloides,Muraltia marifolia,0.6704,not synonym,sentence-transformers/all-MiniLM-L6-v2,0.7,1
Stylobasium australe,Macrostigma australis,0.5936,not synonym,sentence-transformers/all-MiniLM-L6-v2,0.7,1
Polygala appressa,Phlebotaenia portoricensis,0.2863,not synonym,sentence-transformers/all-MiniLM-L6-v2,0.7,0
Dysolobium lucens,Dorycnium ibericum,0.3489,not synonym,sentence-transformers/all-MiniLM-L6-v2,0.7,0
Nissolia latisiliqua,Chaetocalyx latisiliqua,0.4993,not synonym,sentence-transformers/all-MiniLM-L6-v2,0.7,1
Microcharis cufodontii,Indigofera cufodontii,0.4991,not synonym,sentence-transformers/all-MiniLM-L6-v2,0.7,1
Hippocrepis ciliata,Pithecellobium laoticum,0.2768,not synonym,sentence-transformers/all-MiniLM-L6-v2,0.7,0
Hebecarpa barbeyana,Phaseoloides macrophyllum,0.059,not synonym,sentence-transformers/all-MiniLM-L6-v2,0.7,0
Monnina richardiana,Phaseoloides splendens,0.0135,not synonym,sentence-transformers/all-MiniLM-L6-v2,0.7,0
Securidaca tenuifolia,Racosperma anthochaerum,0.2934,not synonym,sentence-transformers/all-MiniLM-L6-v2,0.7,0
Myroxylon balsamum,Myroxylon toluiferum,0.7141,synonym,sentence-transformers/all-MiniLM-L6-v2,0.7,1
Ebenus barbigera,Ebenus pogonotropis,0.5399,not synonym,sentence-transformers/all-MiniLM-L6-v2,0.7,1
Acacia olgana,Racosperma olganum,0.3836,not synonym,sentence-transformers/all-MiniLM-L6-v2,0.7,1
Calliandra parvifolia,Pithecellobium hispidum,0.3239,not synonym,sentence-transformers/all-MiniLM-L6-v2,0.7,0
Machaerium incorruptibile,Machaerium fluminense,0.5861,not synonym,sentence-transformers/all-MiniLM-L6-v2,0.7,1
Flemingia grahamiana,Acacia laxiflora,0.3139,not synonym,sentence-transformers/all-MiniLM-L6-v2,0.7,0
Brachypterum robustum,Jackia vitellina,0.1366,not synonym,sentence-transformers/all-MiniLM-L6-v2,0.7,0
Flemingia macrophylla,Moghania wallichii,0.3856,not synonym,sentence-transformers/all-MiniLM-L6-v2,0.7,1
Millettia macrophylla,Millettia hookeriana,0.6594,not synonym,sentence-transformers/all-MiniLM-L6-v2,0.7,1
Lotus lancerottensis,Feuilleea hendersonii,0.3452,not synonym,sentence-transformers/all-MiniLM-L6-v2,0.7,0
Brachypterum robustum,Pterocarpus polyphyllus,0.2891,not synonym,sentence-transformers/all-MiniLM-L6-v2,0.7,1
Lupinus chamissonis,Lupinus macrocarpus,0.6132,not synonym,sentence-transformers/all-MiniLM-L6-v2,0.7,1
Polygala longifolia,Heisteria humilis,0.35,not synonym,sentence-transformers/all-MiniLM-L6-v2,0.7,0
Monnina herzogii,Lotus glaberrimus,0.1555,not synonym,sentence-transformers/all-MiniLM-L6-v2,0.7,0
Badiera penaea,Caesalpinia drepanocarpa,0.3341,not synonym,sentence-transformers/all-MiniLM-L6-v2,0.7,0
Genista majorica,Genista balearica,0.8038,synonym,sentence-transformers/all-MiniLM-L6-v2,0.7,1
Acacia excelsa,Racosperma excelsum,0.2931,not synonym,sentence-transformers/all-MiniLM-L6-v2,0.7,1
Hoffmannseggia eremophila,Zuccagnia eremophila,0.5773,not synonym,sentence-transformers/all-MiniLM-L6-v2,0.7,1
Flemingia lineata,Moghania lineata,0.6884,not synonym,sentence-transformers/all-MiniLM-L6-v2,0.7,1
Machaerium millei,Machaerium longistipitatum,0.6887,not synonym,sentence-transformers/all-MiniLM-L6-v2,0.7,1
Asemeia monticola,Monnina malmeana,0.4435,not synonym,sentence-transformers/all-MiniLM-L6-v2,0.7,0
Securidaca welwitschii,Securidaca floribunda,0.729,synonym,sentence-transformers/all-MiniLM-L6-v2,0.7,1
Inga cordistipula,Inga fluvii-novi,0.5279,not synonym,sentence-transformers/all-MiniLM-L6-v2,0.7,1
Humularia drepanocephala,Geissaspis princei,0.2171,not synonym,sentence-transformers/all-MiniLM-L6-v2,0.7,1
Carmichaelia odorata,Carmichaelia pilosa,0.7566,synonym,sentence-transformers/all-MiniLM-L6-v2,0.7,1
Polygala equisetoides,Monnina argentina,0.2377,not synonym,sentence-transformers/all-MiniLM-L6-v2,0.7,0
Brya ebenus,Flemingia ferruginea,0.3136,not synonym,sentence-transformers/all-MiniLM-L6-v2,0.7,0
Polygala mexicana,Derris scandens,0.2626,not synonym,sentence-transformers/all-MiniLM-L6-v2,0.7,0
Genista spartioides,Genista mauritiana,0.6323,not synonym,sentence-transformers/all-MiniLM-L6-v2,0.7,1
Calliandra rubescens,Calliandra yunckeri,0.3912,not synonym,sentence-transformers/all-MiniLM-L6-v2,0.7,1
Acacia ampliata,Inga panurensis,0.3159,not synonym,sentence-transformers/all-MiniLM-L6-v2,0.7,0
Daniellia oblonga,Bredemeyera acuminata,0.3481,not synonym,sentence-transformers/all-MiniLM-L6-v2,0.7,0
Muraltia spinosa,Parosela multifoliolata,0.2668,not synonym,sentence-transformers/all-MiniLM-L6-v2,0.7,0
Bossiaea cinerea,Bossiaea cordifolia,0.731,synonym,sentence-transformers/all-MiniLM-L6-v2,0.7,1
Polygala japonica,Polygala coniicarpa,0.7549,synonym,sentence-transformers/all-MiniLM-L6-v2,0.7,1
Acacia hakeoides,Racosperma hakeoides,0.4542,not synonym,sentence-transformers/all-MiniLM-L6-v2,0.7,1
Inga velutina,Inga plumifera,0.6725,not synonym,sentence-transformers/all-MiniLM-L6-v2,0.7,0
Millettia pulchra,Feuilleea mollissima,0.4133,not synonym,sentence-transformers/all-MiniLM-L6-v2,0.7,0
Calliandra rubescens,Anneslia xalapensis,0.2568,not synonym,sentence-transformers/all-MiniLM-L6-v2,0.7,1
Hebecarpa punctata,Phaseoloides zollingerianum,0.1065,not synonym,sentence-transformers/all-MiniLM-L6-v2,0.7,0
Carmichaelia australis,Carmichaelia ovata,0.7537,synonym,sentence-transformers/all-MiniLM-L6-v2,0.7,1
Calliandra selloi,Millettia polystachya,0.2835,not synonym,sentence-transformers/all-MiniLM-L6-v2,0.7,0
Lotus cruentus,Julbernardia globifera,0.3671,not synonym,sentence-transformers/all-MiniLM-L6-v2,0.7,0
Muraltia thymifolia,Polygala thymifolia,0.7293,synonym,sentence-transformers/all-MiniLM-L6-v2,0.7,1
Inga stenoptera,Inga dumosa,0.5592,not synonym,sentence-transformers/all-MiniLM-L6-v2,0.7,1
Inga sapindoides,Inga similis,0.6214,not synonym,sentence-transformers/all-MiniLM-L6-v2,0.7,1
Archidendron aruense,Archidendron racemosum,0.6802,not synonym,sentence-transformers/all-MiniLM-L6-v2,0.7,1
Calliandra asplenioides,Inga asplenioides,0.6634,not synonym,sentence-transformers/all-MiniLM-L6-v2,0.7,1
Archidendron clypearia,Acosta aculeata,0.3069,not synonym,sentence-transformers/all-MiniLM-L6-v2,0.7,0
Inga pezizifera,Inga riopalenquensis,0.3721,not synonym,sentence-transformers/all-MiniLM-L6-v2,0.7,1
Asemeia violacea,Heisteria angulosa,0.4225,not synonym,sentence-transformers/all-MiniLM-L6-v2,0.7,0
Calliandra belizensis,Anneslia belizensis,0.6955,not synonym,sentence-transformers/all-MiniLM-L6-v2,0.7,1
Lotus graecus,Genista cassia,0.2613,not synonym,sentence-transformers/all-MiniLM-L6-v2,0.7,0
Nogra filicaulis,Heistera divaricata,0.2178,not synonym,sentence-transformers/all-MiniLM-L6-v2,0.7,0
Gastrolobium heterophyllum,Chorizema heterophyllum,0.6723,not synonym,sentence-transformers/all-MiniLM-L6-v2,0.7,1
Ebenus bourgaei,Ebenidium bourgaei,0.7419,synonym,sentence-transformers/all-MiniLM-L6-v2,0.7,1
Ancistrotropis peduncularis,Phaseolus reptans,0.3152,not synonym,sentence-transformers/all-MiniLM-L6-v2,0.7,1
Calliandra hirsuta,Inga speciosa,0.259,not synonym,sentence-transformers/all-MiniLM-L6-v2,0.7,1
Julbernardia seretii,Seretoberlinia seretii,0.6233,not synonym,sentence-transformers/all-MiniLM-L6-v2,0.7,1
Amphicarpaea bracteata,Machaerium allemanii,0.3304,not synonym,sentence-transformers/all-MiniLM-L6-v2,0.7,0
Flemingia grahamiana,Drepanocarpus lunatus,0.2871,not synonym,sentence-transformers/all-MiniLM-L6-v2,0.7,0
Polygala atropurpurea,Senega atropurpurea,0.4487,not synonym,sentence-transformers/all-MiniLM-L6-v2,0.7,1
Xanthophyllum flavescens,Kaulfussia geminiflora,0.3675,not synonym,sentence-transformers/all-MiniLM-L6-v2,0.7,1
Muraltia tenuifolia,Machaerium acaciaefolium,0.3202,not synonym,sentence-transformers/all-MiniLM-L6-v2,0.7,0
Ononis ramosissima,Bonjeanea hirsuta,0.4106,not synonym,sentence-transformers/all-MiniLM-L6-v2,0.7,0
Muraltia mitior,Mundia kraussiana,0.3141,not synonym,sentence-transformers/all-MiniLM-L6-v2,0.7,1
Eutaxia myrtifolia,Monnina selloi,0.1865,not synonym,sentence-transformers/all-MiniLM-L6-v2,0.7,0
Gonocytisus angulatus,Mundia brasiliensis,0.2351,not synonym,sentence-transformers/all-MiniLM-L6-v2,0.7,0
Flemingia macrophylla,Flemingia trinerva,0.6084,not synonym,sentence-transformers/all-MiniLM-L6-v2,0.7,1
Gastrolobium celsianum,Platylobium ovatum,0.5318,not synonym,sentence-transformers/all-MiniLM-L6-v2,0.7,0
Inga fastuosa,Ononis spinescens,0.1565,not synonym,sentence-transformers/all-MiniLM-L6-v2,0.7,0
Archidendron lucidum,Abarema lucida,0.4424,not synonym,sentence-transformers/all-MiniLM-L6-v2,0.7,1
Genista tenera,Cytisus canariensis,0.154,not synonym,sentence-transformers/all-MiniLM-L6-v2,0.7,0
Lotus aegaeus,Lotus grandiflorus,0.7531,synonym,sentence-transformers/all-MiniLM-L6-v2,0.7,1
Caamembeca andina,Polygala andina,0.5573,not synonym,sentence-transformers/all-MiniLM-L6-v2,0.7,1
Gastrolobium ebracteolatum,Oxylobium lineare,0.3187,not synonym,sentence-transformers/all-MiniLM-L6-v2,0.7,1
Ancistrotropis clitorioides,Phaseolus pius,0.2485,not synonym,sentence-transformers/all-MiniLM-L6-v2,0.7,1
Lotus parviflorus,Dorycnium parviflorum,0.5319,not synonym,sentence-transformers/all-MiniLM-L6-v2,0.7,1
Lotus parviflorus,Lotus humilis,0.6677,not synonym,sentence-transformers/all-MiniLM-L6-v2,0.7,1
Erythrostemon placidus,Millettia demeusei,0.205,not synonym,sentence-transformers/all-MiniLM-L6-v2,0.7,0
Muraltia squarrosa,Heistera squarrosa,0.6037,not synonym,sentence-transformers/all-MiniLM-L6-v2,0.7,1
Lotus alpinus,Lotus alpinus,1.0,synonym,sentence-transformers/all-MiniLM-L6-v2,0.7,1
Calliandra squarrosa,Feuilleea squarrosa,0.5534,not synonym,sentence-transformers/all-MiniLM-L6-v2,0.7,1
Flemingia macrophylla,Moghania macrophylla,0.7069,synonym,sentence-transformers/all-MiniLM-L6-v2,0.7,1
Millettia nudiflora,Nissolia declinata,0.5304,not synonym,sentence-transformers/all-MiniLM-L6-v2,0.7,0
Salomonia ciliata,Salomonia elongata,0.8767,synonym,sentence-transformers/all-MiniLM-L6-v2,0.7,0
Calliandra angustifolia,Asemeia miamiensis,0.4379,not synonym,sentence-transformers/all-MiniLM-L6-v2,0.7,0
Lupinus andersonii,Lupinus caesius,0.7441,synonym,sentence-transformers/all-MiniLM-L6-v2,0.7,1
Millettia dubia,Millettia claessensii,0.7092,synonym,sentence-transformers/all-MiniLM-L6-v2,0.7,1
Caamembeca salicifolia,Caamembeca laureola,0.4806,not synonym,sentence-transformers/all-MiniLM-L6-v2,0.7,1
Archidendron chevalieri,Paralbizzia robinsonii,0.2033,not synonym,sentence-transformers/all-MiniLM-L6-v2,0.7,0
Hippocrepis constricta,Spartium sericeum,0.2611,not synonym,sentence-transformers/all-MiniLM-L6-v2,0.7,0
Asemeia grandiflora,Genista arborescens,0.3348,not synonym,sentence-transformers/all-MiniLM-L6-v2,0.7,0
Lupinus magnistipulatus,Chaetocalyx matudae,0.4173,not synonym,sentence-transformers/all-MiniLM-L6-v2,0.7,0
Monnina stenophylla,Telinaria linifolia,0.457,not synonym,sentence-transformers/all-MiniLM-L6-v2,0.7,0
Calliandra tweediei,Inga pulcherrima,0.262,not synonym,sentence-transformers/all-MiniLM-L6-v2,0.7,1
Calliandra purpurea,Mimosa purpurea,0.5722,not synonym,sentence-transformers/all-MiniLM-L6-v2,0.7,1
Genista majorica,Telinaria salzmannii,0.2042,not synonym,sentence-transformers/all-MiniLM-L6-v2,0.7,0
Carpolobia goetzei,Galactia gracillima,0.2846,not synonym,sentence-transformers/all-MiniLM-L6-v2,0.7,0
Lotus jacobaeus,Lotus lanatus,0.7449,synonym,sentence-transformers/all-MiniLM-L6-v2,0.7,1
Monnina ramosa,Pteromonnina ramosa,0.7051,synonym,sentence-transformers/all-MiniLM-L6-v2,0.7,1
Diphysa thurberi,Solulus thurberi,0.5397,not synonym,sentence-transformers/all-MiniLM-L6-v2,0.7,1
Chorizema diversifolium,Chorizema spectabile,0.7512,synonym,sentence-transformers/all-MiniLM-L6-v2,0.7,1
Eutaxia myrtifolia,Cynometra hedinii,0.3513,not synonym,sentence-transformers/all-MiniLM-L6-v2,0.7,0
Calobota saharae,Mimosa laxa,0.2636,not synonym,sentence-transformers/all-MiniLM-L6-v2,0.7,0
Hoffmannseggia peninsularis,Polygala filiformis,0.3566,not synonym,sentence-transformers/all-MiniLM-L6-v2,0.7,0
Xanthophyllum griffithii,Moghania latifolia,0.5222,not synonym,sentence-transformers/all-MiniLM-L6-v2,0.7,0
Julbernardia seretii,Berlinia ledermannii,0.4661,not synonym,sentence-transformers/all-MiniLM-L6-v2,0.7,1
Acacia leucoclada,Racosperma leucocladum,0.3894,not synonym,sentence-transformers/all-MiniLM-L6-v2,0.7,1
Bossiaea eriocarpa,Cyclopia grandiflora,0.2785,not synonym,sentence-transformers/all-MiniLM-L6-v2,0.7,0
Securidaca diversifolia,Lebeckia pungens,0.2967,not synonym,sentence-transformers/all-MiniLM-L6-v2,0.7,0
Glycine brachybotria,Phaseolus peduncularis,0.1954,not synonym,sentence-transformers/all-MiniLM-L6-v2,0.7,0
Ononis adenotricha,Acacia derwentii,0.2842,not synonym,sentence-transformers/all-MiniLM-L6-v2,0.7,0
Lotus broussonetii,Recchia bracteata,0.2794,not synonym,sentence-transformers/all-MiniLM-L6-v2,0.7,0
Adenopodia scelerata,Entada scelerata,0.4945,not synonym,sentence-transformers/all-MiniLM-L6-v2,0.7,1
Securidaca longepedunculata,Securidaca spinosa,0.6694,not synonym,sentence-transformers/all-MiniLM-L6-v2,0.7,1
Calliandra californica,Carmichaelia stricta,0.2935,not synonym,sentence-transformers/all-MiniLM-L6-v2,0.7,0
Securidaca longepedunculata,Lophostylis oblongifolia,0.2845,not synonym,sentence-transformers/all-MiniLM-L6-v2,0.7,1
Lotus dorycnium,Lotus dispermus,0.6307,not synonym,sentence-transformers/all-MiniLM-L6-v2,0.7,1
Ononis mitissima,Ononis scariosa,0.7137,synonym,sentence-transformers/all-MiniLM-L6-v2,0.7,1
Cadia purpurea,Acacia sieberiana,0.302,not synonym,sentence-transformers/all-MiniLM-L6-v2,0.7,0
Hippocrepis areolata,Hippocrepis bicontorta,0.6898,not synonym,sentence-transformers/all-MiniLM-L6-v2,0.7,1
Muraltia spinosa,Indigofera depressa,0.2497,not synonym,sentence-transformers/all-MiniLM-L6-v2,0.7,1
Archidendron clypearia,Mimosa tropezifolia,0.2527,not synonym,sentence-transformers/all-MiniLM-L6-v2,0.7,1
Eysenhardtia spinosa,Viborquia spinosa,0.6079,not synonym,sentence-transformers/all-MiniLM-L6-v2,0.7,1
Muraltia depressa,Heisteria reticulata,0.2662,not synonym,sentence-transformers/all-MiniLM-L6-v2,0.7,0
Gastrolobium coriaceum,Macrolobium reticulatum,0.5449,not synonym,sentence-transformers/all-MiniLM-L6-v2,0.7,0
Genista anglica,Lissera anglica,0.5196,not synonym,sentence-transformers/all-MiniLM-L6-v2,0.7,1
Inga salicifolia,Inga salicifoliola,0.7131,synonym,sentence-transformers/all-MiniLM-L6-v2,0.7,1
Muraltia ciliaris,Heisteria ciliaris,0.5864,not synonym,sentence-transformers/all-MiniLM-L6-v2,0.7,1
Millettia dura,Millettia cyanantha,0.7249,synonym,sentence-transformers/all-MiniLM-L6-v2,0.7,1
Xanthophyllum rufum,Glycine pescadrensis,0.1531,not synonym,sentence-transformers/all-MiniLM-L6-v2,0.7,0
Monnina linearifolia,Pteromonnina linearifolia,0.6824,not synonym,sentence-transformers/all-MiniLM-L6-v2,0.7,1
Lotus hirsutus,Bonjeanea incana,0.3672,not synonym,sentence-transformers/all-MiniLM-L6-v2,0.7,1
Mundulea barclayi,Millettia bojeri,0.4323,not synonym,sentence-transformers/all-MiniLM-L6-v2,0.7,1
Nissolia tomentosa,Chaetocalyx tomentosus,0.5035,not synonym,sentence-transformers/all-MiniLM-L6-v2,0.7,1
Kotschya strigosa,Smithia strigosa,0.5715,not synonym,sentence-transformers/all-MiniLM-L6-v2,0.7,1
Muraltia leptorhiza,Caesalpinia peninsularis,0.1917,not synonym,sentence-transformers/all-MiniLM-L6-v2,0.7,0
Archidendron bigeminum,Genista benehoavensis,0.2104,not synonym,sentence-transformers/all-MiniLM-L6-v2,0.7,0
Nissolia vincentina,Chaetocalyx parviflorus,0.1713,not synonym,sentence-transformers/all-MiniLM-L6-v2,0.7,1
Microcharis praetermissa,Indigofera praetermissa,0.4013,not synonym,sentence-transformers/all-MiniLM-L6-v2,0.7,1
Chorizema carinatum,Callistachys carinata,0.4447,not synonym,sentence-transformers/all-MiniLM-L6-v2,0.7,1
Dialium guianense,Genista dalmatica,0.1462,not synonym,sentence-transformers/all-MiniLM-L6-v2,0.7,0
Eutaxia myrtifolia,Senega suganumae,0.2546,not synonym,sentence-transformers/all-MiniLM-L6-v2,0.7,0
Flemingia nilgheriensis,Moghania nilgheriensis,0.712,synonym,sentence-transformers/all-MiniLM-L6-v2,0.7,1
Julbernardia globiflora,Isoberlinia globiflora,0.5514,not synonym,sentence-transformers/all-MiniLM-L6-v2,0.7,1
Polygala exilis,Comesperma mansonii,0.2521,not synonym,sentence-transformers/all-MiniLM-L6-v2,0.7,0
Inga saltensis,Inga brevituba,0.4733,not synonym,sentence-transformers/all-MiniLM-L6-v2,0.7,1
Archidendron oppositum,Pithecellobium mottleyanum,0.2601,not synonym,sentence-transformers/all-MiniLM-L6-v2,0.7,1
Erythrostemon placidus,Moghania lacei,0.0937,not synonym,sentence-transformers/all-MiniLM-L6-v2,0.7,0
Hoffmannseggia erecta,Hoffmannseggia patagonica,0.7693,synonym,sentence-transformers/all-MiniLM-L6-v2,0.7,1
Humularia corbisieri,Pteromonnina rusbyi,0.3978,not synonym,sentence-transformers/all-MiniLM-L6-v2,0.7,0
Inga xalapensis,Inga zacuapanica,0.2906,not synonym,sentence-transformers/all-MiniLM-L6-v2,0.7,1
Hebecarpa americana,Acacia daviesioides,0.1832,not synonym,sentence-transformers/all-MiniLM-L6-v2,0.7,0
Acacia bakeri,Archidendron sogerense,0.115,not synonym,sentence-transformers/all-MiniLM-L6-v2,0.7,0
Archidendron kerrii,Abarema kerrii,0.6402,not synonym,sentence-transformers/all-MiniLM-L6-v2,0.7,1
Monnina xalapensis,Mimosa purpurea,0.2875,not synonym,sentence-transformers/all-MiniLM-L6-v2,0.7,0
Gilbertiodendron obliquum,Desmodium bakeri,0.3283,not synonym,sentence-transformers/all-MiniLM-L6-v2,0.7,0
Calliandra dysantha,Feuilleea dysantha,0.607,not synonym,sentence-transformers/all-MiniLM-L6-v2,0.7,1
Disynstemon paullinioides,Disynstemon madagascariense,0.5291,not synonym,sentence-transformers/all-MiniLM-L6-v2,0.7,1
Microcharis tisserantii,Indigofera tisserantii,0.5277,not synonym,sentence-transformers/all-MiniLM-L6-v2,0.7,1
Gilbertiodendron dewevrei,Diphysa carthaginensis,0.2621,not synonym,sentence-transformers/all-MiniLM-L6-v2,0.7,0
Calliandra belizensis,Geissaspis ringoetii,0.2361,not synonym,sentence-transformers/all-MiniLM-L6-v2,0.7,0
Polygaloides chamaebuxus,Viborquia adenostylis,0.4088,not synonym,sentence-transformers/all-MiniLM-L6-v2,0.7,0
Cyclopia bowieana,Phyllodoce genistaefolia,0.2674,not synonym,sentence-transformers/all-MiniLM-L6-v2,0.7,0
Centrolobium ochroxylum,Centrolobium ochroxylum,1.0,synonym,sentence-transformers/all-MiniLM-L6-v2,0.7,1
Polygala asperuloides,Senega asperuloides,0.6236,not synonym,sentence-transformers/all-MiniLM-L6-v2,0.7,1
Acacia glaucoptera,Racosperma glaucopterum,0.2917,not synonym,sentence-transformers/all-MiniLM-L6-v2,0.7,1
Xanthophyllum vitellinum,Lotus genistoides,0.4112,not synonym,sentence-transformers/all-MiniLM-L6-v2,0.7,0
Muraltia depressa,Heistera humilis,0.3728,not synonym,sentence-transformers/all-MiniLM-L6-v2,0.7,1
Genista radiata,Spartium radiatum,0.3645,not synonym,sentence-transformers/all-MiniLM-L6-v2,0.7,1
Xanthophyllum flavescens,Xanthophyllum glandulosum,0.7619,synonym,sentence-transformers/all-MiniLM-L6-v2,0.7,1
Archidendron globosum,Securidaca fendleri,0.0928,not synonym,sentence-transformers/all-MiniLM-L6-v2,0.7,0
Archidendron nervosum,Pithecellobium kostermansianum,0.3126,not synonym,sentence-transformers/all-MiniLM-L6-v2,0.7,1
Calliandra quetzal,Anneslia quetzal,0.5896,not synonym,sentence-transformers/all-MiniLM-L6-v2,0.7,1
Lotus dorycnium,Dorycnium dispermum,0.5805,not synonym,sentence-transformers/all-MiniLM-L6-v2,0.7,1
Polygala longifolia,Anneslia mucronulata,0.433,not synonym,sentence-transformers/all-MiniLM-L6-v2,0.7,0
Monnina pterocarpa,Monnina chanduyensis,0.5672,not synonym,sentence-transformers/all-MiniLM-L6-v2,0.7,1
Archidendron calliandrum,Acacia biflora,0.1955,not synonym,sentence-transformers/all-MiniLM-L6-v2,0.7,0
Machaerium isadelphum,Pithecolobium lucyi,0.3165,not synonym,sentence-transformers/all-MiniLM-L6-v2,0.7,0
Millettia barteri,Millettia demeusei,0.7281,synonym,sentence-transformers/all-MiniLM-L6-v2,0.7,1
Myroxylon balsamum,Polygala depressa,0.2806,not synonym,sentence-transformers/all-MiniLM-L6-v2,0.7,0
Calobota cinerea,Berlinia magnistipulata,0.3298,not synonym,sentence-transformers/all-MiniLM-L6-v2,0.7,0
Microcharis spathulata,Flemingia nilgiriensis,0.1839,not synonym,sentence-transformers/all-MiniLM-L6-v2,0.7,0
Archidendron havilandii,Securidaca macrophylla,0.2593,not synonym,sentence-transformers/all-MiniLM-L6-v2,0.7,0
Muraltia ononidifolia,Heistera ononidifolia,0.7007,synonym,sentence-transformers/all-MiniLM-L6-v2,0.7,1
Inga stenoptera,Feuilleea brevispicata,0.3276,not synonym,sentence-transformers/all-MiniLM-L6-v2,0.7,1
Gastrolobium cuneatum,Gastrolobium forrestii,0.7925,synonym,sentence-transformers/all-MiniLM-L6-v2,0.7,1
Brachypterum koolgibberah,Dimorphandra biretusa,0.2515,not synonym,sentence-transformers/all-MiniLM-L6-v2,0.7,0
Kotschya aeschynomenoides,Bonjeanea sericea,0.1842,not synonym,sentence-transformers/all-MiniLM-L6-v2,0.7,0
Archidendron borneense,Feuilleea borneense,0.2666,not synonym,sentence-transformers/all-MiniLM-L6-v2,0.7,1
Flemingia kerrii,Moghania wangkii,0.4257,not synonym,sentence-transformers/all-MiniLM-L6-v2,0.7,1
Calliandra selloi,Feuilleea brevipes,0.2456,not synonym,sentence-transformers/all-MiniLM-L6-v2,0.7,1
Ononis cintrana,Ononis zaiana,0.702,synonym,sentence-transformers/all-MiniLM-L6-v2,0.7,1
Flemingia trifoliata,Flemingia involucrata,0.6261,not synonym,sentence-transformers/all-MiniLM-L6-v2,0.7,1
Archidendron tonkinense,Cylindrokelupha tonkinensis,0.378,not synonym,sentence-transformers/all-MiniLM-L6-v2,0.7,1
Lotus dorycnium,Dorycnium collinum,0.6467,not synonym,sentence-transformers/all-MiniLM-L6-v2,0.7,1
Bouffordia dichotoma,Chaetocalyx scandens,0.3323,not synonym,sentence-transformers/all-MiniLM-L6-v2,0.7,0
Acacia filipes,Mimosa coriacea,0.2519,not synonym,sentence-transformers/all-MiniLM-L6-v2,0.7,0
Gastrolobium formosum,Calliandra exsudans,0.24,not synonym,sentence-transformers/all-MiniLM-L6-v2,0.7,0
Flemingia macrophylla,Maughania sericans,0.2618,not synonym,sentence-transformers/all-MiniLM-L6-v2,0.7,1
Machaerium lunatum,Monnina wilczekiana,0.2674,not synonym,sentence-transformers/all-MiniLM-L6-v2,0.7,0
Securidaca diversifolia,Bossiaea microphylla,0.3695,not synonym,sentence-transformers/all-MiniLM-L6-v2,0.7,0
Inga pezizifera,Hippocrepis multiflora,0.2952,not synonym,sentence-transformers/all-MiniLM-L6-v2,0.7,0
Millettia comosa,Bredemeyera drummondii,0.2774,not synonym,sentence-transformers/all-MiniLM-L6-v2,0.7,0
Ebenus longipes,Pithecellobium dies-christi,0.1429,not synonym,sentence-transformers/all-MiniLM-L6-v2,0.7,0
Genista numidica,Cytisanthus numidicus,0.379,not synonym,sentence-transformers/all-MiniLM-L6-v2,0.7,1
Polygala malesiana,Cyanothyrsus ogea,0.3953,not synonym,sentence-transformers/all-MiniLM-L6-v2,0.7,0
Inga sapindoides,Inga lindeniana,0.5657,not synonym,sentence-transformers/all-MiniLM-L6-v2,0.7,1
Dahlstedtia glaziovii,Muellera glaziouvii,0.7123,synonym,sentence-transformers/all-MiniLM-L6-v2,0.7,1
Eminia holubii,Eminia noldeana,0.7471,synonym,sentence-transformers/all-MiniLM-L6-v2,0.7,1
Ononis striata,Polygala glaziovii,0.3425,not synonym,sentence-transformers/all-MiniLM-L6-v2,0.7,0
Asemeia hebeclada,Polygala hyssopifolia,0.3297,not synonym,sentence-transformers/all-MiniLM-L6-v2,0.7,1
Xanthophyllum vitellinum,Xanthophyllum hookerianum,0.8359,synonym,sentence-transformers/all-MiniLM-L6-v2,0.7,1
Lotus pedunculatus,Lotus uluginosus,0.6986,not synonym,sentence-transformers/all-MiniLM-L6-v2,0.7,1
Comesperma virgatum,Polygala corymbosa,0.2141,not synonym,sentence-transformers/all-MiniLM-L6-v2,0.7,0
Archidendron lucidum,Derris robusta,0.1734,not synonym,sentence-transformers/all-MiniLM-L6-v2,0.7,0
Quillaja saponaria,Cojoba siltepecensis,0.4586,not synonym,sentence-transformers/all-MiniLM-L6-v2,0.7,0
Inga sapindoides,Geissaspis luentensis,0.5148,not synonym,sentence-transformers/all-MiniLM-L6-v2,0.7,0
Gastrolobium velutinum,Gastrolobium emarginatum,0.747,synonym,sentence-transformers/all-MiniLM-L6-v2,0.7,1
Bredemeyera divaricata,Galactia terminiflora,0.3613,not synonym,sentence-transformers/all-MiniLM-L6-v2,0.7,0
Nogra grahamii,Uraria esquirolii,0.3927,not synonym,sentence-transformers/all-MiniLM-L6-v2,0.7,1
Flemingia macrophylla,Flemingia capitata,0.67,not synonym,sentence-transformers/all-MiniLM-L6-v2,0.7,1
Millettia vatkei,Millettia leucantha,0.6176,not synonym,sentence-transformers/all-MiniLM-L6-v2,0.7,1
Gilbertiodendron splendidum,Dialium bipindense,0.277,not synonym,sentence-transformers/all-MiniLM-L6-v2,0.7,0
Archidendron calliandrum,Pithecellobium calliandrum,0.558,not synonym,sentence-transformers/all-MiniLM-L6-v2,0.7,1
Genista sericea,Genista stylosa,0.7301,synonym,sentence-transformers/all-MiniLM-L6-v2,0.7,0
Calliandra bombycina,Feuilleea bombycina,0.6325,not synonym,sentence-transformers/all-MiniLM-L6-v2,0.7,1
Nissolia vincentina,Coronilla scandens,0.2851,not synonym,sentence-transformers/all-MiniLM-L6-v2,0.7,1
Hoffmannseggia glandulosa,Hoffmannseggia glandulosa,1.0,synonym,sentence-transformers/all-MiniLM-L6-v2,0.7,1
Muraltia depressa,Pterocarpus robustus,0.2145,not synonym,sentence-transformers/all-MiniLM-L6-v2,0.7,0
Chesneya acaulis,Pithecolobium siltepecense,0.3506,not synonym,sentence-transformers/all-MiniLM-L6-v2,0.7,0
Genista monspessulana,Teline medicagioides,0.1744,not synonym,sentence-transformers/all-MiniLM-L6-v2,0.7,1
Genista tridentata,Caesalpinia standleyi,0.349,not synonym,sentence-transformers/all-MiniLM-L6-v2,0.7,0
Polygaloides paucifolia,Triclisperma paucifolia,0.6526,not synonym,sentence-transformers/all-MiniLM-L6-v2,0.7,1
Flemingia prostrata,Flemingia macrophylla,0.6768,not synonym,sentence-transformers/all-MiniLM-L6-v2,0.7,1
Inga cordistipula,Solori pseudoinvoluta,0.356,not synonym,sentence-transformers/all-MiniLM-L6-v2,0.7,0
Dialium pachyphyllum,Dialium yambataense,0.3596,not synonym,sentence-transformers/all-MiniLM-L6-v2,0.7,1
Machaerium arboreum,Rhynchocarpa monophylla,0.1429,not synonym,sentence-transformers/all-MiniLM-L6-v2,0.7,0
Coulteria platyloba,Brasilettia pubescens,0.3035,not synonym,sentence-transformers/all-MiniLM-L6-v2,0.7,1
Calliandra parvifolia,Lupinus dasyphyllus,0.3296,not synonym,sentence-transformers/all-MiniLM-L6-v2,0.7,0
Erythrostemon phyllanthoides,Caesalpinia phyllanthoides,0.5998,not synonym,sentence-transformers/all-MiniLM-L6-v2,0.7,1
Machaerium isadelphum,Teline splendens,0.1515,not synonym,sentence-transformers/all-MiniLM-L6-v2,0.7,0
Dimorphandra exaltata,Polygala venulosa,0.4197,not synonym,sentence-transformers/all-MiniLM-L6-v2,0.7,0
Bredemeyera moritziana,Larrea intricata,0.3956,not synonym,sentence-transformers/all-MiniLM-L6-v2,0.7,0
Calophaca wolgarica,Calophaca wolgarica,1.0,synonym,sentence-transformers/all-MiniLM-L6-v2,0.7,1
Inga cordistipula,Inga planisiliqua,0.5768,not synonym,sentence-transformers/all-MiniLM-L6-v2,0.7,1
Cyclopia genistoides,Sophora genistoides,0.5956,not synonym,sentence-transformers/all-MiniLM-L6-v2,0.7,1
Polygala exilis,Microlophium exile,0.2213,not synonym,sentence-transformers/all-MiniLM-L6-v2,0.7,1
Lotus maritimus,Heisteria phylicodes,0.2624,not synonym,sentence-transformers/all-MiniLM-L6-v2,0.7,0
Delonix tomentosa,Poinciana tomentosa,0.6282,not synonym,sentence-transformers/all-MiniLM-L6-v2,0.7,1
Inga laevigata,Flemingia nana,0.2987,not synonym,sentence-transformers/all-MiniLM-L6-v2,0.7,0
Acacia hamiltoniana,Ebenus horrida,0.2346,not synonym,sentence-transformers/all-MiniLM-L6-v2,0.7,0
Dialium pachyphyllum,Derris polyphylla,0.3832,not synonym,sentence-transformers/all-MiniLM-L6-v2,0.7,0
Acacia peruviana,Acacia cassioides,0.6576,not synonym,sentence-transformers/all-MiniLM-L6-v2,0.7,1
Quillaja saponaria,Quillaja poeppigii,0.7404,synonym,sentence-transformers/all-MiniLM-L6-v2,0.7,1
Monnina salicifolia,Afgekia filipes,0.225,not synonym,sentence-transformers/all-MiniLM-L6-v2,0.7,0
Caamembeca oxyphylla,Polygala nitens,0.3968,not synonym,sentence-transformers/all-MiniLM-L6-v2,0.7,1
Eutaxia parvifolia,Dillwynia incerta,0.2971,not synonym,sentence-transformers/all-MiniLM-L6-v2,0.7,1
Erythrostemon acapulcensis,Millettia heterophylla,0.1488,not synonym,sentence-transformers/all-MiniLM-L6-v2,0.7,0
Inga densiflora,Inga heinei,0.5875,not synonym,sentence-transformers/all-MiniLM-L6-v2,0.7,1
Gastrolobium tricuspidatum,Securidaca flexuosa,0.2022,not synonym,sentence-transformers/all-MiniLM-L6-v2,0.7,0
Genista canariensis,Polygala laxa,0.3977,not synonym,sentence-transformers/all-MiniLM-L6-v2,0.7,0
Hoffmannseggia humilis,Monnina martiana,0.3381,not synonym,sentence-transformers/all-MiniLM-L6-v2,0.7,0
Acacia ferocior,Racosperma ferocius,0.3685,not synonym,sentence-transformers/all-MiniLM-L6-v2,0.7,1
Calliandra hymenaeoides,Mimosa hymenaeodes,0.6632,not synonym,sentence-transformers/all-MiniLM-L6-v2,0.7,1
Muraltia ericoides,Muraltia fasciculata,0.7134,synonym,sentence-transformers/all-MiniLM-L6-v2,0.7,1
Lotus jordanii,Bonjeanea prostrata,0.3222,not synonym,sentence-transformers/all-MiniLM-L6-v2,0.7,1
Berlinia orientalis,Eysenhardtia drummondii,0.3885,not synonym,sentence-transformers/all-MiniLM-L6-v2,0.7,0
Collaea stenophylla,Polygala ellenbeckii,0.4863,not synonym,sentence-transformers/all-MiniLM-L6-v2,0.7,0
Angylocalyx pynaertii,Genista crebrispina,0.2274,not synonym,sentence-transformers/all-MiniLM-L6-v2,0.7,0
Lotus purpureus,Lotus coronillifolius,0.7925,synonym,sentence-transformers/all-MiniLM-L6-v2,0.7,1
Rhinotropis subspinosa,Polygala lasseniana,0.2395,not synonym,sentence-transformers/all-MiniLM-L6-v2,0.7,1
Lupinus littoralis,Nissolia diversifolia,0.2983,not synonym,sentence-transformers/all-MiniLM-L6-v2,0.7,0
Archidendron lucyi,Archidendron chrysocarpum,0.5537,not synonym,sentence-transformers/all-MiniLM-L6-v2,0.7,1
Caamembeca salicifolia,Polygala lanceolata,0.3554,not synonym,sentence-transformers/all-MiniLM-L6-v2,0.7,1
Lupinus nubigenus,Ononis litoralis,0.349,not synonym,sentence-transformers/all-MiniLM-L6-v2,0.7,0
Flemingia nilgheriensis,Acacia hybrida,0.2231,not synonym,sentence-transformers/all-MiniLM-L6-v2,0.7,0
Ononis natrix,Ononis hispanica,0.5882,not synonym,sentence-transformers/all-MiniLM-L6-v2,0.7,1
Machaerium opacum,Machaerium campestre,0.5118,not synonym,sentence-transformers/all-MiniLM-L6-v2,0.7,1
Calliandra rhodocephala,Mimosa capitata,0.3158,not synonym,sentence-transformers/all-MiniLM-L6-v2,0.7,0
Asemeia grandiflora,Polygala polygama,0.3116,not synonym,sentence-transformers/all-MiniLM-L6-v2,0.7,1
Machaerium pedicellatum,Spartium heterophyllum,0.3392,not synonym,sentence-transformers/all-MiniLM-L6-v2,0.7,0
Rhinotropis nitida,Polygala nitida,0.5366,not synonym,sentence-transformers/all-MiniLM-L6-v2,0.7,1
Errazurizia multifoliolata,Polygala micrantha,0.3103,not synonym,sentence-transformers/all-MiniLM-L6-v2,0.7,0
Inga inundata,Pithecolobium inundabile,0.3603,not synonym,sentence-transformers/all-MiniLM-L6-v2,0.7,1
Muraltia spinosa,Mundtia tabularis,0.3028,not synonym,sentence-transformers/all-MiniLM-L6-v2,0.7,1
Dysolobium grande,Phaseolus grandis,0.4539,not synonym,sentence-transformers/all-MiniLM-L6-v2,0.7,1
Securidaca virgata,Canavalia dolichoides,0.2363,not synonym,sentence-transformers/all-MiniLM-L6-v2,0.7,0
Lupinus onustus,Genista tomentella,0.1071,not synonym,sentence-transformers/all-MiniLM-L6-v2,0.7,0
Archidendron eberhardtii,Cylindrokelupha eberhardtii,0.6385,not synonym,sentence-transformers/all-MiniLM-L6-v2,0.7,1
Monnina padifolia,Nissolius arboreus,0.2766,not synonym,sentence-transformers/all-MiniLM-L6-v2,0.7,0
Hippocrepis ciliata,Hippocrepis dicarpa,0.7351,synonym,sentence-transformers/all-MiniLM-L6-v2,0.7,1
Muraltia muraltioides,Muraltia sprengelioides,0.7368,synonym,sentence-transformers/all-MiniLM-L6-v2,0.7,1
Gymnospora violoides,Daniellia mortehanii,0.2006,not synonym,sentence-transformers/all-MiniLM-L6-v2,0.7,0
Ononis sieberi,Polygala tehuelchum,0.3067,not synonym,sentence-transformers/all-MiniLM-L6-v2,0.7,0
Nissolia brasiliensis,Chaetocalyx matudae,0.3052,not synonym,sentence-transformers/all-MiniLM-L6-v2,0.7,1
Inga sapindoides,Feuilleea panamensis,0.3386,not synonym,sentence-transformers/all-MiniLM-L6-v2,0.7,1
Badiera oblongata,Oxylobium obovatum,0.3445,not synonym,sentence-transformers/all-MiniLM-L6-v2,0.7,0
Hoffmannseggia glauca,Feuilleea blanchetiana,0.3998,not synonym,sentence-transformers/all-MiniLM-L6-v2,0.7,0
Gastrolobium truncatum,Nemcia truncata,0.483,not synonym,sentence-transformers/all-MiniLM-L6-v2,0.7,1
Myroxylon peruiferum,Maughania fluminalis,0.437,not synonym,sentence-transformers/all-MiniLM-L6-v2,0.7,0
Ononis ramosissima,Mimosa quassiaefolia,0.2364,not synonym,sentence-transformers/all-MiniLM-L6-v2,0.7,0
Calliandra coriacea,Inga coriacea,0.5763,not synonym,sentence-transformers/all-MiniLM-L6-v2,0.7,1
Millettia pachycarpa,Feuilleea crassipes,0.3901,not synonym,sentence-transformers/all-MiniLM-L6-v2,0.7,0
Ebenus pinnata,Onobrychis sericea,0.4473,not synonym,sentence-transformers/all-MiniLM-L6-v2,0.7,1
Archidendron bauchei,Pithecellobium bauchei,0.5626,not synonym,sentence-transformers/all-MiniLM-L6-v2,0.7,1
Julbernardia pellegriniana,Paraberlinia bifoliolata,0.4088,not synonym,sentence-transformers/all-MiniLM-L6-v2,0.7,1
Betencourtia neesii,Heisteria tenuifolia,0.2815,not synonym,sentence-transformers/all-MiniLM-L6-v2,0.7,0
Humularia katangensis,Hippocrepis multicaulis,0.2022,not synonym,sentence-transformers/all-MiniLM-L6-v2,0.7,0
Glycine discolor,Glycine discolor,1.0,synonym,sentence-transformers/all-MiniLM-L6-v2,0.7,1
Brachypterum robustum,Sennia sciap-sciaple,0.2515,not synonym,sentence-transformers/all-MiniLM-L6-v2,0.7,0
Carmichaelia nana,Carmichaelia enysii,0.7097,synonym,sentence-transformers/all-MiniLM-L6-v2,0.7,1
Inga ruiziana,Feuilleea calycina,0.4259,not synonym,sentence-transformers/all-MiniLM-L6-v2,0.7,0
Bossiaea ensata,Bossiaea ensata,1.0,synonym,sentence-transformers/all-MiniLM-L6-v2,0.7,1
Eutaxia myrtifolia,Racosperma muellerianum,0.3052,not synonym,sentence-transformers/all-MiniLM-L6-v2,0.7,0
Inga plumifera,Falcata edgeworthii,0.4435,not synonym,sentence-transformers/all-MiniLM-L6-v2,0.7,0
Lupinus andersonii,Lupinus rimae,0.7584,synonym,sentence-transformers/all-MiniLM-L6-v2,0.7,1
Muraltia acicularis,Carmichaelia odorata,0.3378,not synonym,sentence-transformers/all-MiniLM-L6-v2,0.7,0
Cadia commersoniana,Cadia catati,0.7611,synonym,sentence-transformers/all-MiniLM-L6-v2,0.7,1
Muraltia divaricata,Polygala lanceolata,0.5175,not synonym,sentence-transformers/all-MiniLM-L6-v2,0.7,0
Lotus dorycnium,Dorycnium insulare,0.7132,synonym,sentence-transformers/all-MiniLM-L6-v2,0.7,1
Acacia pinguiculosa,Polygala pauciflora,0.4835,not synonym,sentence-transformers/all-MiniLM-L6-v2,0.7,0
Calobota halenbergensis,Zichya latrobeana,0.2827,not synonym,sentence-transformers/all-MiniLM-L6-v2,0.7,0
Dialium bipindense,Cynometra djumaensis,0.094,not synonym,sentence-transformers/all-MiniLM-L6-v2,0.7,0
Securidaca pubescens,Affonsea hirsuta,0.3852,not synonym,sentence-transformers/all-MiniLM-L6-v2,0.7,0
Diclidanthera laurifolia,Pluchia curiosa,0.2656,not synonym,sentence-transformers/all-MiniLM-L6-v2,0.7,1
Eutaxia virgata,Eutaxia ericoides,0.6364,not synonym,sentence-transformers/all-MiniLM-L6-v2,0.7,1
Acacia durabilis,Racosperma durabile,0.2027,not synonym,sentence-transformers/all-MiniLM-L6-v2,0.7,1
Monnina stenophylla,Monnina longifolia,0.7121,synonym,sentence-transformers/all-MiniLM-L6-v2,0.7,1
Calobota spinescens,Lebeckia elongata,0.3573,not synonym,sentence-transformers/all-MiniLM-L6-v2,0.7,1
Flemingia macrophylla,Pithecellobium brevipes,0.3663,not synonym,sentence-transformers/all-MiniLM-L6-v2,0.7,0
Ancistrotropis clitorioides,Psoralea testariae,0.2546,not synonym,sentence-transformers/all-MiniLM-L6-v2,0.7,0
Glycine clandestina,Kennedynella microphylla,0.3285,not synonym,sentence-transformers/all-MiniLM-L6-v2,0.7,1
Archidendron alternifoliolatum,Albizia alternifoliolata,0.5125,not synonym,sentence-transformers/all-MiniLM-L6-v2,0.7,1
Machaerium salvadorense,Drepanocarpus salvadorensis,0.2647,not synonym,sentence-transformers/all-MiniLM-L6-v2,0.7,1
Calliandra calycina,Carmichaelia violacea,0.2979,not synonym,sentence-transformers/all-MiniLM-L6-v2,0.7,0
Calliandra asplenioides,Inga mertensioides,0.3702,not synonym,sentence-transformers/all-MiniLM-L6-v2,0.7,1
Acacia paradoxa,Telinaria anglica,0.1706,not synonym,sentence-transformers/all-MiniLM-L6-v2,0.7,0
Millettia merrillii,Millettia foxworthyi,0.7129,synonym,sentence-transformers/all-MiniLM-L6-v2,0.7,1
Ononis arvensis,Ononis spinescens,0.5973,not synonym,sentence-transformers/all-MiniLM-L6-v2,0.7,1
Calpurnia intrusa,Virgilia intrusa,0.5832,not synonym,sentence-transformers/all-MiniLM-L6-v2,0.7,1
Asemeia grandiflora,Cyclopia laricina,0.4233,not synonym,sentence-transformers/all-MiniLM-L6-v2,0.7,0
Hoffmannseggia humilis,Larrea humilis,0.5599,not synonym,sentence-transformers/all-MiniLM-L6-v2,0.7,1
Acacia cultriformis,Acacia papulaeformis,0.8124,synonym,sentence-transformers/all-MiniLM-L6-v2,0.7,1
Gastrolobium luteifolium,Oxylobium luteifolium,0.7145,synonym,sentence-transformers/all-MiniLM-L6-v2,0.7,1
Epirixanthes elongata,Salomonia aphylla,0.4697,not synonym,sentence-transformers/all-MiniLM-L6-v2,0.7,1
Hippocrepis eriocarpa,Polygala oblongata,0.3171,not synonym,sentence-transformers/all-MiniLM-L6-v2,0.7,0
Polygala equisetoides,Brachysema subcordatum,0.1089,not synonym,sentence-transformers/all-MiniLM-L6-v2,0.7,0
Millettia grandis,Berrebera caffra,0.3034,not synonym,sentence-transformers/all-MiniLM-L6-v2,0.7,1
Cyclopia latifolia,Podalyria laevigata,0.3693,not synonym,sentence-transformers/all-MiniLM-L6-v2,0.7,1
Glycine monantha,Nemcia effusa,0.317,not synonym,sentence-transformers/all-MiniLM-L6-v2,0.7,0
Bouffordia dichotoma,Hedysarum dichotomum,0.5313,not synonym,sentence-transformers/all-MiniLM-L6-v2,0.7,1
Flemingia chappar,Flemingia chappar,1.0,synonym,sentence-transformers/all-MiniLM-L6-v2,0.7,1
Archidendron bigeminum,Racosperma bakeri,0.0,not synonym,sentence-transformers/all-MiniLM-L6-v2,0.7,0
Xanthophyllum vitellinum,Jackia vitellina,0.4133,not synonym,sentence-transformers/all-MiniLM-L6-v2,0.7,1
Inga martinicensis,Comesperma selaginoides,0.3483,not synonym,sentence-transformers/all-MiniLM-L6-v2,0.7,0
Polygala japonica,Polygala lourerii,0.7597,synonym,sentence-transformers/all-MiniLM-L6-v2,0.7,1
Flemingia strobilifera,Flemingia affinis,0.7075,synonym,sentence-transformers/all-MiniLM-L6-v2,0.7,1
Inga heterophylla,Feuilleea heterophylla,0.7257,synonym,sentence-transformers/all-MiniLM-L6-v2,0.7,1
Monnina lorenziana,Carmichaelia rivulata,0.4254,not synonym,sentence-transformers/all-MiniLM-L6-v2,0.7,0
Flemingia macrophylla,Flemingia macrophylla,1.0,synonym,sentence-transformers/all-MiniLM-L6-v2,0.7,1
Flemingia fluminalis,Apios esquirolii,0.3204,not synonym,sentence-transformers/all-MiniLM-L6-v2,0.7,0
Inga meissneriana,Derris multiflora,0.2413,not synonym,sentence-transformers/all-MiniLM-L6-v2,0.7,0
Gilbertiodendron klainei,Macrolobium klainei,0.5438,not synonym,sentence-transformers/all-MiniLM-L6-v2,0.7,1
Inga pilosula,Anneslia papillosa,0.4411,not synonym,sentence-transformers/all-MiniLM-L6-v2,0.7,0
Hebecarpa velutina,Polygala serpens,0.2908,not synonym,sentence-transformers/all-MiniLM-L6-v2,0.7,1
Coulteria velutina,Tephrosia fruticosa,0.3791,not synonym,sentence-transformers/all-MiniLM-L6-v2,0.7,0
Nissolia tomentosa,Spartidium saharae,0.3382,not synonym,sentence-transformers/all-MiniLM-L6-v2,0.7,0
Calliandra taxifolia,Chesniella tribuloides,0.2511,not synonym,sentence-transformers/all-MiniLM-L6-v2,0.7,0
Chorizema carinatum,Chorizema pubescens,0.7106,synonym,sentence-transformers/all-MiniLM-L6-v2,0.7,1
Calliandra taxifolia,Inga taxifolia,0.7122,synonym,sentence-transformers/all-MiniLM-L6-v2,0.7,1
Delonix regia,Caesalpinia regia,0.5618,not synonym,sentence-transformers/all-MiniLM-L6-v2,0.7,1
Berlinia occidentalis,Machaerium stenophyllum,0.2896,not synonym,sentence-transformers/all-MiniLM-L6-v2,0.7,0
Muraltia cliffortiifolia,Heisteria cliffortiifolia,0.6989,not synonym,sentence-transformers/all-MiniLM-L6-v2,0.7,1
Archidendron molle,Inga purpurea,0.1619,not synonym,sentence-transformers/all-MiniLM-L6-v2,0.7,0
Carmichaelia australis,Ononis stenophylla,0.2342,not synonym,sentence-transformers/all-MiniLM-L6-v2,0.7,0
Archidendron kerrii,Archidendron yunnanense,0.4696,not synonym,sentence-transformers/all-MiniLM-L6-v2,0.7,1
Asemeia ilheotica,Anneslia belizensis,0.1958,not synonym,sentence-transformers/all-MiniLM-L6-v2,0.7,0
Recchia mexicana,Recchia bracteata,0.588,not synonym,sentence-transformers/all-MiniLM-L6-v2,0.7,1
Archidendron microcarpum,Centrolobium minus,0.1189,not synonym,sentence-transformers/all-MiniLM-L6-v2,0.7,0
Genista stenopetala,Inga globosa,0.2578,not synonym,sentence-transformers/all-MiniLM-L6-v2,0.7,0
Calliandra asplenioides,Racosperma rigidum,0.164,not synonym,sentence-transformers/all-MiniLM-L6-v2,0.7,0
Inga ruiziana,Cylindrokelupha eberhardtii,0.2667,not synonym,sentence-transformers/all-MiniLM-L6-v2,0.7,0
Camptosema acuminatum,Bionia acuminata,0.6613,not synonym,sentence-transformers/all-MiniLM-L6-v2,0.7,1
Acacia ayersiana,Racosperma ayersianum,0.405,not synonym,sentence-transformers/all-MiniLM-L6-v2,0.7,1
Lotus strictus,Polygala tenuifolia,0.3179,not synonym,sentence-transformers/all-MiniLM-L6-v2,0.7,0
Hippocrepis constricta,Polygala subglobosa,0.2672,not synonym,sentence-transformers/all-MiniLM-L6-v2,0.7,0
Rhinotropis rimulicola,Polygala rimulicola,0.6833,not synonym,sentence-transformers/all-MiniLM-L6-v2,0.7,1
Ononis crinita,Bugranopsis crinita,0.5997,not synonym,sentence-transformers/all-MiniLM-L6-v2,0.7,1
Polygala grandidieri,Polygala pilosa,0.7657,synonym,sentence-transformers/all-MiniLM-L6-v2,0.7,1
Lotus subbiflorus,Inga macrophylla,0.286,not synonym,sentence-transformers/all-MiniLM-L6-v2,0.7,0
Acacia elata,Smithia aeschynomenoides,0.3075,not synonym,sentence-transformers/all-MiniLM-L6-v2,0.7,0
Calliandra goldmanii,Calliandra goldmanii,1.0,synonym,sentence-transformers/all-MiniLM-L6-v2,0.7,1
Comesperma rhadinocarpum,Bredemeyera rhadinocarpa,0.5353,not synonym,sentence-transformers/all-MiniLM-L6-v2,0.7,1
Erythrostemon fimbriatus,Genista hypericifolia,0.1809,not synonym,sentence-transformers/all-MiniLM-L6-v2,0.7,0
Asemeia hirsuta,Xanthophyllum floriferum,0.2979,not synonym,sentence-transformers/all-MiniLM-L6-v2,0.7,0
Gilbertiodendron demonstrans,Abarema borneense,0.2529,not synonym,sentence-transformers/all-MiniLM-L6-v2,0.7,0
Xanthophyllum sylvestre,Valentinia sylvestris,0.5198,not synonym,sentence-transformers/all-MiniLM-L6-v2,0.7,1
Acacia binervata,Abarema clypearia,0.4531,not synonym,sentence-transformers/all-MiniLM-L6-v2,0.7,0
Decorsea schlechteri,Dolichos schlechteri,0.6606,not synonym,sentence-transformers/all-MiniLM-L6-v2,0.7,1
Inga ruiziana,Inga cyclocarpa,0.5309,not synonym,sentence-transformers/all-MiniLM-L6-v2,0.7,1
Flemingia gracilis,Genista parviflora,0.3755,not synonym,sentence-transformers/all-MiniLM-L6-v2,0.7,0
Echinospartum lusitanicum,Stauracanthus lusitanicus,0.4636,not synonym,sentence-transformers/all-MiniLM-L6-v2,0.7,1
Polygaloides chamaebuxus,Chamaebuxus alpestris,0.6575,not synonym,sentence-transformers/all-MiniLM-L6-v2,0.7,1
Muraltia ciliaris,Nissolia confertiflora,0.4196,not synonym,sentence-transformers/all-MiniLM-L6-v2,0.7,0
Coulteria cubensis,Caesalpinia cubensis,0.5637,not synonym,sentence-transformers/all-MiniLM-L6-v2,0.7,1
Chesneya tribuloides,Chesniella tribuloides,0.8584,synonym,sentence-transformers/all-MiniLM-L6-v2,0.7,1
Inga densiflora,Inga microdonta,0.5665,not synonym,sentence-transformers/all-MiniLM-L6-v2,0.7,1
Acacia botrydion,Hoffmannseggia gladiata,0.2215,not synonym,sentence-transformers/all-MiniLM-L6-v2,0.7,0
Discolobium pulchellum,Discolobium elongatum,0.7527,synonym,sentence-transformers/all-MiniLM-L6-v2,0.7,1
Calliandra rubescens,Dalbergia timoriensis,0.3742,not synonym,sentence-transformers/all-MiniLM-L6-v2,0.7,0
Dysolobium grande,Mucuna chienkweiensis,0.3358,not synonym,sentence-transformers/all-MiniLM-L6-v2,0.7,1
Gilbertiodendron stipulaceum,Westia stipulacea,0.5847,not synonym,sentence-transformers/all-MiniLM-L6-v2,0.7,1
Polygala cymosa,Pylostachya cymosa,0.7591,synonym,sentence-transformers/all-MiniLM-L6-v2,0.7,1
Acacia pravissima,Acacia pravissima,1.0,synonym,sentence-transformers/all-MiniLM-L6-v2,0.7,1
Lotus weilleri,Lotus macrocarpus,0.5828,not synonym,sentence-transformers/all-MiniLM-L6-v2,0.7,1
Securidaca retusa,Comesperma tasmanicum,0.3034,not synonym,sentence-transformers/all-MiniLM-L6-v2,0.7,0
Erythrostemon coccineus,Genista balearica,0.2224,not synonym,sentence-transformers/all-MiniLM-L6-v2,0.7,0
Archidendron hendersonii,Albizia hendersonii,0.558,not synonym,sentence-transformers/all-MiniLM-L6-v2,0.7,1
Muraltia tenuifolia,Ononis saxatilis,0.3407,not synonym,sentence-transformers/all-MiniLM-L6-v2,0.7,0
Muraltia pappeana,Heisteria pappeana,0.6153,not synonym,sentence-transformers/all-MiniLM-L6-v2,0.7,1
Lotus quinatus,Salomonia obovata,0.32,not synonym,sentence-transformers/all-MiniLM-L6-v2,0.7,0
Polygala salviniana,Polygala microloncha,0.6658,not synonym,sentence-transformers/all-MiniLM-L6-v2,0.7,1
Inga heterophylla,Inga umbellata,0.5793,not synonym,sentence-transformers/all-MiniLM-L6-v2,0.7,1
Hippocrepis constricta,Archidendron peekelii,0.2989,not synonym,sentence-transformers/all-MiniLM-L6-v2,0.7,0
Securidaca trianae,Cytiscus linifolius,0.2086,not synonym,sentence-transformers/all-MiniLM-L6-v2,0.7,0
Flemingia faginea,Moghania faginea,0.6991,not synonym,sentence-transformers/all-MiniLM-L6-v2,0.7,1
Hoita macrostachya,Hoita villosa,0.6279,not synonym,sentence-transformers/all-MiniLM-L6-v2,0.7,1
Polygaloides chamaebuxus,Tetragonolobus siliqosus,0.4106,not synonym,sentence-transformers/all-MiniLM-L6-v2,0.7,0
Muraltia macropetala,Racosperma polybotryum,0.1456,not synonym,sentence-transformers/all-MiniLM-L6-v2,0.7,0
Kartalinia acaulis,Psoralea acaulis,0.5646,not synonym,sentence-transformers/all-MiniLM-L6-v2,0.7,1
Polygala crotalarioides,Eysenhardtia amorphoides,0.3698,not synonym,sentence-transformers/all-MiniLM-L6-v2,0.7,0
Acanthocladus dichromus,Acanthocladus albicans,0.7293,synonym,sentence-transformers/all-MiniLM-L6-v2,0.7,1
Archidendron clypearia,Chesneya olivieri,0.1938,not synonym,sentence-transformers/all-MiniLM-L6-v2,0.7,0
Calliandra selloi,Anneslia brevipes,0.3059,not synonym,sentence-transformers/all-MiniLM-L6-v2,0.7,1
Eutaxia myrtifolia,Feuilleea plumifera,0.1924,not synonym,sentence-transformers/all-MiniLM-L6-v2,0.7,0
Inga heterophylla,Feuilleea stenocarpa,0.4433,not synonym,sentence-transformers/all-MiniLM-L6-v2,0.7,1
Ononis dentata,Glycine americana,0.3157,not synonym,sentence-transformers/all-MiniLM-L6-v2,0.7,0
Acacia covenyi,Racosperma covenyi,0.3836,not synonym,sentence-transformers/all-MiniLM-L6-v2,0.7,1
Comesperma sphaerocarpum,Bredemeyera sphaerocarpa,0.5314,not synonym,sentence-transformers/all-MiniLM-L6-v2,0.7,1
Polygaloides chamaebuxus,Scottia dentata,0.3518,not synonym,sentence-transformers/all-MiniLM-L6-v2,0.7,0
Betencourtia gracillima,Spiroloba bigemina,0.4155,not synonym,sentence-transformers/all-MiniLM-L6-v2,0.7,0
Microcharis stipulosa,Anila stipularis,0.5576,not synonym,sentence-transformers/all-MiniLM-L6-v2,0.7,1
Carmichaelia stevensonii,Dorycnium suffruticosum,0.2776,not synonym,sentence-transformers/all-MiniLM-L6-v2,0.7,0
Erythrostemon melanadenius,Poincianella melanadenia,0.5815,not synonym,sentence-transformers/all-MiniLM-L6-v2,0.7,1
Acacia glaucoptera,Securidaca volubilis,0.2772,not synonym,sentence-transformers/all-MiniLM-L6-v2,0.7,0
Asemeia violacea,Inga laurifolia,0.3823,not synonym,sentence-transformers/all-MiniLM-L6-v2,0.7,0
Erythrostemon acapulcensis,Camptosema scarlatinum,0.1322,not synonym,sentence-transformers/all-MiniLM-L6-v2,0.7,0
Apios americana,Muraltia decandollei,0.1458,not synonym,sentence-transformers/all-MiniLM-L6-v2,0.7,0
Calobota sericea,Dialium kingii,0.3076,not synonym,sentence-transformers/all-MiniLM-L6-v2,0.7,0
Muraltia filiformis,Polygala micrantha,0.4445,not synonym,sentence-transformers/all-MiniLM-L6-v2,0.7,1
Bossiaea dentata,Scottia angustifolia,0.3127,not synonym,sentence-transformers/all-MiniLM-L6-v2,0.7,1
Gonocytisus angulatus,Myrospermum arboreum,0.2245,not synonym,sentence-transformers/all-MiniLM-L6-v2,0.7,0
Inga pilosula,Feuilleea quassiaefolia,0.4189,not synonym,sentence-transformers/all-MiniLM-L6-v2,0.7,1
Dimorphandra pennigera,Dimorphandra speciosa,0.7525,synonym,sentence-transformers/all-MiniLM-L6-v2,0.7,1
Securidaca divaricata,Securidaca affinis,0.8506,synonym,sentence-transformers/all-MiniLM-L6-v2,0.7,1
Genista tricuspidata,Indigofera gyrata,0.3881,not synonym,sentence-transformers/all-MiniLM-L6-v2,0.7,0
Millettia stuhlmannii,Nissolia acuminata,0.4064,not synonym,sentence-transformers/all-MiniLM-L6-v2,0.7,0
Glycine max,Pedrosia arenaria,0.1457,not synonym,sentence-transformers/all-MiniLM-L6-v2,0.7,0
Inga pilosula,Genista monspessulana,0.3941,not synonym,sentence-transformers/all-MiniLM-L6-v2,0.7,0
Muraltia stipulacea,Muraltia diffusa,0.6783,not synonym,sentence-transformers/all-MiniLM-L6-v2,0.7,1
Acacia peruviana,Banisterodes glaucum,0.1869,not synonym,sentence-transformers/all-MiniLM-L6-v2,0.7,0
Polygala cneorum,Senega regnellii,0.3926,not synonym,sentence-transformers/all-MiniLM-L6-v2,0.7,1
Genista spartioides,Genista retamoides,0.7717,synonym,sentence-transformers/all-MiniLM-L6-v2,0.7,1
Amphicarpaea edgeworthii,Falcata japonica,0.2333,not synonym,sentence-transformers/all-MiniLM-L6-v2,0.7,1
Calobota cytisoides,Spartium ferox,0.2606,not synonym,sentence-transformers/all-MiniLM-L6-v2,0.7,0
Polygala calcarea,Polygala heterophylla,0.701,synonym,sentence-transformers/all-MiniLM-L6-v2,0.7,1
Inga ornata,Inga dolichantha,0.613,not synonym,sentence-transformers/all-MiniLM-L6-v2,0.7,1
Carmichaelia australis,Carmichaelia flagelliformis,0.6915,not synonym,sentence-transformers/all-MiniLM-L6-v2,0.7,1
Inga inicuil,Ononis spinosohircina,0.1797,not synonym,sentence-transformers/all-MiniLM-L6-v2,0.7,0
Camoensia scandens,Polygala tamariscea,0.2701,not synonym,sentence-transformers/all-MiniLM-L6-v2,0.7,0
Microcharis microcharoides,Rhynchotropis curtisiae,0.1395,not synonym,sentence-transformers/all-MiniLM-L6-v2,0.7,1
Hebecarpa caracasana,Polygala andreana,0.2534,not synonym,sentence-transformers/all-MiniLM-L6-v2,0.7,1
Gastrolobium rigidum,Oxylobium rigidum,0.6739,not synonym,sentence-transformers/all-MiniLM-L6-v2,0.7,1
Mundulea chapelieri,Mundulea chpelieri,0.8462,synonym,sentence-transformers/all-MiniLM-L6-v2,0.7,1
Microcharis contorta,Mora guianensis,0.2613,not synonym,sentence-transformers/all-MiniLM-L6-v2,0.7,0
Nissolia vincentina,Boenninghausia vincentina,0.5992,not synonym,sentence-transformers/all-MiniLM-L6-v2,0.7,1
Muraltia aspalatha,Muraltia phylicoides,0.594,not synonym,sentence-transformers/all-MiniLM-L6-v2,0.7,1
Archidendron havilandii,Pithecellobium havilandii,0.4944,not synonym,sentence-transformers/all-MiniLM-L6-v2,0.7,1
Lotus conimbricensis,Lotus ciliatus,0.7462,synonym,sentence-transformers/all-MiniLM-L6-v2,0.7,1
Chesneya ferganensis,Chesniella ferganensis,0.8455,synonym,sentence-transformers/all-MiniLM-L6-v2,0.7,1
Mundulea barclayi,Mundulea andringitrensis,0.4354,not synonym,sentence-transformers/all-MiniLM-L6-v2,0.7,1
Inga inicuil,Feuilleea inicuil,0.7012,synonym,sentence-transformers/all-MiniLM-L6-v2,0.7,1
Dysolobium grande,Genista virgata,0.2389,not synonym,sentence-transformers/all-MiniLM-L6-v2,0.7,0
Humularia drepanocephala,Maughania procumbens,0.2525,not synonym,sentence-transformers/all-MiniLM-L6-v2,0.7,0
Dahlstedtia glaziovii,Monnina epilobioides,0.1137,not synonym,sentence-transformers/all-MiniLM-L6-v2,0.7,0
Flemingia strobilifera,Polygala trinervata,0.3157,not synonym,sentence-transformers/all-MiniLM-L6-v2,0.7,0
Xanthophyllum papuanum,Xanthophyllum papuanum,1.0,synonym,sentence-transformers/all-MiniLM-L6-v2,0.7,1
Genista tenera,Teline congesta,0.2639,not synonym,sentence-transformers/all-MiniLM-L6-v2,0.7,1
Calliandra depauperata,Inga ochroclada,0.4,not synonym,sentence-transformers/all-MiniLM-L6-v2,0.7,0
Millettia sericea,Phaseolodes zollingerianum,0.1061,not synonym,sentence-transformers/all-MiniLM-L6-v2,0.7,1
Dialium zenkeri,Genista lipskii,0.1718,not synonym,sentence-transformers/all-MiniLM-L6-v2,0.7,0
Angylocalyx talbotii,Angylocalyx talbotii,1.0,synonym,sentence-transformers/all-MiniLM-L6-v2,0.7,1
Archidendron alternifoliolatum,Teline paivae,0.071,not synonym,sentence-transformers/all-MiniLM-L6-v2,0.7,0
Millettia pulchra,Phaseolodes pulchrum,0.493,not synonym,sentence-transformers/all-MiniLM-L6-v2,0.7,1
Gilbertiodendron grandistipulatum,Inga splendens,0.2238,not synonym,sentence-transformers/all-MiniLM-L6-v2,0.7,0
Genista cinerea,Tunatea brachystachya,0.1513,not synonym,sentence-transformers/all-MiniLM-L6-v2,0.7,0
Alistilus jumellei,Macrolobium barbulatum,0.2843,not synonym,sentence-transformers/all-MiniLM-L6-v2,0.7,0
Polygala exilis,Polygala nova,0.717,synonym,sentence-transformers/all-MiniLM-L6-v2,0.7,1
Inga inicuil,Inga radians,0.4922,not synonym,sentence-transformers/all-MiniLM-L6-v2,0.7,1
Machaerium donnell-smithii,Calliandra bullata,0.3134,not synonym,sentence-transformers/all-MiniLM-L6-v2,0.7,0
Comesperma ericinum,Comesperma aristulosum,0.5806,not synonym,sentence-transformers/all-MiniLM-L6-v2,0.7,1
Polygala macroptera,Polygala longifolia,0.5269,not synonym,sentence-transformers/all-MiniLM-L6-v2,0.7,1
Flemingia macrophylla,Flemingia macrophylla,1.0,synonym,sentence-transformers/all-MiniLM-L6-v2,0.7,1
Genista sagittalis,Bredemeyera calymega,0.3135,not synonym,sentence-transformers/all-MiniLM-L6-v2,0.7,0
Polygaloides vayredae,Polygala vayredae,0.9307,synonym,sentence-transformers/all-MiniLM-L6-v2,0.7,1
Asemeia extraaxillaris,Polygala fallax,0.4087,not synonym,sentence-transformers/all-MiniLM-L6-v2,0.7,1
Caamembeca autranii,Polygala autranii,0.6067,not synonym,sentence-transformers/all-MiniLM-L6-v2,0.7,1
Angylocalyx pynaertii,Angylocalyx gossweileri,0.7098,synonym,sentence-transformers/all-MiniLM-L6-v2,0.7,1
Berlinia grandiflora,Westia grandiflora,0.6978,not synonym,sentence-transformers/all-MiniLM-L6-v2,0.7,1
Polygala trichosperma,Glycine angustifolia,0.1006,not synonym,sentence-transformers/all-MiniLM-L6-v2,0.7,0
Gastrolobium obovatum,Gastrolobium obovatum,1.0,synonym,sentence-transformers/all-MiniLM-L6-v2,0.7,1
Archidendron molle,Archidendron incurvatum,0.5854,not synonym,sentence-transformers/all-MiniLM-L6-v2,0.7,0
Archidendron aruense,Meibomia ormocarpoides,0.166,not synonym,sentence-transformers/all-MiniLM-L6-v2,0.7,0
Nissolia vincentina,Xanthophyllum undulatum,0.3078,not synonym,sentence-transformers/all-MiniLM-L6-v2,0.7,0
Muraltia ericifolia,Muraltia petraea,0.5983,not synonym,sentence-transformers/all-MiniLM-L6-v2,0.7,0
Monnina cuneata,Monnina diversifolia,0.5558,not synonym,sentence-transformers/all-MiniLM-L6-v2,0.7,1
Polygala nicaeensis,Securidaca mollis,0.1759,not synonym,sentence-transformers/all-MiniLM-L6-v2,0.7,0
Archidendron glandulosum,Archidendron glandulosum,1.0,synonym,sentence-transformers/all-MiniLM-L6-v2,0.7,1
Millettia psilopetala,Craibia bequaertii,0.3156,not synonym,sentence-transformers/all-MiniLM-L6-v2,0.7,1
Chorizema aciculare,Monnina humahuaquensis,0.2075,not synonym,sentence-transformers/all-MiniLM-L6-v2,0.7,0
Lotus biflorus,Epirixanthes tenella,0.3337,not synonym,sentence-transformers/all-MiniLM-L6-v2,0.7,0
Erythrostemon pannosus,Eminia eminens,0.2185,not synonym,sentence-transformers/all-MiniLM-L6-v2,0.7,0
Gastrolobium nervosum,Oxylobium nervosum,0.7038,synonym,sentence-transformers/all-MiniLM-L6-v2,0.7,1
Lupinus angustifolius,Lupinus opsianthus,0.7564,synonym,sentence-transformers/all-MiniLM-L6-v2,0.7,1
Comesperma virgatum,Comesperma selaginoides,0.6541,not synonym,sentence-transformers/all-MiniLM-L6-v2,0.7,1
Carmichaelia stevensonii,Inga pulcherrima,0.249,not synonym,sentence-transformers/all-MiniLM-L6-v2,0.7,0
Genista ausetana,Bossiaea cordigera,0.3565,not synonym,sentence-transformers/all-MiniLM-L6-v2,0.7,0
Muraltia pappeana,Hedysarum ebenus,0.2365,not synonym,sentence-transformers/all-MiniLM-L6-v2,0.7,0
Archidendron tetraphyllum,Pithecellobium tetraphyllum,0.6312,not synonym,sentence-transformers/all-MiniLM-L6-v2,0.7,1
Calobota angustifolia,Calobota multiflora,0.6056,not synonym,sentence-transformers/all-MiniLM-L6-v2,0.7,1
Herpyza grandiflora,Teramnus gandiflorus,0.3205,not synonym,sentence-transformers/all-MiniLM-L6-v2,0.7,1
Ononis leucotricha,Anneslia guildingii,0.3998,not synonym,sentence-transformers/all-MiniLM-L6-v2,0.7,0
Nissolia chacoensis,Chorizema chandleri,0.3586,not synonym,sentence-transformers/all-MiniLM-L6-v2,0.7,0
Polygala sphenoptera,Polygala ruderalis,0.6422,not synonym,sentence-transformers/all-MiniLM-L6-v2,0.7,1
Polygaloides paucifolia,Triclisperma grandiflora,0.4777,not synonym,sentence-transformers/all-MiniLM-L6-v2,0.7,1
Calliandra harrisii,Inga harrisii,0.6809,not synonym,sentence-transformers/all-MiniLM-L6-v2,0.7,1
Genista ferox,Genista charegia,0.7353,synonym,sentence-transformers/all-MiniLM-L6-v2,0.7,1
Acacia decora,Scorpius clusii,0.2271,not synonym,sentence-transformers/all-MiniLM-L6-v2,0.7,0
Calliandra tergemina,Mimosa tetraphylla,0.215,not synonym,sentence-transformers/all-MiniLM-L6-v2,0.7,1
Genista lydia,Polygala formosa,0.1873,not synonym,sentence-transformers/all-MiniLM-L6-v2,0.7,0
Genista tricuspidata,Pithecellobium siltepecense,0.3423,not synonym,sentence-transformers/all-MiniLM-L6-v2,0.7,0
Acacia biflora,Acacia biflora,1.0,synonym,sentence-transformers/all-MiniLM-L6-v2,0.7,1
Nissolia spinosa,Albizia clypearia,0.3773,not synonym,sentence-transformers/all-MiniLM-L6-v2,0.7,0
Gilbertiodendron brachystegioides,Xanthophyllum hosei,0.3148,not synonym,sentence-transformers/all-MiniLM-L6-v2,0.7,0
Angylocalyx schumannianus,Angylocalyx vermeulenii,0.497,not synonym,sentence-transformers/all-MiniLM-L6-v2,0.7,1
Inga salicifolia,Pithecellobium fallax,0.2408,not synonym,sentence-transformers/all-MiniLM-L6-v2,0.7,0
Polygala cymosa,Oxylobium cuneatum,0.2666,not synonym,sentence-transformers/all-MiniLM-L6-v2,0.7,0
Ononis euphrasiifolia,Bugranopsis stricta,0.3675,not synonym,sentence-transformers/all-MiniLM-L6-v2,0.7,1
Genista dracunculoides,Phaseoloides pulchrum,0.3572,not synonym,sentence-transformers/all-MiniLM-L6-v2,0.7,0
Machaerium lanceolatum,Machaerium leiocarpum,0.7289,synonym,sentence-transformers/all-MiniLM-L6-v2,0.7,1
Calobota saharae,Genista saharae,0.5132,not synonym,sentence-transformers/all-MiniLM-L6-v2,0.7,1
Apios fortunei,Dialium sylvestre,0.2947,not synonym,sentence-transformers/all-MiniLM-L6-v2,0.7,0
Polygala usafuensis,Polygala heliostigma,0.6271,not synonym,sentence-transformers/all-MiniLM-L6-v2,0.7,1
Muraltia calycina,Lepidocoma gracilis,0.2052,not synonym,sentence-transformers/all-MiniLM-L6-v2,0.7,0
Bredemeyera floribunda,Comesperma floribunda,0.7094,synonym,sentence-transformers/all-MiniLM-L6-v2,0.7,1
Muraltia ericoides,Salomonia arnottiana,0.3478,not synonym,sentence-transformers/all-MiniLM-L6-v2,0.7,0
Polygala serpyllifolia,Feuilleea fasciculata,0.4357,not synonym,sentence-transformers/all-MiniLM-L6-v2,0.7,0
Brachypterum philippinense,Apios cavaleriei,0.2258,not synonym,sentence-transformers/all-MiniLM-L6-v2,0.7,0
Monnina xalapensis,Monnina obscura,0.5026,not synonym,sentence-transformers/all-MiniLM-L6-v2,0.7,1
Acacia elata,Comesperma aristulosum,0.2016,not synonym,sentence-transformers/all-MiniLM-L6-v2,0.7,0
Calliandra sessilis,Ononis laevis,0.3814,not synonym,sentence-transformers/all-MiniLM-L6-v2,0.7,0
Comesperma sylvestre,Comesperma silvestre,0.9041,synonym,sentence-transformers/all-MiniLM-L6-v2,0.7,1
Flemingia helferiana,Maughania helferiana,0.6763,not synonym,sentence-transformers/all-MiniLM-L6-v2,0.7,1
Ancistrotropis peduncularis,Phaseolus pascuorum,0.3202,not synonym,sentence-transformers/all-MiniLM-L6-v2,0.7,1
Genista albida,Genista scythica,0.6939,not synonym,sentence-transformers/all-MiniLM-L6-v2,0.7,1
Inga laurina,Inga fagifolia,0.4476,not synonym,sentence-transformers/all-MiniLM-L6-v2,0.7,1
Flemingia pauciflora,Robinia dubia,0.4251,not synonym,sentence-transformers/all-MiniLM-L6-v2,0.7,0
Chesneya acaulis,Feuilleea dysantha,0.4772,not synonym,sentence-transformers/all-MiniLM-L6-v2,0.7,0
Comesperma ericinum,Bredemeyera ericina,0.5051,not synonym,sentence-transformers/all-MiniLM-L6-v2,0.7,1
Mecopus nidulans,Colutea americana,0.3284,not synonym,sentence-transformers/all-MiniLM-L6-v2,0.7,0
Archidendron bigeminum,Inga hirsutissima,0.1271,not synonym,sentence-transformers/all-MiniLM-L6-v2,0.7,0
Securidaca trianae,Flemingia racemosa,0.4248,not synonym,sentence-transformers/all-MiniLM-L6-v2,0.7,0
Gastrolobium minus,Brachysema latifolium,0.2862,not synonym,sentence-transformers/all-MiniLM-L6-v2,0.7,1
Genista aristata,Calliandra michelii,0.3705,not synonym,sentence-transformers/all-MiniLM-L6-v2,0.7,0
Inga laurina,Feuilleea laurina,0.6113,not synonym,sentence-transformers/all-MiniLM-L6-v2,0.7,1
Adenopodia spicata,Calliandra slaneae,0.2891,not synonym,sentence-transformers/all-MiniLM-L6-v2,0.7,0
Erythrostemon standleyi,Nemcia truncata,0.3066,not synonym,sentence-transformers/all-MiniLM-L6-v2,0.7,0
Genista salzmannii,Polygala saxatilis,0.1327,not synonym,sentence-transformers/all-MiniLM-L6-v2,0.7,0
Polygala japonica,Genista villosa,0.3385,not synonym,sentence-transformers/all-MiniLM-L6-v2,0.7,0
Inga vulpina,Dillwynia glycinifolia,0.232,not synonym,sentence-transformers/all-MiniLM-L6-v2,0.7,0
Archidendron jiringa,Lovanafia capuroniana,0.2855,not synonym,sentence-transformers/all-MiniLM-L6-v2,0.7,0
Glycine clandestina,Calobota multiflora,0.2693,not synonym,sentence-transformers/all-MiniLM-L6-v2,0.7,0
Cyclopia maculata,Ononis polymorpha,0.2617,not synonym,sentence-transformers/all-MiniLM-L6-v2,0.7,0
Caamembeca grandifolia,Polygala macrophylla,0.3401,not synonym,sentence-transformers/all-MiniLM-L6-v2,0.7,1
Angylocalyx oligophyllus,Racosperma inamabile,0.1489,not synonym,sentence-transformers/all-MiniLM-L6-v2,0.7,0
Monnina marginata,Monnina gaudroniana,0.6516,not synonym,sentence-transformers/all-MiniLM-L6-v2,0.7,1
Muraltia macrocarpa,Xanthophyllum paniculatum,0.337,not synonym,sentence-transformers/all-MiniLM-L6-v2,0.7,0
Inga laevigata,Flemingia fluminalis,0.2632,not synonym,sentence-transformers/all-MiniLM-L6-v2,0.7,0
Muraltia squarrosa,Muraltia dregei,0.717,synonym,sentence-transformers/all-MiniLM-L6-v2,0.7,1
Lotus dorycnium,Dorycnium sphaerocarpum,0.7048,synonym,sentence-transformers/all-MiniLM-L6-v2,0.7,1
Archidendron borneense,Bionia marginata,0.2511,not synonym,sentence-transformers/all-MiniLM-L6-v2,0.7,0
Ebenus laguroides,Larrea humilis,0.4018,not synonym,sentence-transformers/all-MiniLM-L6-v2,0.7,0
Lotus hirsutus,Polygala decumbens,0.2599,not synonym,sentence-transformers/all-MiniLM-L6-v2,0.7,0
Machaerium tolimense,Machaerium tolimense,1.0,synonym,sentence-transformers/all-MiniLM-L6-v2,0.7,1
Inga multicaulis,Calophaca vaginalis,0.2569,not synonym,sentence-transformers/all-MiniLM-L6-v2,0.7,0
Inga ruiziana,Inga melinonis,0.6052,not synonym,sentence-transformers/all-MiniLM-L6-v2,0.7,1
Ammopiptanthus nanus,Millettia brunneosericea,0.1971,not synonym,sentence-transformers/all-MiniLM-L6-v2,0.7,0
Muraltia asparagifolia,Heistera asparagifolia,0.6964,not synonym,sentence-transformers/all-MiniLM-L6-v2,0.7,1
Carmichaelia juncea,Polygala klotzschii,0.3255,not synonym,sentence-transformers/all-MiniLM-L6-v2,0.7,0
Gastrolobium brownii,Nemcia brownii,0.6143,not synonym,sentence-transformers/all-MiniLM-L6-v2,0.7,1
Calliandra bijuga,Racosperma glaucopterum,0.0828,not synonym,sentence-transformers/all-MiniLM-L6-v2,0.7,0
Eysenhardtia polystachya,Wiborgia amorphoides,0.3956,not synonym,sentence-transformers/all-MiniLM-L6-v2,0.7,1
Lotus arenarius,Drepanocarpus africanus,0.1995,not synonym,sentence-transformers/all-MiniLM-L6-v2,0.7,0
Hebecarpa obscura,Hebecarpa orthotricha,0.7913,synonym,sentence-transformers/all-MiniLM-L6-v2,0.7,1
Mecopus nidulans,Indigofera medicaginea,0.2377,not synonym,sentence-transformers/all-MiniLM-L6-v2,0.7,0
Genista micrantha,Monnina myrtoides,0.2541,not synonym,sentence-transformers/all-MiniLM-L6-v2,0.7,0
Genista ferox,Teramnus gandiflorus,0.1888,not synonym,sentence-transformers/all-MiniLM-L6-v2,0.7,0
Eysenhardtia polystachya,Psoralea fruticosa,0.3391,not synonym,sentence-transformers/all-MiniLM-L6-v2,0.7,1
Lupinus luteolus,Lupinus bridgesii,0.7467,synonym,sentence-transformers/all-MiniLM-L6-v2,0.7,1
Polygala caudata,Lebeckia acanthoclada,0.4346,not synonym,sentence-transformers/all-MiniLM-L6-v2,0.7,0
Archidendron tonkinense,Moghania trifoliastrum,0.1305,not synonym,sentence-transformers/all-MiniLM-L6-v2,0.7,0
Carmichaelia hutchinsii,Bredemeyera nudiuscula,0.4405,not synonym,sentence-transformers/all-MiniLM-L6-v2,0.7,0
Inga pilosula,Cylindrokelupha macrophylla,0.2753,not synonym,sentence-transformers/all-MiniLM-L6-v2,0.7,0
Machaerium nigrum,Catocoma mansonii,0.311,not synonym,sentence-transformers/all-MiniLM-L6-v2,0.7,0
Delonix decaryi,Polygala angustifolia,0.1869,not synonym,sentence-transformers/all-MiniLM-L6-v2,0.7,0
Carmichaelia torulosa,Hallia sororia,0.4319,not synonym,sentence-transformers/all-MiniLM-L6-v2,0.7,0
Genista patens,Spartium ellipticum,0.0981,not synonym,sentence-transformers/all-MiniLM-L6-v2,0.7,1
Ononis viscosa,Parosela megacarpa,0.2384,not synonym,sentence-transformers/all-MiniLM-L6-v2,0.7,0
Millettia griffoniana,Polygala bicornis,0.3193,not synonym,sentence-transformers/all-MiniLM-L6-v2,0.7,0
Machaerium reticulatum,Nissolia aculeata,0.2779,not synonym,sentence-transformers/all-MiniLM-L6-v2,0.7,1
Acanthocladus brasiliensis,Mundtia brasiliensis,0.5908,not synonym,sentence-transformers/all-MiniLM-L6-v2,0.7,1
Genista patens,Genista elliptica,0.6333,not synonym,sentence-transformers/all-MiniLM-L6-v2,0.7,1
Calophaca wolgarica,Lotus canescens,0.16,not synonym,sentence-transformers/all-MiniLM-L6-v2,0.7,0
Gastrolobium graniticum,Oxylobium kelsoi,0.4282,not synonym,sentence-transformers/all-MiniLM-L6-v2,0.7,1
Dysolobium pilosum,Dolichos rhombifolius,0.3402,not synonym,sentence-transformers/all-MiniLM-L6-v2,0.7,1
Machaerium lanceolatum,Lotus approximatus,0.2906,not synonym,sentence-transformers/all-MiniLM-L6-v2,0.7,0
Flemingia chappar,Ononis occidentalis,0.1539,not synonym,sentence-transformers/all-MiniLM-L6-v2,0.7,0
Calliandra houstoniana,Nemcia rubra,0.3743,not synonym,sentence-transformers/all-MiniLM-L6-v2,0.7,0
Inga pilosula,Daniellia similis,0.2988,not synonym,sentence-transformers/all-MiniLM-L6-v2,0.7,0
Xanthophyllum purpureum,Xanthophyllum molle,0.7781,synonym,sentence-transformers/all-MiniLM-L6-v2,0.7,1
Hoita macrostachya,Chaetocalyx tenuipedicellatus,0.2199,not synonym,sentence-transformers/all-MiniLM-L6-v2,0.7,0
Dolichopsis monticola,Comesperma compactum,0.2675,not synonym,sentence-transformers/all-MiniLM-L6-v2,0.7,0
Dialium guianense,Arouna divaricatum,0.1402,not synonym,sentence-transformers/all-MiniLM-L6-v2,0.7,1
Polygala exilis,Polygala parviflora,0.7345,synonym,sentence-transformers/all-MiniLM-L6-v2,0.7,1
Pachyelasma tessmannii,Stachyothyrsus tessmannii,0.6175,not synonym,sentence-transformers/all-MiniLM-L6-v2,0.7,1
Calliandra purpurea,Lupinus linifolius,0.3633,not synonym,sentence-transformers/all-MiniLM-L6-v2,0.7,0
Ancistrotropis subhastata,Vigna subhastata,0.6377,not synonym,sentence-transformers/all-MiniLM-L6-v2,0.7,1
Millettia caerulea,Heistera micrantha,0.4397,not synonym,sentence-transformers/all-MiniLM-L6-v2,0.7,0
Archidendron lucyi,Banisterodes obscurum,0.2662,not synonym,sentence-transformers/all-MiniLM-L6-v2,0.7,0
Archidendron syringifolium,Muraltia stipulacea,0.1784,not synonym,sentence-transformers/all-MiniLM-L6-v2,0.7,0
Calliandra parvifolia,Calliandra microcalyx,0.6404,not synonym,sentence-transformers/all-MiniLM-L6-v2,0.7,1
Delonix edule,Lemuropisum edule,0.3675,not synonym,sentence-transformers/all-MiniLM-L6-v2,0.7,1
Hoffmannseggia intricata,Larrea intricata,0.5015,not synonym,sentence-transformers/all-MiniLM-L6-v2,0.7,1
Chesneya acaulis,Genista inermis,0.2529,not synonym,sentence-transformers/all-MiniLM-L6-v2,0.7,0
Xanthophyllum ancolanum,Polygala marquesiana,0.4309,not synonym,sentence-transformers/all-MiniLM-L6-v2,0.7,0
Erinacea anthyllis,Erinacea erinacea,0.6777,not synonym,sentence-transformers/all-MiniLM-L6-v2,0.7,1
Genista germanica,Machaerium oxyphyllum,0.3152,not synonym,sentence-transformers/all-MiniLM-L6-v2,0.7,0
Polygala calcarea,Polygala ilseana,0.7553,synonym,sentence-transformers/all-MiniLM-L6-v2,0.7,1
Monnina boliviana,Pteromonnina boliviana,0.7378,synonym,sentence-transformers/all-MiniLM-L6-v2,0.7,1
Ononis tridentata,Inga rugosa,0.3152,not synonym,sentence-transformers/all-MiniLM-L6-v2,0.7,0
Nissolia vincentina,Bossiaea riparia,0.4266,not synonym,sentence-transformers/all-MiniLM-L6-v2,0.7,0
Chesneya ferganensis,Xanthophyllum insigne,0.2461,not synonym,sentence-transformers/all-MiniLM-L6-v2,0.7,0
Machaerium reticulatum,Feuilleea heterophylla,0.192,not synonym,sentence-transformers/all-MiniLM-L6-v2,0.7,0
Humularia rosea,Oxylobium obtusifolium,0.2441,not synonym,sentence-transformers/all-MiniLM-L6-v2,0.7,0
Genista segonnei,Cytisus segonnei,0.5251,not synonym,sentence-transformers/all-MiniLM-L6-v2,0.7,1
Flemingia parviflora,Psoralea schultzii,0.4242,not synonym,sentence-transformers/all-MiniLM-L6-v2,0.7,1
Hippocrepis emerus,Emurus major,0.3564,not synonym,sentence-transformers/all-MiniLM-L6-v2,0.7,1
Bredemeyera cuneata,Bredemeyera cuneata,1.0,synonym,sentence-transformers/all-MiniLM-L6-v2,0.7,1
Xanthophyllum erythrostachyum,Xanthophyllum forbesii,0.7798,synonym,sentence-transformers/all-MiniLM-L6-v2,0.7,1
Kotschya speciosa,Xanthophyllum scortechinii,0.4363,not synonym,sentence-transformers/all-MiniLM-L6-v2,0.7,0
Flemingia macrophylla,Berlinia stipulacea,0.3714,not synonym,sentence-transformers/all-MiniLM-L6-v2,0.7,0
Xanthophyllum rufum,Nemcia punctata,0.3441,not synonym,sentence-transformers/all-MiniLM-L6-v2,0.7,0
Gastrolobium bracteolosum,Brachysema bracteolosum,0.7219,synonym,sentence-transformers/all-MiniLM-L6-v2,0.7,1
Millettia urophylloides,Caesalpinia colimensis,0.2719,not synonym,sentence-transformers/all-MiniLM-L6-v2,0.7,0
Bouffordia dichotoma,Sophora angulata,0.2319,not synonym,sentence-transformers/all-MiniLM-L6-v2,0.7,0
Flemingia macrophylla,Crotalaria cavaleriei,0.3837,not synonym,sentence-transformers/all-MiniLM-L6-v2,0.7,1
Archidendron lucidum,Dalbergia amorphoides,0.1815,not synonym,sentence-transformers/all-MiniLM-L6-v2,0.7,0
Calliandra fasciculata,Eutaxia punctata,0.3294,not synonym,sentence-transformers/all-MiniLM-L6-v2,0.7,0
Millettia fruticosa,Millettia fruticosa,1.0,synonym,sentence-transformers/all-MiniLM-L6-v2,0.7,1
Flemingia nana,Racosperma alpinum,0.168,not synonym,sentence-transformers/all-MiniLM-L6-v2,0.7,0
Acacia cultriformis,Inga hirsuta,0.1411,not synonym,sentence-transformers/all-MiniLM-L6-v2,0.7,0
Archidendron bigeminum,Xanthophyllum geminiflorum,0.225,not synonym,sentence-transformers/all-MiniLM-L6-v2,0.7,0
Securidaca pubescens,Polygala dumosa,0.3188,not synonym,sentence-transformers/all-MiniLM-L6-v2,0.7,0
Glycine max,Monnina crispata,0.1934,not synonym,sentence-transformers/all-MiniLM-L6-v2,0.7,0
Ebenus haussknechtii,Lonchocarpus paullinioides,0.4415,not synonym,sentence-transformers/all-MiniLM-L6-v2,0.7,0
Daniellia ogea,Polygala heterorhyncha,0.3196,not synonym,sentence-transformers/all-MiniLM-L6-v2,0.7,0
Polygala longifolia,Polygala leptalea,0.6463,not synonym,sentence-transformers/all-MiniLM-L6-v2,0.7,1
Glycine canescens,Leptocyamus sericeus,0.2765,not synonym,sentence-transformers/all-MiniLM-L6-v2,0.7,1
Coulteria platyloba,Whitfordiodendron filipes,0.3531,not synonym,sentence-transformers/all-MiniLM-L6-v2,0.7,0
Erythrostemon hughesii,Caesalpinia hughesii,0.5442,not synonym,sentence-transformers/all-MiniLM-L6-v2,0.7,1
Myroxylon peruiferum,Anneslia xalapensis,0.3465,not synonym,sentence-transformers/all-MiniLM-L6-v2,0.7,0
Genista radiata,Cytisanthus sericopetalus,0.1594,not synonym,sentence-transformers/all-MiniLM-L6-v2,0.7,1
Archidendron kerrii,Pithecellobium kerrii,0.5255,not synonym,sentence-transformers/all-MiniLM-L6-v2,0.7,1
Archidendron vaillantii,Pithecellobium vaillantii,0.4664,not synonym,sentence-transformers/all-MiniLM-L6-v2,0.7,1
Machaerium firmum,Tetragonolobus aegaeus,0.2624,not synonym,sentence-transformers/all-MiniLM-L6-v2,0.7,0
Calliandra rhodocephala,Anneslia rhodocephala,0.7114,synonym,sentence-transformers/all-MiniLM-L6-v2,0.7,1
Bredemeyera floribunda,Catocoma floribunda,0.6124,not synonym,sentence-transformers/all-MiniLM-L6-v2,0.7,1
Archidendron oppositum,Pithecellobium oppositum,0.4837,not synonym,sentence-transformers/all-MiniLM-L6-v2,0.7,1
Monnina richardiana,Teline segonnei,0.2722,not synonym,sentence-transformers/all-MiniLM-L6-v2,0.7,0
Bredemeyera hebeclada,Securidaca hebeclada,0.7136,synonym,sentence-transformers/all-MiniLM-L6-v2,0.7,1
Lotus jordanii,Racosperma hamiltonianum,0.116,not synonym,sentence-transformers/all-MiniLM-L6-v2,0.7,0
Inga pilosula,Pithecellobium baucheri,0.4483,not synonym,sentence-transformers/all-MiniLM-L6-v2,0.7,0
Errazurizia multifoliolata,Dalea mutifoliata,0.2186,not synonym,sentence-transformers/all-MiniLM-L6-v2,0.7,1
Lupinus luteolus,Lemuropisum edule,0.5495,not synonym,sentence-transformers/all-MiniLM-L6-v2,0.7,0
Microcharis phyllogramme,Indigofera phyllogramme,0.5447,not synonym,sentence-transformers/all-MiniLM-L6-v2,0.7,1
Genista ferox,Phaseoloides maingayi,0.088,not synonym,sentence-transformers/all-MiniLM-L6-v2,0.7,0
Polygala seminuda,Smithia lutea,0.2088,not synonym,sentence-transformers/all-MiniLM-L6-v2,0.7,0
Ononis leucotricha,Daniellia mortehanii,0.3623,not synonym,sentence-transformers/all-MiniLM-L6-v2,0.7,0
Padbruggea dasyphylla,Ferrum-equinum multisiliquosum,0.2341,not synonym,sentence-transformers/all-MiniLM-L6-v2,0.7,0
Dysolobium dolichoides,Polygala nelsonii,0.3686,not synonym,sentence-transformers/all-MiniLM-L6-v2,0.7,0
Lotus berthelotii,Lotus peliorhynchus,0.6495,not synonym,sentence-transformers/all-MiniLM-L6-v2,0.7,1
Flemingia latifolia,Salomonia angulata,0.3495,not synonym,sentence-transformers/all-MiniLM-L6-v2,0.7,0
Lotus tenellus,Ononis spicata,0.2979,not synonym,sentence-transformers/all-MiniLM-L6-v2,0.7,0
Polygala mexicana,Polygala mexicana,1.0,synonym,sentence-transformers/all-MiniLM-L6-v2,0.7,1
Gastrolobium retusum,Ononis dentata,0.1641,not synonym,sentence-transformers/all-MiniLM-L6-v2,0.7,0
Xanthophyllum obscurum,Feuilleea longipinna,0.2266,not synonym,sentence-transformers/all-MiniLM-L6-v2,0.7,0
Polygala salviniana,Securidaca rufescens,0.3083,not synonym,sentence-transformers/all-MiniLM-L6-v2,0.7,0
Hebecarpa ovatifolia,Tipuana mucronata,0.2602,not synonym,sentence-transformers/all-MiniLM-L6-v2,0.7,0
Securidaca coriacea,Lupinus amniculi-vulpum,0.2939,not synonym,sentence-transformers/all-MiniLM-L6-v2,0.7,0
Archidendron falcatum,Pithecellobium lobatum,0.2421,not synonym,sentence-transformers/all-MiniLM-L6-v2,0.7,1
Lotus angustissimus,Lotus mollissimus,0.7593,synonym,sentence-transformers/all-MiniLM-L6-v2,0.7,1
Ononis pubescens,Ononis arthropodia,0.6356,not synonym,sentence-transformers/all-MiniLM-L6-v2,0.7,1
Machaerium hirtum,Machaerium violaceopurpureum,0.5705,not synonym,sentence-transformers/all-MiniLM-L6-v2,0.7,1
Lupinus onustus,Robinia thonningii,0.2843,not synonym,sentence-transformers/all-MiniLM-L6-v2,0.7,0
Genista patens,Teline patens,0.4943,not synonym,sentence-transformers/all-MiniLM-L6-v2,0.7,1
Archidendron chevalieri,Ortholobium chevalieri,0.7017,synonym,sentence-transformers/all-MiniLM-L6-v2,0.7,1
Genista sessilifolia,Polygala scleroxylon,0.2501,not synonym,sentence-transformers/all-MiniLM-L6-v2,0.7,0
Flemingia paniculata,Lebeckia lotononoides,0.4502,not synonym,sentence-transformers/all-MiniLM-L6-v2,0.7,0
Gastrolobium stipulare,Nemcia stipularis,0.575,not synonym,sentence-transformers/all-MiniLM-L6-v2,0.7,1
Comesperma calymega,Comesperma strictum,0.5773,not synonym,sentence-transformers/all-MiniLM-L6-v2,0.7,1
Muraltia longicuspis,Calliandra dendroides,0.2484,not synonym,sentence-transformers/all-MiniLM-L6-v2,0.7,0
Amphicarpaea bracteata,Amphicarpaea ciliata,0.7436,synonym,sentence-transformers/all-MiniLM-L6-v2,0.7,1
Angylocalyx oligophyllus,Polygala lindmaniana,0.4447,not synonym,sentence-transformers/all-MiniLM-L6-v2,0.7,0
Lotus peregrinus,Heisteria candollei,0.2341,not synonym,sentence-transformers/all-MiniLM-L6-v2,0.7,0
Ononis maweana,Ononis hackelii,0.6884,not synonym,sentence-transformers/all-MiniLM-L6-v2,0.7,1
Calliandra quetzal,Pithecellobium occultatum,0.1685,not synonym,sentence-transformers/all-MiniLM-L6-v2,0.7,0
Calliandra humilis,Spartium cuspidosum,0.1991,not synonym,sentence-transformers/all-MiniLM-L6-v2,0.7,0
Archidendron bigeminum,Spiroloba bigemina,0.3678,not synonym,sentence-transformers/all-MiniLM-L6-v2,0.7,1
Polygala tricholopha,Polygala laotica,0.6983,not synonym,sentence-transformers/all-MiniLM-L6-v2,0.7,1
Calliandra houstoniana,Calliandra metrosideriflora,0.6228,not synonym,sentence-transformers/all-MiniLM-L6-v2,0.7,1
Archidendron alternifoliolatum,Lebeckia armata,0.2125,not synonym,sentence-transformers/all-MiniLM-L6-v2,0.7,0
Inga densiflora,Comesperma aphyllum,0.2216,not synonym,sentence-transformers/all-MiniLM-L6-v2,0.7,0
Archidendron pahangense,Pithecellobium mottleyanum,0.091,not synonym,sentence-transformers/all-MiniLM-L6-v2,0.7,0
Genista canariensis,Cytisus paniculatus,0.1504,not synonym,sentence-transformers/all-MiniLM-L6-v2,0.7,1
Calliandra bijuga,Chaetocalyx fissus,0.3248,not synonym,sentence-transformers/all-MiniLM-L6-v2,0.7,0
Inga edwallii,Affonsea hirsuta,0.3829,not synonym,sentence-transformers/all-MiniLM-L6-v2,0.7,1
Hippocrepis unisiliquosa,Pedrosia porto-sanctana,0.2152,not synonym,sentence-transformers/all-MiniLM-L6-v2,0.7,0
Xanthophyllum vitellinum,Heistera striata,0.2722,not synonym,sentence-transformers/all-MiniLM-L6-v2,0.7,0
Hanslia ormocarpoides,Lupinus douglasii,0.2326,not synonym,sentence-transformers/all-MiniLM-L6-v2,0.7,0
Muraltia pauciflora,Polygala pauciflora,0.6462,not synonym,sentence-transformers/all-MiniLM-L6-v2,0.7,1
Polygala cneorum,Anneslia bijuga,0.3712,not synonym,sentence-transformers/all-MiniLM-L6-v2,0.7,0
Monnina richardiana,Monnina olfersiana,0.8234,synonym,sentence-transformers/all-MiniLM-L6-v2,0.7,1
Calliandra trinervia,Feuilleea trinervia,0.4295,not synonym,sentence-transformers/all-MiniLM-L6-v2,0.7,1
Comesperma ericinum,Comesperma latifolium,0.5955,not synonym,sentence-transformers/all-MiniLM-L6-v2,0.7,1
Acacia cultriformis,Acacia glaucifolia,0.7785,synonym,sentence-transformers/all-MiniLM-L6-v2,0.7,1
Diphysa americana,Hippocrepis biflora,0.3497,not synonym,sentence-transformers/all-MiniLM-L6-v2,0.7,0
Machaerium hirtum,Machaerium rectipes,0.6435,not synonym,sentence-transformers/all-MiniLM-L6-v2,0.7,1
Genista ramosissima,Spartium osyris,0.2099,not synonym,sentence-transformers/all-MiniLM-L6-v2,0.7,1
Eutaxia microphylla,Eutaxia microphylla,1.0,synonym,sentence-transformers/all-MiniLM-L6-v2,0.7,1
Muraltia acicularis,Chamaespartium tridentatum,0.2024,not synonym,sentence-transformers/all-MiniLM-L6-v2,0.7,0
Hoffmannseggia humilis,Larrea pueblana,0.2052,not synonym,sentence-transformers/all-MiniLM-L6-v2,0.7,1
Gastrolobium whicherense,Heistera rigida,0.2794,not synonym,sentence-transformers/all-MiniLM-L6-v2,0.7,0
Monnina ligustrina,Hebeandra prinoides,0.3284,not synonym,sentence-transformers/all-MiniLM-L6-v2,0.7,1
Berlinia occidentalis,Securidaca ovata,0.4691,not synonym,sentence-transformers/all-MiniLM-L6-v2,0.7,0
Brachypterum robustum,Dalbergia crowei,0.1245,not synonym,sentence-transformers/all-MiniLM-L6-v2,0.7,1
Flemingia sootepensis,Moghania sootepensis,0.7628,synonym,sentence-transformers/all-MiniLM-L6-v2,0.7,1
Inga multicaulis,Feuilleea multicaulis,0.5483,not synonym,sentence-transformers/all-MiniLM-L6-v2,0.7,1
Hippocrepis biflora,Cylindrokelupha bubalina,0.4358,not synonym,sentence-transformers/all-MiniLM-L6-v2,0.7,0
Lotus dumetorum,Acacia aurea,0.3456,not synonym,sentence-transformers/all-MiniLM-L6-v2,0.7,0
Echinospartum horridum,Polygala banksii,0.2308,not synonym,sentence-transformers/all-MiniLM-L6-v2,0.7,0
Inga chartacea,Carpolobia macrostachya,0.1977,not synonym,sentence-transformers/all-MiniLM-L6-v2,0.7,0
Millettia glaucescens,Dimorphandra excelsa,0.1797,not synonym,sentence-transformers/all-MiniLM-L6-v2,0.7,0
Amphicarpaea bracteata,Daniellia fosterae,0.3179,not synonym,sentence-transformers/all-MiniLM-L6-v2,0.7,0
Archidendron utile,Pithecellobium utile,0.2029,not synonym,sentence-transformers/all-MiniLM-L6-v2,0.7,1
Machaerium declinatum,Dorycnium fulgurans,0.2915,not synonym,sentence-transformers/all-MiniLM-L6-v2,0.7,0
Decorsea dinteri,Mundtia montana,0.1935,not synonym,sentence-transformers/all-MiniLM-L6-v2,0.7,0
Phlebotaenia cowellii,Polygala cowellii,0.7063,synonym,sentence-transformers/all-MiniLM-L6-v2,0.7,1
Badiera oblongata,Monnina parviflora,0.4418,not synonym,sentence-transformers/all-MiniLM-L6-v2,0.7,0
Calliandra riparia,Calliandra schultzei,0.6402,not synonym,sentence-transformers/all-MiniLM-L6-v2,0.7,1
Archidendron glomeriflorum,Racosperma chrysocephalum,0.2203,not synonym,sentence-transformers/all-MiniLM-L6-v2,0.7,0
Flemingia nana,Maughania nana,0.6264,not synonym,sentence-transformers/all-MiniLM-L6-v2,0.7,1
Decorsea schlechteri,Acacia rostellifera,0.2596,not synonym,sentence-transformers/all-MiniLM-L6-v2,0.7,0
Kotschya aeschynomenoides,Inga koeringa,0.3254,not synonym,sentence-transformers/all-MiniLM-L6-v2,0.7,0
Genista sagittalis,Syspone sagittalis,0.5951,not synonym,sentence-transformers/all-MiniLM-L6-v2,0.7,1
Archidendron apoense,Pithecellobium apoense,0.2674,not synonym,sentence-transformers/all-MiniLM-L6-v2,0.7,1
Genista microphylla,Muraltia serpyllifolia,0.3682,not synonym,sentence-transformers/all-MiniLM-L6-v2,0.7,0
Bredemeyera brevifolia,Catocoma brevifolia,0.6447,not synonym,sentence-transformers/all-MiniLM-L6-v2,0.7,1
Carmichaelia juncea,Acacia myriobotrya,0.4139,not synonym,sentence-transformers/all-MiniLM-L6-v2,0.7,0
Xanthophyllum lanceatum,Archidendron racemosum,0.402,not synonym,sentence-transformers/all-MiniLM-L6-v2,0.7,0
Nissolia brasiliensis,Smithia volkensii,0.3075,not synonym,sentence-transformers/all-MiniLM-L6-v2,0.7,0
Decorsea galpinii,Comesperma strictum,0.2514,not synonym,sentence-transformers/all-MiniLM-L6-v2,0.7,0
Monnina tristaniana,Polygala selloi,0.4296,not synonym,sentence-transformers/all-MiniLM-L6-v2,0.7,1
Inga capitata,Carpolobia leandriana,0.2037,not synonym,sentence-transformers/all-MiniLM-L6-v2,0.7,0
Inga chartacea,Mundia glauca,0.4901,not synonym,sentence-transformers/all-MiniLM-L6-v2,0.7,0
Muraltia satureioides,Muraltia ericifolia,0.6591,not synonym,sentence-transformers/all-MiniLM-L6-v2,0.7,1
Gilbertiodendron brachystegioides,Macrolobium brachystegioides,0.6546,not synonym,sentence-transformers/all-MiniLM-L6-v2,0.7,1
Bredemeyera divaricata,Badiera divaricata,0.7138,synonym,sentence-transformers/all-MiniLM-L6-v2,0.7,1
Gastrolobium spectabile,Geissaspis drepanocephala,0.3105,not synonym,sentence-transformers/all-MiniLM-L6-v2,0.7,0
Genista spartioides,Abarema trichophylla,0.3246,not synonym,sentence-transformers/all-MiniLM-L6-v2,0.7,0
Genista canariensis,Telinaria ramosissima,0.2654,not synonym,sentence-transformers/all-MiniLM-L6-v2,0.7,1
Genista florida,Polygala muraltioides,0.1582,not synonym,sentence-transformers/all-MiniLM-L6-v2,0.7,0
Ononis viscosa,Anonis viscosa,0.6522,not synonym,sentence-transformers/all-MiniLM-L6-v2,0.7,1
Archidendron pauciflorum,Genista elliptica,0.2864,not synonym,sentence-transformers/all-MiniLM-L6-v2,0.7,0
Inga setosa,Inga hirsutissima,0.5436,not synonym,sentence-transformers/all-MiniLM-L6-v2,0.7,1
Genista monspessulana,Senega paganuccii,0.4653,not synonym,sentence-transformers/all-MiniLM-L6-v2,0.7,0
Flemingia macrophylla,Moghania latifolia,0.3807,not synonym,sentence-transformers/all-MiniLM-L6-v2,0.7,1
Padbruggea maingayi,Drepanocarpus aristulatus,0.179,not synonym,sentence-transformers/all-MiniLM-L6-v2,0.7,0
Quillaja brasiliensis,Flemingia prostrata,0.4171,not synonym,sentence-transformers/all-MiniLM-L6-v2,0.7,0
Archidendron alternifoliolatum,Caesalpinia watsonii,0.2428,not synonym,sentence-transformers/all-MiniLM-L6-v2,0.7,0
Archidendron xichouense,Archidendron xichouensis,0.9153,synonym,sentence-transformers/all-MiniLM-L6-v2,0.7,1
Muraltia alopecuroides,Heisteria alopecurodes,0.5967,not synonym,sentence-transformers/all-MiniLM-L6-v2,0.7,1
Bredemeyera lucida,Catocoma mansonii,0.2342,not synonym,sentence-transformers/all-MiniLM-L6-v2,0.7,1
Xanthophyllum flavescens,Chaetocalyx acutifolius,0.3956,not synonym,sentence-transformers/all-MiniLM-L6-v2,0.7,0
Flemingia latifolia,Berlinia globiflora,0.2611,not synonym,sentence-transformers/all-MiniLM-L6-v2,0.7,0
Securidaca coriacea,Bredemeyera mollis,0.2447,not synonym,sentence-transformers/all-MiniLM-L6-v2,0.7,1
Lupinus huigrensis,Lupinus huigrensis,1.0,synonym,sentence-transformers/all-MiniLM-L6-v2,0.7,1
Calliandra comosa,Pithecolobium comosum,0.414,not synonym,sentence-transformers/all-MiniLM-L6-v2,0.7,1
Genista depressa,Genista rhodopaea,0.6453,not synonym,sentence-transformers/all-MiniLM-L6-v2,0.7,1
Archidendron nervosum,Hippocrepis ambigua,0.3108,not synonym,sentence-transformers/all-MiniLM-L6-v2,0.7,0
Neoapaloxylon madagascariense,Apaloxylon madagascariense,0.8027,synonym,sentence-transformers/all-MiniLM-L6-v2,0.7,1
Hanslia ormocarpoides,Desmodium dependens,0.2714,not synonym,sentence-transformers/all-MiniLM-L6-v2,0.7,1
Inga umbratica,Maughania praecox,0.4638,not synonym,sentence-transformers/all-MiniLM-L6-v2,0.7,0
Salomonia ciliata,Poincianella laxa,0.5038,not synonym,sentence-transformers/all-MiniLM-L6-v2,0.7,0
Lotus palustris,Podolobium aciculare,0.3124,not synonym,sentence-transformers/all-MiniLM-L6-v2,0.7,0
Calliandra foliolosa,Calliandra sanctapaulii,0.6867,not synonym,sentence-transformers/all-MiniLM-L6-v2,0.7,1
Calliandra pauciflora,Anneslia nipensis,0.2828,not synonym,sentence-transformers/all-MiniLM-L6-v2,0.7,1
Calliandra humilis,Calliandra humilis,1.0,synonym,sentence-transformers/all-MiniLM-L6-v2,0.7,1
Inga pulcherrima,Cylindrokelupha havilandii,0.3386,not synonym,sentence-transformers/all-MiniLM-L6-v2,0.7,0
Archidendron eberhardtii,Ortholobium umbellatum,0.2837,not synonym,sentence-transformers/all-MiniLM-L6-v2,0.7,0
Ononis ramosissima,Ononis gibraltarica,0.6351,not synonym,sentence-transformers/all-MiniLM-L6-v2,0.7,1
Nissolia vincentina,Chaetocalyx fissus,0.2567,not synonym,sentence-transformers/all-MiniLM-L6-v2,0.7,1
Acacia assimilis,Pithecellobium lucidum,0.2448,not synonym,sentence-transformers/all-MiniLM-L6-v2,0.7,0
Apios fortunei,Apios cavaleriei,0.5828,not synonym,sentence-transformers/all-MiniLM-L6-v2,0.7,1
Daniellia thurifera,Pithecellobium teysmannii,0.4,not synonym,sentence-transformers/all-MiniLM-L6-v2,0.7,0
Calliandra tweedii,Racosperma georginae,0.1687,not synonym,sentence-transformers/all-MiniLM-L6-v2,0.7,0
Millettia glaucescens,Pongamia angustifolia,0.4553,not synonym,sentence-transformers/all-MiniLM-L6-v2,0.7,1
Acacia lobulata,Anneslia pubiflora,0.2666,not synonym,sentence-transformers/all-MiniLM-L6-v2,0.7,0
Inga longiflora,Ononis arborescens,0.2063,not synonym,sentence-transformers/all-MiniLM-L6-v2,0.7,0
Polygaloides webbiana,Polygala webbiana,0.9072,synonym,sentence-transformers/all-MiniLM-L6-v2,0.7,1
Archidendron oppositum,Lupinus ornatus,0.3929,not synonym,sentence-transformers/all-MiniLM-L6-v2,0.7,0
Millettia peguensis,Calliandra expansa,0.2157,not synonym,sentence-transformers/all-MiniLM-L6-v2,0.7,0
Dialium guineense,Codarium nitidum,0.2003,not synonym,sentence-transformers/all-MiniLM-L6-v2,0.7,1
Archidendron merrillii,Jackia excelsa,0.2972,not synonym,sentence-transformers/all-MiniLM-L6-v2,0.7,0
Flemingia kweichowensis,Poincianella californica,0.2733,not synonym,sentence-transformers/all-MiniLM-L6-v2,0.7,0
Muraltia crassifolia,Genista hispanica,0.2802,not synonym,sentence-transformers/all-MiniLM-L6-v2,0.7,0
Polygaloides paucifolia,Polygala purpurea,0.6169,not synonym,sentence-transformers/all-MiniLM-L6-v2,0.7,1
Securidaca trianae,Securidaca corymbosa,0.765,synonym,sentence-transformers/all-MiniLM-L6-v2,0.7,1
Gilbertiodendron stipulaceum,Inga speciosa,0.1712,not synonym,sentence-transformers/all-MiniLM-L6-v2,0.7,0
Securidaca lanceolata,Poincianella arida,0.3448,not synonym,sentence-transformers/all-MiniLM-L6-v2,0.7,0
Asemeia hondurana,Polygala hondurana,0.6604,not synonym,sentence-transformers/all-MiniLM-L6-v2,0.7,1
Dialium guineense,Dialium laurentii,0.6158,not synonym,sentence-transformers/all-MiniLM-L6-v2,0.7,1
Lotus glacialis,Lotus boissieri,0.6987,not synonym,sentence-transformers/all-MiniLM-L6-v2,0.7,1
Cyclopia galioides,Cyclopia galioides,1.0,synonym,sentence-transformers/all-MiniLM-L6-v2,0.7,1
Moutabea excoriata,Genista sibirica,0.4361,not synonym,sentence-transformers/all-MiniLM-L6-v2,0.7,0
Amphicarpaea bracteata,Machaerium densicomum,0.2409,not synonym,sentence-transformers/all-MiniLM-L6-v2,0.7,0
Inga longiflora,Bredemeyera lhotzkyana,0.4096,not synonym,sentence-transformers/all-MiniLM-L6-v2,0.7,0
Ononis doerfleri,Ononis doerfleri,1.0,synonym,sentence-transformers/all-MiniLM-L6-v2,0.7,1
Inga sapindoides,Muraltia alopecuroides,0.282,not synonym,sentence-transformers/all-MiniLM-L6-v2,0.7,0
Polygala myriantha,Racosperma evenulosum,0.3003,not synonym,sentence-transformers/all-MiniLM-L6-v2,0.7,0
Muraltia alopecuroides,Muraltia decandollei,0.3948,not synonym,sentence-transformers/all-MiniLM-L6-v2,0.7,1
Inga acrocephala,Inga brevipedicellata,0.5024,not synonym,sentence-transformers/all-MiniLM-L6-v2,0.7,1
Limadendron amazonicum,Poecilanthe amazonica,0.476,not synonym,sentence-transformers/all-MiniLM-L6-v2,0.7,1
Muraltia macroceras,Muraltia laricifolia,0.6677,not synonym,sentence-transformers/all-MiniLM-L6-v2,0.7,1
Hoffmannseggia miranda,Hoffmannseggia stipulata,0.6112,not synonym,sentence-transformers/all-MiniLM-L6-v2,0.7,1
Inga laevigata,Inga yunckeri,0.5747,not synonym,sentence-transformers/all-MiniLM-L6-v2,0.7,1
Machaerium reticulatum,Machaerium aculeatum,0.6885,not synonym,sentence-transformers/all-MiniLM-L6-v2,0.7,1
Securidaca coriacea,Polygala nova,0.3248,not synonym,sentence-transformers/all-MiniLM-L6-v2,0.7,0
Kotschya micrantha,Myrospermum balsamiferum,0.248,not synonym,sentence-transformers/all-MiniLM-L6-v2,0.7,0
Chesneya nubigena,Aspalathus nubigenus,0.3749,not synonym,sentence-transformers/all-MiniLM-L6-v2,0.7,1
Genista holopetala,Genista holopetala,1.0,synonym,sentence-transformers/all-MiniLM-L6-v2,0.7,1
Millettia aurea,Lupinus odoratus,0.2337,not synonym,sentence-transformers/all-MiniLM-L6-v2,0.7,0
Bossiaea spinosa,Platylobium spinosum,0.4331,not synonym,sentence-transformers/all-MiniLM-L6-v2,0.7,1
Lotus jordanii,Polygala ambigens,0.3189,not synonym,sentence-transformers/all-MiniLM-L6-v2,0.7,0
Polygala mexicana,Pithecellobium turgidum,0.3401,not synonym,sentence-transformers/all-MiniLM-L6-v2,0.7,0
Calobota angustifolia,Racosperma dealbatum,0.2262,not synonym,sentence-transformers/all-MiniLM-L6-v2,0.7,0
Archidendron trichophyllum,Genista charegia,0.1987,not synonym,sentence-transformers/all-MiniLM-L6-v2,0.7,0
Brachypterum cumingii,Derris cumingii,0.4604,not synonym,sentence-transformers/all-MiniLM-L6-v2,0.7,1
Acacia biflora,Polygala gigantea,0.3662,not synonym,sentence-transformers/all-MiniLM-L6-v2,0.7,0
Aphanocalyx ledermannii,Camptosema pinnatum,0.2546,not synonym,sentence-transformers/all-MiniLM-L6-v2,0.7,0
Calliandra parviflora,Millettia drastica,0.2965,not synonym,sentence-transformers/all-MiniLM-L6-v2,0.7,0
Daniellia oliveri,Paradaniellia oliveri,0.7166,synonym,sentence-transformers/all-MiniLM-L6-v2,0.7,1
Polygala ludwigiana,Dalbergia lindeniana,0.5881,not synonym,sentence-transformers/all-MiniLM-L6-v2,0.7,0
Genista linifolia,Drepanocarpus dubius,0.1867,not synonym,sentence-transformers/all-MiniLM-L6-v2,0.7,0
Lotus dorycnium,Trifolium lupinaster,0.3505,not synonym,sentence-transformers/all-MiniLM-L6-v2,0.7,1
Machaerium isadelphum,Pedrosia tenella,0.2232,not synonym,sentence-transformers/all-MiniLM-L6-v2,0.7,0
Julbernardia paniculata,Carpolobia suaveolens,0.3374,not synonym,sentence-transformers/all-MiniLM-L6-v2,0.7,0
Genista clavata,Spartium capitatum,0.2885,not synonym,sentence-transformers/all-MiniLM-L6-v2,0.7,1
Genista humifusa,Genista lipskii,0.6616,not synonym,sentence-transformers/all-MiniLM-L6-v2,0.7,1
Inga inundata,Pithecellobium inundabile,0.346,not synonym,sentence-transformers/all-MiniLM-L6-v2,0.7,1
Hippocrepis comosa,Larrea densiflora,0.4146,not synonym,sentence-transformers/all-MiniLM-L6-v2,0.7,0
Archidendron novoguineense,Abarema novoguineense,0.6129,not synonym,sentence-transformers/all-MiniLM-L6-v2,0.7,1
Genista hispanica,Inga quassiifolia,0.2618,not synonym,sentence-transformers/all-MiniLM-L6-v2,0.7,0
Diphysa americana,Lotus bornmuellerianus,0.259,not synonym,sentence-transformers/all-MiniLM-L6-v2,0.7,0
Securidaca longifolia,Retama parviflora,0.2463,not synonym,sentence-transformers/all-MiniLM-L6-v2,0.7,0
Calliandra hymenaeoides,Feuilleea hymeneioides,0.6371,not synonym,sentence-transformers/all-MiniLM-L6-v2,0.7,1
Genista ramosissima,Spartium ramosissimum,0.4261,not synonym,sentence-transformers/all-MiniLM-L6-v2,0.7,1
Kotschya oubanguiensis,Smithia oubanguiensis,0.4694,not synonym,sentence-transformers/all-MiniLM-L6-v2,0.7,1
Flemingia trifoliata,Lotodes testariae,0.1477,not synonym,sentence-transformers/all-MiniLM-L6-v2,0.7,1
Asemeia grandiflora,Asemeia rosea,0.7877,synonym,sentence-transformers/all-MiniLM-L6-v2,0.7,1
Padbruggea filipes,Whitfordiodendron filipes,0.4996,not synonym,sentence-transformers/all-MiniLM-L6-v2,0.7,1
Carmichaelia petriei,Acacia pachyloma,0.3002,not synonym,sentence-transformers/all-MiniLM-L6-v2,0.7,0
Asemeia monticola,Polygala monticola,0.6528,not synonym,sentence-transformers/all-MiniLM-L6-v2,0.7,1
Flemingia grahamiana,Flemingia hockii,0.6496,not synonym,sentence-transformers/all-MiniLM-L6-v2,0.7,1
Bossiaea hendersonii,Maughania strobilifera,0.5228,not synonym,sentence-transformers/all-MiniLM-L6-v2,0.7,0
Flemingia rollae,Lepidocoma rollae,0.5605,not synonym,sentence-transformers/all-MiniLM-L6-v2,0.7,1
Chesneya rytidosperma,Astragalus gibberosus,0.2925,not synonym,sentence-transformers/all-MiniLM-L6-v2,0.7,1
Cyclopia genistoides,Feuilleea multifoliolata,0.3878,not synonym,sentence-transformers/all-MiniLM-L6-v2,0.7,0
Acacia prominens,Rodschiedia surinamensis,0.2681,not synonym,sentence-transformers/all-MiniLM-L6-v2,0.7,0
Calliandra eriophylla,Feuilleea eriophylla,0.6599,not synonym,sentence-transformers/all-MiniLM-L6-v2,0.7,1
Eleiotis rottleri,Acacia obtusata,0.2181,not synonym,sentence-transformers/all-MiniLM-L6-v2,0.7,0
Muraltia ciliaris,Ononis bracteata,0.3206,not synonym,sentence-transformers/all-MiniLM-L6-v2,0.7,0
Inga laurina,Inga marginata,0.5437,not synonym,sentence-transformers/all-MiniLM-L6-v2,0.7,1
Monnina filifolia,Geissaspis welwitschii,0.2097,not synonym,sentence-transformers/all-MiniLM-L6-v2,0.7,0
Eleiotis sororia,Eleiotis monophylla,0.6657,not synonym,sentence-transformers/all-MiniLM-L6-v2,0.7,1
Gastrolobium oxylobioides,Chorizema aciculoides,0.32,not synonym,sentence-transformers/all-MiniLM-L6-v2,0.7,0
Brachypterum pseudorobustum,Solori pseudorobusta,0.4709,not synonym,sentence-transformers/all-MiniLM-L6-v2,0.7,1
Calliandra tergemina,Inga tergemina,0.5232,not synonym,sentence-transformers/all-MiniLM-L6-v2,0.7,1
Acacia provincialis,Senega sedoides,0.1255,not synonym,sentence-transformers/all-MiniLM-L6-v2,0.7,0
Millettia griffoniana,Lonchocarpus griffonianus,0.5185,not synonym,sentence-transformers/all-MiniLM-L6-v2,0.7,1
Acacia leichhardtii,Solulus thurberi,0.3654,not synonym,sentence-transformers/all-MiniLM-L6-v2,0.7,0
Nissolia schottii,Brachysema minor,0.2989,not synonym,sentence-transformers/all-MiniLM-L6-v2,0.7,0
Nissolia bicallosa,Berlinia bracteosa,0.392,not synonym,sentence-transformers/all-MiniLM-L6-v2,0.7,0
Acacia chartacea,Flemingia rhodocarpa,0.2198,not synonym,sentence-transformers/all-MiniLM-L6-v2,0.7,0
Genista aetnensis,Dendrospartum aetnense,0.442,not synonym,sentence-transformers/all-MiniLM-L6-v2,0.7,1
Polygala calcarea,Polygala corbariensis,0.6195,not synonym,sentence-transformers/all-MiniLM-L6-v2,0.7,1
Polygala telephium,Huttonella prona,0.3166,not synonym,sentence-transformers/all-MiniLM-L6-v2,0.7,0
Millettia grandis,Genista microphylla,0.4214,not synonym,sentence-transformers/all-MiniLM-L6-v2,0.7,0
Muraltia lancifolia,Lonchocarpus goossensii,0.2334,not synonym,sentence-transformers/all-MiniLM-L6-v2,0.7,0
Diphysa americana,Lotodes strobilinum,0.0903,not synonym,sentence-transformers/all-MiniLM-L6-v2,0.7,0
Ancistrotropis clitorioides,Pithecellobium oppositum,0.388,not synonym,sentence-transformers/all-MiniLM-L6-v2,0.7,0
Gastrolobium bracteolosum,Acacia eglandulosa,0.3017,not synonym,sentence-transformers/all-MiniLM-L6-v2,0.7,0
Xanthophyllum vitellinum,Xanthophyllum paniculatum,0.8095,synonym,sentence-transformers/all-MiniLM-L6-v2,0.7,1
Rhamphopetalum microphyllum,Benedictella benoistii,0.1404,not synonym,sentence-transformers/all-MiniLM-L6-v2,0.7,0
Machaerium lunatum,Polygala persicariifolia,0.2958,not synonym,sentence-transformers/all-MiniLM-L6-v2,0.7,0
Muraltia depressa,Muraltia humilis,0.6655,not synonym,sentence-transformers/all-MiniLM-L6-v2,0.7,1
Aotus procumbens,Aotus drummondii,0.5604,not synonym,sentence-transformers/all-MiniLM-L6-v2,0.7,1
Inga velutina,Teline microphylla,0.1325,not synonym,sentence-transformers/all-MiniLM-L6-v2,0.7,0
Delonix leucantha,Poinciana leucantha,0.53,not synonym,sentence-transformers/all-MiniLM-L6-v2,0.7,1
Calobota acanthoclada,Lebeckia acanthoclada,0.5954,not synonym,sentence-transformers/all-MiniLM-L6-v2,0.7,1
Salomonia cantoniensis,Pithecellobium balansae,0.4226,not synonym,sentence-transformers/all-MiniLM-L6-v2,0.7,0
Bossiaea spinosa,Polygala glandulosopilosa,0.4335,not synonym,sentence-transformers/all-MiniLM-L6-v2,0.7,0
Calliandra glyphoxylon,Calliandra pallatangensis,0.5205,not synonym,sentence-transformers/all-MiniLM-L6-v2,0.7,1
Archidendron oppositum,Polygala parviflora,0.2081,not synonym,sentence-transformers/all-MiniLM-L6-v2,0.7,0
Lotus angustissimus,Lotus angustifolius,0.8393,synonym,sentence-transformers/all-MiniLM-L6-v2,0.7,1
Muraltia vulnerans,Heisteria zeyheri,0.3784,not synonym,sentence-transformers/all-MiniLM-L6-v2,0.7,1
Nissolia blanchetiana,Lupinus milo-bakeri,0.3368,not synonym,sentence-transformers/all-MiniLM-L6-v2,0.7,0
Inga pezizifera,Calliandra clavellina,0.3368,not synonym,sentence-transformers/all-MiniLM-L6-v2,0.7,0
Inga densiflora,Oxylobium kelsoi,0.1408,not synonym,sentence-transformers/all-MiniLM-L6-v2,0.7,0
Genista monspessulana,Genista monspessulana,1.0,synonym,sentence-transformers/all-MiniLM-L6-v2,0.7,1
Ononis reclinata,Anonis reclinata,0.6735,not synonym,sentence-transformers/all-MiniLM-L6-v2,0.7,1
Millettia puerarioides,Millettia nana,0.5607,not synonym,sentence-transformers/all-MiniLM-L6-v2,0.7,0
Inga pilosula,Mimosa pilosula,0.7443,synonym,sentence-transformers/all-MiniLM-L6-v2,0.7,1
Inga laurina,Macrolobium dewevrei,0.1848,not synonym,sentence-transformers/all-MiniLM-L6-v2,0.7,0
Genista ancistrocarpa,Genista acutiflora,0.7983,synonym,sentence-transformers/all-MiniLM-L6-v2,0.7,1
Ancistrotropis peduncularis,Bradburya cologanioides,0.1193,not synonym,sentence-transformers/all-MiniLM-L6-v2,0.7,1
Millettia caerulea,Phaseolodes coeruleum,0.2417,not synonym,sentence-transformers/all-MiniLM-L6-v2,0.7,1
Bossiaea ornata,Bossiaea lalagoides,0.7014,synonym,sentence-transformers/all-MiniLM-L6-v2,0.7,1
Hippocrepis emerus,Vouapa demonstrans,0.1382,not synonym,sentence-transformers/all-MiniLM-L6-v2,0.7,0
Lotus schoelleri,Phaseolus firmulus,0.1932,not synonym,sentence-transformers/all-MiniLM-L6-v2,0.7,0
Calobota sericea,Genista sericea,0.5015,not synonym,sentence-transformers/all-MiniLM-L6-v2,0.7,1
Securidaca divaricata,Coronilla austriaca,0.459,not synonym,sentence-transformers/all-MiniLM-L6-v2,0.7,0
Calliandra pedicellata,Calliandra falcifera,0.7267,synonym,sentence-transformers/all-MiniLM-L6-v2,0.7,0
Carmichaelia glabrescens,Notospartium glabrescens,0.4802,not synonym,sentence-transformers/all-MiniLM-L6-v2,0.7,1
Hippocrepis multisiliquosa,Codarium acutifolium,0.2222,not synonym,sentence-transformers/all-MiniLM-L6-v2,0.7,0
Polygala butyracea,Asemeia leiodes,0.3758,not synonym,sentence-transformers/all-MiniLM-L6-v2,0.7,0
Acacia cremiflora,Inga brevipedicellata,0.2974,not synonym,sentence-transformers/all-MiniLM-L6-v2,0.7,0
Genista anglica,Monnina phytolaccifolia,0.158,not synonym,sentence-transformers/all-MiniLM-L6-v2,0.7,0
Eysenhardtia polystachya,Varennea polystachya,0.5693,not synonym,sentence-transformers/all-MiniLM-L6-v2,0.7,1
Xanthophyllum ellipticum,Xanthophyllum kingii,0.8737,synonym,sentence-transformers/all-MiniLM-L6-v2,0.7,1
Genista germanica,Cytisus heterocanthus,0.1223,not synonym,sentence-transformers/all-MiniLM-L6-v2,0.7,1
Lotus dorycnium,Dimorphandra oleifera,0.3111,not synonym,sentence-transformers/all-MiniLM-L6-v2,0.7,0
Dolichopsis monticola,Macrolobium brachystegioides,0.3014,not synonym,sentence-transformers/all-MiniLM-L6-v2,0.7,0
Flemingia wightiana,Caesalpinia falcaria,0.3243,not synonym,sentence-transformers/all-MiniLM-L6-v2,0.7,0
Monnina ciliolata,Hippocrepis cornigera,0.3809,not synonym,sentence-transformers/all-MiniLM-L6-v2,0.7,0
Polygala calcarea,Polygala amarella,0.7933,synonym,sentence-transformers/all-MiniLM-L6-v2,0.7,1
Inga lomatophylla,Drepanocarpus isadelphus,0.2517,not synonym,sentence-transformers/all-MiniLM-L6-v2,0.7,0
Archidendron jiringa,Polygala sororia,0.3323,not synonym,sentence-transformers/all-MiniLM-L6-v2,0.7,0
Lotus halophilus,Lotus pusillus,0.7362,synonym,sentence-transformers/all-MiniLM-L6-v2,0.7,1
Muraltia calycina,Heisteria calycina,0.5697,not synonym,sentence-transformers/all-MiniLM-L6-v2,0.7,1
Machaerium oblongifolium,Machaerium paraguariense,0.6103,not synonym,sentence-transformers/all-MiniLM-L6-v2,0.7,1
Carmichaelia australis,Carmichaelia cunninghamii,0.7124,synonym,sentence-transformers/all-MiniLM-L6-v2,0.7,1
Ononis sicula,Ononis leptocarpa,0.6089,not synonym,sentence-transformers/all-MiniLM-L6-v2,0.7,1
Xanthophyllum lanceatum,Mimosa monadelpha,0.3024,not synonym,sentence-transformers/all-MiniLM-L6-v2,0.7,0
Asemeia acuminata,Polygala smithii,0.3258,not synonym,sentence-transformers/all-MiniLM-L6-v2,0.7,1
Securidaca welwitschii,Securidaca timboensis,0.5066,not synonym,sentence-transformers/all-MiniLM-L6-v2,0.7,1
Archidendron aruense,Maughania gracilis,0.3431,not synonym,sentence-transformers/all-MiniLM-L6-v2,0.7,0
Lotus aegaeus,Tetragonolobus aegaeus,0.5508,not synonym,sentence-transformers/all-MiniLM-L6-v2,0.7,1
Kotschya perrieri,Smithia perrieri,0.5044,not synonym,sentence-transformers/all-MiniLM-L6-v2,0.7,1
Polygala mexicana,Polygala michoacana,0.6959,not synonym,sentence-transformers/all-MiniLM-L6-v2,0.7,1
Xanthophyllum wrayi,Xanthophyllum puberulum,0.7987,synonym,sentence-transformers/all-MiniLM-L6-v2,0.7,1
Nissolia scandens,Nissolia scandens,1.0,synonym,sentence-transformers/all-MiniLM-L6-v2,0.7,1
Erythrostemon angulatus,Polygala ericoides,0.3162,not synonym,sentence-transformers/all-MiniLM-L6-v2,0.7,0
Mora oleifera,Lupinus missionum,0.3196,not synonym,sentence-transformers/all-MiniLM-L6-v2,0.7,0
Echinospartum boissieri,Macrolobium obliquum,0.2689,not synonym,sentence-transformers/all-MiniLM-L6-v2,0.7,0
Amphicarpaea bracteata,Amphicarpaea deltifolia,0.6908,not synonym,sentence-transformers/all-MiniLM-L6-v2,0.7,1
Genista radiata,Telinaria radiata,0.5153,not synonym,sentence-transformers/all-MiniLM-L6-v2,0.7,1
Machaerium debile,Polygala autranii,0.3166,not synonym,sentence-transformers/all-MiniLM-L6-v2,0.7,0
Inga stipularis,Feuilleea stipularis,0.6244,not synonym,sentence-transformers/all-MiniLM-L6-v2,0.7,1
Brachypterum submontanum,Solori submontana,0.4339,not synonym,sentence-transformers/all-MiniLM-L6-v2,0.7,1
Erythrostemon placidus,Heistera saturejoides,0.268,not synonym,sentence-transformers/all-MiniLM-L6-v2,0.7,0
Ononis arvensis,Corniola scariosa,0.1425,not synonym,sentence-transformers/all-MiniLM-L6-v2,0.7,0
Ononis tridentata,Ononis canescens,0.764,synonym,sentence-transformers/all-MiniLM-L6-v2,0.7,1
Comesperma ericinum,Comesperma tasmanicum,0.5641,not synonym,sentence-transformers/all-MiniLM-L6-v2,0.7,1
Gastrolobium acutum,Inga eglandulosa,0.219,not synonym,sentence-transformers/all-MiniLM-L6-v2,0.7,0
Genista cinerea,Genista scoparia,0.6446,not synonym,sentence-transformers/all-MiniLM-L6-v2,0.7,1
Lupinus andersonii,Polygala cinerea,0.3237,not synonym,sentence-transformers/all-MiniLM-L6-v2,0.7,0
Flemingia macrophylla,Feuillea multifoliata,0.3784,not synonym,sentence-transformers/all-MiniLM-L6-v2,0.7,0
Hippocrepis multisiliquosa,Ferrum-equinum multiflorum,0.3008,not synonym,sentence-transformers/all-MiniLM-L6-v2,0.7,1
Calliandra pedicellata,Monnina luteola,0.3426,not synonym,sentence-transformers/all-MiniLM-L6-v2,0.7,0
Genista stenopetala,Notospartium torulosum,0.2067,not synonym,sentence-transformers/all-MiniLM-L6-v2,0.7,0
Julbernardia magnistipulata,Berlinia magnistipulata,0.6152,not synonym,sentence-transformers/all-MiniLM-L6-v2,0.7,1
Glycine clandestina,Pithecellobium hansemannii,0.2208,not synonym,sentence-transformers/all-MiniLM-L6-v2,0.7,0
Archidendron syringifolium,Calliandra pyrophila,0.1879,not synonym,sentence-transformers/all-MiniLM-L6-v2,0.7,0
Padbruggea dasyphylla,Phaseolodes maingayi,0.2799,not synonym,sentence-transformers/all-MiniLM-L6-v2,0.7,1
Genista sagittalis,Cytisus sagittalis,0.4479,not synonym,sentence-transformers/all-MiniLM-L6-v2,0.7,1
Securidaca bialata,Nemcia plicata,0.4647,not synonym,sentence-transformers/all-MiniLM-L6-v2,0.7,0
Chorizema lowii,Lotus filiformis,0.2382,not synonym,sentence-transformers/all-MiniLM-L6-v2,0.7,0
Inga pilosula,Inga quassiifolia,0.5579,not synonym,sentence-transformers/all-MiniLM-L6-v2,0.7,1
Flemingia parvifolia,Polygala domingensis,0.2981,not synonym,sentence-transformers/all-MiniLM-L6-v2,0.7,0
Polygaloides paucifolia,Albizia hansemannii,0.4066,not synonym,sentence-transformers/all-MiniLM-L6-v2,0.7,0
Lotus hirsutus,Indigofera asparagoides,0.274,not synonym,sentence-transformers/all-MiniLM-L6-v2,0.7,0
Hebecarpa americana,Polygala calvipes,0.2594,not synonym,sentence-transformers/all-MiniLM-L6-v2,0.7,1
Millettia sericea,Phaseoloides zollingerianum,0.1194,not synonym,sentence-transformers/all-MiniLM-L6-v2,0.7,1
Dysolobium dolichoides,Dolichos schomburgkii,0.4022,not synonym,sentence-transformers/all-MiniLM-L6-v2,0.7,1
Hebecarpa caracasana,Lotus collinus,0.2101,not synonym,sentence-transformers/all-MiniLM-L6-v2,0.7,0
Caetangil paraguariensis,Galactia paraguariensis,0.4474,not synonym,sentence-transformers/all-MiniLM-L6-v2,0.7,1
Acacia biflora,Polygala serpyllacea,0.3426,not synonym,sentence-transformers/all-MiniLM-L6-v2,0.7,0
Gilbertiodendron limba,Larrea viscosa,0.1539,not synonym,sentence-transformers/all-MiniLM-L6-v2,0.7,0
Ononis thomsonii,Ononis thomsonii,1.0,synonym,sentence-transformers/all-MiniLM-L6-v2,0.7,1
Lotus aegaeus,Lotus macedonicus,0.7402,synonym,sentence-transformers/all-MiniLM-L6-v2,0.7,1
Brachypterum robustum,Deguelia polyphylla,0.2571,not synonym,sentence-transformers/all-MiniLM-L6-v2,0.7,1
Archidendron kerrii,Stachyothyrsus tessmannii,0.3384,not synonym,sentence-transformers/all-MiniLM-L6-v2,0.7,0
Monnina lehmanniana,Lotus nummularius,0.2934,not synonym,sentence-transformers/all-MiniLM-L6-v2,0.7,0
Polygala nemoralis,Hebeandra prinoides,0.2321,not synonym,sentence-transformers/all-MiniLM-L6-v2,0.7,0
Amphicarpaea bracteata,Lotus tristis,0.3207,not synonym,sentence-transformers/all-MiniLM-L6-v2,0.7,0
Millettia grandis,Humularia luentensis,0.436,not synonym,sentence-transformers/all-MiniLM-L6-v2,0.7,0
Lotus conjugatus,Tetragonolobus gussonei,0.3308,not synonym,sentence-transformers/all-MiniLM-L6-v2,0.7,1
Gastrolobium nervosum,Inga multicaulis,0.1697,not synonym,sentence-transformers/all-MiniLM-L6-v2,0.7,0
Muraltia ciliaris,Heisteria anthospermifolia,0.2599,not synonym,sentence-transformers/all-MiniLM-L6-v2,0.7,1
Archidendron aruense,Lotus canescens,0.2062,not synonym,sentence-transformers/all-MiniLM-L6-v2,0.7,0
Microcharis disjuncta,Ononis arragonensis,0.1357,not synonym,sentence-transformers/all-MiniLM-L6-v2,0.7,0
Bouffordia dichotoma,Desmodium amplexicaule,0.2494,not synonym,sentence-transformers/all-MiniLM-L6-v2,0.7,1
Genista tricuspidata,Genista caballeroi,0.6057,not synonym,sentence-transformers/all-MiniLM-L6-v2,0.7,1
Dysolobium lucens,Cyanothyrsus soyauxii,0.3174,not synonym,sentence-transformers/all-MiniLM-L6-v2,0.7,0
Polygala cymosa,Pilostaxis cymosa,0.7105,synonym,sentence-transformers/all-MiniLM-L6-v2,0.7,1
Asemeia tonsa,Polygala tonsa,0.6698,not synonym,sentence-transformers/all-MiniLM-L6-v2,0.7,1
Muraltia stipulacea,Muraltia stipulacea,1.0,synonym,sentence-transformers/all-MiniLM-L6-v2,0.7,1
Erythrostemon exostemma,Caesalpinia exostemma,0.5039,not synonym,sentence-transformers/all-MiniLM-L6-v2,0.7,1
Calobota spinescens,Polygala linearis,0.2452,not synonym,sentence-transformers/all-MiniLM-L6-v2,0.7,0
Muraltia angulosa,Polygala uniflora,0.4141,not synonym,sentence-transformers/all-MiniLM-L6-v2,0.7,0
Quillaja brasiliensis,Quillaja petiolaris,0.7056,synonym,sentence-transformers/all-MiniLM-L6-v2,0.7,1
Genista germanica,Genista inermis,0.6264,not synonym,sentence-transformers/all-MiniLM-L6-v2,0.7,1
Archidendron glabrum,Archidendron dies-christi,0.5014,not synonym,sentence-transformers/all-MiniLM-L6-v2,0.7,1
Lotus dorycnium,Polygala timutu,0.2045,not synonym,sentence-transformers/all-MiniLM-L6-v2,0.7,0
Calliandra mollissima,Acacia praetervisa,0.2599,not synonym,sentence-transformers/all-MiniLM-L6-v2,0.7,0
Aphanocalyx richardsiae,Abarema muricarpa,0.3025,not synonym,sentence-transformers/all-MiniLM-L6-v2,0.7,0
Bredemeyera myrtifolia,Catocoma myrtifolia,0.6429,not synonym,sentence-transformers/all-MiniLM-L6-v2,0.7,1
Calliandra magdalenae,Acacia magdalenae,0.6079,not synonym,sentence-transformers/all-MiniLM-L6-v2,0.7,1
Bossiaea ornata,Lalage stipularis,0.2272,not synonym,sentence-transformers/all-MiniLM-L6-v2,0.7,1
Muraltia pubescens,Muraltia rupestris,0.7137,synonym,sentence-transformers/all-MiniLM-L6-v2,0.7,1
Archidendron syringifolium,Spartium aspalatoides,0.3748,not synonym,sentence-transformers/all-MiniLM-L6-v2,0.7,0
Dialium englerianum,Dialium quinquepetalum,0.6967,not synonym,sentence-transformers/all-MiniLM-L6-v2,0.7,1
Diphysa thurberi,Emerus thurberi,0.5563,not synonym,sentence-transformers/all-MiniLM-L6-v2,0.7,1
Ononis serrata,Ononis remotiflora,0.6333,not synonym,sentence-transformers/all-MiniLM-L6-v2,0.7,0
Acacia manipularis,Anthyllis multicaulis,0.4427,not synonym,sentence-transformers/all-MiniLM-L6-v2,0.7,0
Muraltia scoparia,Mundtia scoparia,0.6238,not synonym,sentence-transformers/all-MiniLM-L6-v2,0.7,1
Muraltia scoparia,Mundia scoparia,0.6127,not synonym,sentence-transformers/all-MiniLM-L6-v2,0.7,1
Millettia sericea,Acacia leptophleba,0.3268,not synonym,sentence-transformers/all-MiniLM-L6-v2,0.7,0
Machaerium robiniifolium,Asemeia grandiflora,0.261,not synonym,sentence-transformers/all-MiniLM-L6-v2,0.7,0
Apios fortunei,Calliandra matisiana,0.272,not synonym,sentence-transformers/all-MiniLM-L6-v2,0.7,0
Genista aristata,Polygala volubilis,0.257,not synonym,sentence-transformers/all-MiniLM-L6-v2,0.7,0
Xanthophyllum vitellinum,Banisterodes vitellinum,0.5748,not synonym,sentence-transformers/all-MiniLM-L6-v2,0.7,1
Polygala garcini,Macrolobium dinklagei,0.5006,not synonym,sentence-transformers/all-MiniLM-L6-v2,0.7,0
Archidendron turgidum,Paralbizzia turgida,0.3578,not synonym,sentence-transformers/all-MiniLM-L6-v2,0.7,1
Lotus angustissimus,Lotus lateralis,0.7014,synonym,sentence-transformers/all-MiniLM-L6-v2,0.7,1
Monnina padifolia,Monnina floribunda,0.6055,not synonym,sentence-transformers/all-MiniLM-L6-v2,0.7,1
Ononis sieberi,Ononis polymorpha,0.6073,not synonym,sentence-transformers/all-MiniLM-L6-v2,0.7,1
Gymnospora violoides,Ononis dumosa,0.3208,not synonym,sentence-transformers/all-MiniLM-L6-v2,0.7,0
Genista clavata,Racosperma microbotryum,0.0742,not synonym,sentence-transformers/all-MiniLM-L6-v2,0.7,0
Acanthocladus dichromus,Polygala bicolor,0.1944,not synonym,sentence-transformers/all-MiniLM-L6-v2,0.7,1
Polygala sphenoptera,Polygala gagnebiniana,0.5963,not synonym,sentence-transformers/all-MiniLM-L6-v2,0.7,1
Polygala rosea,Moghania wangkii,0.4005,not synonym,sentence-transformers/all-MiniLM-L6-v2,0.7,0
Hoffmannseggia tenella,Hoffmanseggia tenella,0.8542,synonym,sentence-transformers/all-MiniLM-L6-v2,0.7,1
Xanthophyllum obscurum,Xanthophyllum scortechinii,0.8083,synonym,sentence-transformers/all-MiniLM-L6-v2,0.7,1
Flemingia rollae,Maughania rollae,0.6152,not synonym,sentence-transformers/all-MiniLM-L6-v2,0.7,1
Eysenhardtia polystachya,Aspalthium acaulis,0.3018,not synonym,sentence-transformers/all-MiniLM-L6-v2,0.7,0
Eysenhardtia texana,Polygala aethiopica,0.247,not synonym,sentence-transformers/all-MiniLM-L6-v2,0.7,0
Aotus ericoides,Daviesia ericoides,0.6413,not synonym,sentence-transformers/all-MiniLM-L6-v2,0.7,1
Bredemeyera laurifolia,Comesperma laurifolium,0.5838,not synonym,sentence-transformers/all-MiniLM-L6-v2,0.7,1
Cadia purpurea,Machaerium pachyphyllum,0.3311,not synonym,sentence-transformers/all-MiniLM-L6-v2,0.7,0
Caamembeca ulei,Polygala ulei,0.5569,not synonym,sentence-transformers/all-MiniLM-L6-v2,0.7,1
Archidendron tenuiracemosum,Abarema gracillima,0.2292,not synonym,sentence-transformers/all-MiniLM-L6-v2,0.7,1
Polygala japonica,Inga lallensis,0.3825,not synonym,sentence-transformers/all-MiniLM-L6-v2,0.7,0
Glycine dalbergioides,Glycine dalbergioides,1.0,synonym,sentence-transformers/all-MiniLM-L6-v2,0.7,1
Bredemeyera floribunda,Comesperma floribundum,0.5737,not synonym,sentence-transformers/all-MiniLM-L6-v2,0.7,1
Archidendron ramiflorum,Acacia bossiaeoides,0.3317,not synonym,sentence-transformers/all-MiniLM-L6-v2,0.7,0
Kotschya strigosa,Sarcobotrya strigosa,0.5729,not synonym,sentence-transformers/all-MiniLM-L6-v2,0.7,1
Muraltia muraltioides,Calliandra pallida,0.4067,not synonym,sentence-transformers/all-MiniLM-L6-v2,0.7,0
Flemingia lineata,Lespedeza lineata,0.5957,not synonym,sentence-transformers/all-MiniLM-L6-v2,0.7,1
Lotus arabicus,Lotus mossamedensis,0.5153,not synonym,sentence-transformers/all-MiniLM-L6-v2,0.7,1
Machaerium brasiliense,Machaerium erianthum,0.5306,not synonym,sentence-transformers/all-MiniLM-L6-v2,0.7,1
Lotus arabicus,Lotus roseus,0.7255,synonym,sentence-transformers/all-MiniLM-L6-v2,0.7,1
Erythrostemon standleyi,Caesalpinia standleyi,0.5407,not synonym,sentence-transformers/all-MiniLM-L6-v2,0.7,1
Gymnospora blanchetii,Feuilleea viscidula,0.4978,not synonym,sentence-transformers/all-MiniLM-L6-v2,0.7,0
Genista lydia,Chorizema huegellii,0.2118,not synonym,sentence-transformers/all-MiniLM-L6-v2,0.7,0
Polygaloides paucifolia,Trichlisperma grandiflorum,0.428,not synonym,sentence-transformers/all-MiniLM-L6-v2,0.7,1
Archidendron lovelliae,Securidaca latifolia,0.2389,not synonym,sentence-transformers/all-MiniLM-L6-v2,0.7,0
Inga densiflora,Chaetocalyx pubescens,0.1855,not synonym,sentence-transformers/all-MiniLM-L6-v2,0.7,0
Inga ornata,Inga holtonii,0.487,not synonym,sentence-transformers/all-MiniLM-L6-v2,0.7,1
Acacia paradoxa,Acacia furcifera,0.7182,synonym,sentence-transformers/all-MiniLM-L6-v2,0.7,1
Flemingia cumingiana,Maughania cumingiana,0.6751,not synonym,sentence-transformers/all-MiniLM-L6-v2,0.7,1
Kotschya aeschynomenoides,Inga calophylla,0.2498,not synonym,sentence-transformers/all-MiniLM-L6-v2,0.7,0
Asemeia floribunda,Pithecellobium sessile,0.397,not synonym,sentence-transformers/all-MiniLM-L6-v2,0.7,0
Polygaloides webbiana,Senega pseudovariabilis,0.164,not synonym,sentence-transformers/all-MiniLM-L6-v2,0.7,0
Hanslia ormocarpoides,Pteromonnina cardiocarpa,0.3191,not synonym,sentence-transformers/all-MiniLM-L6-v2,0.7,0
Polygala seminuda,Polygala parva,0.7685,synonym,sentence-transformers/all-MiniLM-L6-v2,0.7,1
Monnina ciliolata,Monnina ciliolata,1.0,synonym,sentence-transformers/all-MiniLM-L6-v2,0.7,1
Genista spartioides,Mimosa pilosula,0.4949,not synonym,sentence-transformers/all-MiniLM-L6-v2,0.7,0
Millettia dubia,Comesperma longebracteatum,0.1368,not synonym,sentence-transformers/all-MiniLM-L6-v2,0.7,0
Lotus tenellus,Feuilleea umbratica,0.3386,not synonym,sentence-transformers/all-MiniLM-L6-v2,0.7,0
Genista lydia,Genista antiochia,0.6665,not synonym,sentence-transformers/all-MiniLM-L6-v2,0.7,1
Inga xalapensis,Feuilleea tomentosa,0.1883,not synonym,sentence-transformers/all-MiniLM-L6-v2,0.7,0
Caetangil paraguariensis,Bredemeyera spinosa,0.2544,not synonym,sentence-transformers/all-MiniLM-L6-v2,0.7,0
Moutabea guianensis,Bredemeyera scoparia,0.276,not synonym,sentence-transformers/all-MiniLM-L6-v2,0.7,0
Calliandra hymenaeoides,Feuilleea hymenaeodes,0.6822,not synonym,sentence-transformers/all-MiniLM-L6-v2,0.7,1
Candolleodendron brachystachyum,Tunatea brachystachya,0.4951,not synonym,sentence-transformers/all-MiniLM-L6-v2,0.7,1
Calliandra glyphoxylon,Feuilleea glyphoxylon,0.6466,not synonym,sentence-transformers/all-MiniLM-L6-v2,0.7,1
Comesperma sylvestre,Bredemeyera sylvestris,0.5173,not synonym,sentence-transformers/all-MiniLM-L6-v2,0.7,1
Caamembeca andina,Pithecellobium quocense,0.3222,not synonym,sentence-transformers/all-MiniLM-L6-v2,0.7,0
Humularia drepanocephala,Geissaspis ringoetii,0.3084,not synonym,sentence-transformers/all-MiniLM-L6-v2,0.7,1
Calliandra sessilis,Feuilleea axillaris,0.4177,not synonym,sentence-transformers/all-MiniLM-L6-v2,0.7,1
Polygala sericea,Telinaria sericea,0.6154,not synonym,sentence-transformers/all-MiniLM-L6-v2,0.7,0
Millettia dura,Millettia drastica,0.7098,synonym,sentence-transformers/all-MiniLM-L6-v2,0.7,1
Mora ekmanii,Ortholobium havilandii,0.2328,not synonym,sentence-transformers/all-MiniLM-L6-v2,0.7,0
Inga flagelliformis,Racosperma hockingsii,0.3001,not synonym,sentence-transformers/all-MiniLM-L6-v2,0.7,0
Calliandra surinamensis,Acacia fasciculata,0.3731,not synonym,sentence-transformers/all-MiniLM-L6-v2,0.7,1
Gilbertiodendron grandistipulatum,Lupinus gracilis,0.3617,not synonym,sentence-transformers/all-MiniLM-L6-v2,0.7,0
Rhamphopetalum microphyllum,Acanthocladus microphylla,0.5961,not synonym,sentence-transformers/all-MiniLM-L6-v2,0.7,1
Chorizema obtusifolium,Callistachys obtusifolia,0.4263,not synonym,sentence-transformers/all-MiniLM-L6-v2,0.7,1
Xanthophyllum flavescens,Microcharis pseudoindigofera,0.2476,not synonym,sentence-transformers/all-MiniLM-L6-v2,0.7,0
Bossiaea ornata,Ononis euphrasiaefolia,0.4463,not synonym,sentence-transformers/all-MiniLM-L6-v2,0.7,0
Betencourtia scarlatina,Camptosema scarlatinum,0.3875,not synonym,sentence-transformers/all-MiniLM-L6-v2,0.7,1
Archidendron occultatum,Pithecellobium occultatum,0.4673,not synonym,sentence-transformers/all-MiniLM-L6-v2,0.7,1
Archidendron novoguineense,Abarema novoguineensis,0.5082,not synonym,sentence-transformers/all-MiniLM-L6-v2,0.7,1
Acacia cultriformis,Racosperma cultriforme,0.3066,not synonym,sentence-transformers/all-MiniLM-L6-v2,0.7,1
Acanthocladus brasiliensis,Derris pseudorobusta,0.337,not synonym,sentence-transformers/all-MiniLM-L6-v2,0.7,0
Chesneya nubigena,Caragana nubigena,0.7314,synonym,sentence-transformers/all-MiniLM-L6-v2,0.7,1
Acacia hemignosta,Comesperma herbaceum,0.37,not synonym,sentence-transformers/all-MiniLM-L6-v2,0.7,0
Genista canariensis,Cytisus hillebrandii,0.332,not synonym,sentence-transformers/all-MiniLM-L6-v2,0.7,1
Lotus jacobaeus,Berlinia ledermannii,0.2235,not synonym,sentence-transformers/all-MiniLM-L6-v2,0.7,0
Dialium procerum,Elsota tomentosa,0.1424,not synonym,sentence-transformers/all-MiniLM-L6-v2,0.7,0
Archidendron jiringa,Mimosa jiringa,0.5236,not synonym,sentence-transformers/all-MiniLM-L6-v2,0.7,1
Eminia holubii,Rhynchosia holubii,0.6429,not synonym,sentence-transformers/all-MiniLM-L6-v2,0.7,1
Inga sapindoides,Abarema tjendana,0.3952,not synonym,sentence-transformers/all-MiniLM-L6-v2,0.7,0
Ononis arvensis,Ononis purpurea,0.7544,synonym,sentence-transformers/all-MiniLM-L6-v2,0.7,1
Millettia ebenifera,Phaseolus pedunculatus,0.3023,not synonym,sentence-transformers/all-MiniLM-L6-v2,0.7,0
Hoita orbicularis,Lotodes orbiculare,0.5114,not synonym,sentence-transformers/all-MiniLM-L6-v2,0.7,1
Monnina exalata,Machaerium seemannii,0.3044,not synonym,sentence-transformers/all-MiniLM-L6-v2,0.7,0
Polygala preslii,Polygala elongata,0.7705,synonym,sentence-transformers/all-MiniLM-L6-v2,0.7,1
Hippocrepis constricta,Dorycnium sericeum,0.2751,not synonym,sentence-transformers/all-MiniLM-L6-v2,0.7,0
Carmichaelia petriei,Carmichaelia ramosa,0.7964,synonym,sentence-transformers/all-MiniLM-L6-v2,0.7,1
Archidendron arborescens,Abarema arborescens,0.6957,not synonym,sentence-transformers/all-MiniLM-L6-v2,0.7,1
Flemingia yunnanensis,Oxylobium revolutum,0.25,not synonym,sentence-transformers/all-MiniLM-L6-v2,0.7,0
Muraltia ericoides,Muraltia faciculata,0.7354,synonym,sentence-transformers/all-MiniLM-L6-v2,0.7,1
Brachypterum pseudinvolutum,Caragana acaulis,0.2538,not synonym,sentence-transformers/all-MiniLM-L6-v2,0.7,0
Collaea speciosa,Cytisus speciosus,0.5823,not synonym,sentence-transformers/all-MiniLM-L6-v2,0.7,1
Ebenus bourgeaui,Ebenidium bourgeanii,0.5327,not synonym,sentence-transformers/all-MiniLM-L6-v2,0.7,1
Machaerium tounateifolium,Machaerium tounateifolium,1.0,synonym,sentence-transformers/all-MiniLM-L6-v2,0.7,1
Microcharis medicaginea,Anil medicaginea,0.5268,not synonym,sentence-transformers/all-MiniLM-L6-v2,0.7,1
Securidaca rivinifolia,Amphicarpaea comosa,0.2778,not synonym,sentence-transformers/all-MiniLM-L6-v2,0.7,0
Aphanocalyx ledermannii,Polygala sennii,0.3982,not synonym,sentence-transformers/all-MiniLM-L6-v2,0.7,0
Calliandra asplenioides,Calliandra mertensioides,0.7048,synonym,sentence-transformers/all-MiniLM-L6-v2,0.7,1
Archidendron hendersonii,Abarema hendersonii,0.5802,not synonym,sentence-transformers/all-MiniLM-L6-v2,0.7,1
Archidendron kerrii,Abarema yunnanensis,0.1816,not synonym,sentence-transformers/all-MiniLM-L6-v2,0.7,1
Chorizema ilicifolium,Chorizema triangulare,0.6355,not synonym,sentence-transformers/all-MiniLM-L6-v2,0.7,1
Camoensia scandens,Camoensia maxima,0.7138,synonym,sentence-transformers/all-MiniLM-L6-v2,0.7,1
Calliandra aeschynomenoides,Feuilleea aeschynomenodes,0.6669,not synonym,sentence-transformers/all-MiniLM-L6-v2,0.7,1
Glycine tabacina,Smegmadermos emarginata,0.1523,not synonym,sentence-transformers/all-MiniLM-L6-v2,0.7,0
Eysenhardtia polystachya,Dalea fruticosa,0.3058,not synonym,sentence-transformers/all-MiniLM-L6-v2,0.7,1
Kotschya scaberrima,Smithia scaberrima,0.6632,not synonym,sentence-transformers/all-MiniLM-L6-v2,0.7,1
Ononis pubescens,Poinciana boiviniana,0.3754,not synonym,sentence-transformers/all-MiniLM-L6-v2,0.7,0
Quillaja brasiliensis,Quillaja lanceolata,0.6895,not synonym,sentence-transformers/all-MiniLM-L6-v2,0.7,1
Flemingia fluminalis,Indigofera wajirensis,0.2652,not synonym,sentence-transformers/all-MiniLM-L6-v2,0.7,0
Polygala calcarea,Polygala heribaudii,0.7571,synonym,sentence-transformers/all-MiniLM-L6-v2,0.7,1
Archidendron turgidum,Pithecellobium turgidum,0.5704,not synonym,sentence-transformers/all-MiniLM-L6-v2,0.7,1
Calliandra houstoniana,Millettia calabarica,0.4412,not synonym,sentence-transformers/all-MiniLM-L6-v2,0.7,0
Acacia hylonoma,Racosperma hylonomum,0.4011,not synonym,sentence-transformers/all-MiniLM-L6-v2,0.7,1
Genista germanica,Listera germanica,0.6488,not synonym,sentence-transformers/all-MiniLM-L6-v2,0.7,1
Monnina polystachya,Monnina media,0.5508,not synonym,sentence-transformers/all-MiniLM-L6-v2,0.7,1
Bredemeyera divaricata,Catocoma altissima,0.3702,not synonym,sentence-transformers/all-MiniLM-L6-v2,0.7,1
Securidaca planchoniana,Moghania fruticulosa,0.4499,not synonym,sentence-transformers/all-MiniLM-L6-v2,0.7,0
Ononis tournefortii,Ononis littoralis,0.7486,synonym,sentence-transformers/all-MiniLM-L6-v2,0.7,1
Coulteria mollis,Caesalpinia mollis,0.4851,not synonym,sentence-transformers/all-MiniLM-L6-v2,0.7,1
Acacia microbotrya,Acacia bartleana,0.6592,not synonym,sentence-transformers/all-MiniLM-L6-v2,0.7,1
Gilbertiodendron diphyllum,Macrolobium reticulatum,0.2267,not synonym,sentence-transformers/all-MiniLM-L6-v2,0.7,1
Camoensia brevicalyx,Camoensia laurentii,0.72,synonym,sentence-transformers/all-MiniLM-L6-v2,0.7,1
Erythrostemon gilliesii,Chaetocalyx hebecarpus,0.3725,not synonym,sentence-transformers/all-MiniLM-L6-v2,0.7,0
Lupinus prunophilus,Lupinus amplus,0.7451,synonym,sentence-transformers/all-MiniLM-L6-v2,0.7,1
Monnina filifolia,Pteromonnina filifolia,0.6814,not synonym,sentence-transformers/all-MiniLM-L6-v2,0.7,1
Lotus mlanjeanus,Hippocrepis scorpioides,0.1582,not synonym,sentence-transformers/all-MiniLM-L6-v2,0.7,0
Lotus emeroides,Lotus borzii,0.6627,not synonym,sentence-transformers/all-MiniLM-L6-v2,0.7,1
Calliandra bijuga,Anneslia michelii,0.3785,not synonym,sentence-transformers/all-MiniLM-L6-v2,0.7,1
Hippocrepis comosa,Hippocrepis heterocarpa,0.759,synonym,sentence-transformers/all-MiniLM-L6-v2,0.7,1
Flemingia lineata,Acacia cyclops,0.1412,not synonym,sentence-transformers/all-MiniLM-L6-v2,0.7,0
Hoffmannseggia drummondii,Larrea drummondii,0.6488,not synonym,sentence-transformers/all-MiniLM-L6-v2,0.7,1
Flemingia parviflora,Moghania racemosa,0.4667,not synonym,sentence-transformers/all-MiniLM-L6-v2,0.7,1
Inga pilosula,Moghania cummingiana,0.3326,not synonym,sentence-transformers/all-MiniLM-L6-v2,0.7,0
Polygala timoutou,Poinciana palmeri,0.4876,not synonym,sentence-transformers/all-MiniLM-L6-v2,0.7,0
Flemingia macrophylla,Feuilleea taxifolia,0.4089,not synonym,sentence-transformers/all-MiniLM-L6-v2,0.7,0
Monnina xalapensis,Monnina latisepala,0.5553,not synonym,sentence-transformers/all-MiniLM-L6-v2,0.7,1
Muraltia thymifolia,Muraltia serpylloides,0.5967,not synonym,sentence-transformers/all-MiniLM-L6-v2,0.7,1
Asemeia floribunda,Acacia brasiliensis,0.4122,not synonym,sentence-transformers/all-MiniLM-L6-v2,0.7,0
Muraltia satureioides,Heisteria saturejoides,0.5858,not synonym,sentence-transformers/all-MiniLM-L6-v2,0.7,1
Chesneya macrantha,Muraltia marifolia,0.3085,not synonym,sentence-transformers/all-MiniLM-L6-v2,0.7,0
Moutabea pacifica,Muraltia depressa,0.4227,not synonym,sentence-transformers/all-MiniLM-L6-v2,0.7,0
Archidendron sessile,Flemingia trinervia,0.0791,not synonym,sentence-transformers/all-MiniLM-L6-v2,0.7,0
Calliandra hirsuta,Nissolia hirta,0.471,not synonym,sentence-transformers/all-MiniLM-L6-v2,0.7,0
Inga sapindoides,Abarema kinubaluensis,0.4455,not synonym,sentence-transformers/all-MiniLM-L6-v2,0.7,0
Calpurnia sericea,Spartium sericeum,0.429,not synonym,sentence-transformers/all-MiniLM-L6-v2,0.7,0
Genista nissana,Cytisanthus nissanus,0.3159,not synonym,sentence-transformers/all-MiniLM-L6-v2,0.7,1
Amphicarpaea bracteata,Securidaca cristata,0.4091,not synonym,sentence-transformers/all-MiniLM-L6-v2,0.7,0
Calliandra peninsularis,Anneslia peninsularis,0.6773,not synonym,sentence-transformers/all-MiniLM-L6-v2,0.7,1
Archidendron molle,Polygala hebeclada,0.1146,not synonym,sentence-transformers/all-MiniLM-L6-v2,0.7,0
Securidaca divaricata,Lupinus bridgesii,0.1642,not synonym,sentence-transformers/all-MiniLM-L6-v2,0.7,0
Gastrolobium polystachyum,Oxylobium batillum,0.4097,not synonym,sentence-transformers/all-MiniLM-L6-v2,0.7,1
Adenopodia spicata,Lebeckia spathulifolia,0.2337,not synonym,sentence-transformers/all-MiniLM-L6-v2,0.7,0
Daniellia soyauxii,Cyanothyrsus soyauxii,0.5936,not synonym,sentence-transformers/all-MiniLM-L6-v2,0.7,1
Angylocalyx pynaertii,Calliandra caripensis,0.3316,not synonym,sentence-transformers/all-MiniLM-L6-v2,0.7,0
Lupinus eriocladus,Nissolia stipitata,0.3508,not synonym,sentence-transformers/all-MiniLM-L6-v2,0.7,0
Muraltia ononidifolia,Muraltia heterophylla,0.716,synonym,sentence-transformers/all-MiniLM-L6-v2,0.7,1
Hoita orbicularis,Lotodes orbicularis,0.5328,not synonym,sentence-transformers/all-MiniLM-L6-v2,0.7,1
Genista monspessulana,Abarema kinabaluensis,0.2456,not synonym,sentence-transformers/all-MiniLM-L6-v2,0.7,0
Ononis tridentata,Kaulfussia geminiflora,0.3387,not synonym,sentence-transformers/all-MiniLM-L6-v2,0.7,0
Bredemeyera hebeclada,Comesperma kunthiana,0.3025,not synonym,sentence-transformers/all-MiniLM-L6-v2,0.7,1
Rhinotropis acanthoclada,Polygala acanthoclada,0.5977,not synonym,sentence-transformers/all-MiniLM-L6-v2,0.7,1
Dialium englerianum,Maughania vestita,0.124,not synonym,sentence-transformers/all-MiniLM-L6-v2,0.7,0
Erythrostemon exostemma,Maughania fruticulosa,0.1736,not synonym,sentence-transformers/all-MiniLM-L6-v2,0.7,0
Archidendron jiringa,Phaseolus grandidieri,0.2529,not synonym,sentence-transformers/all-MiniLM-L6-v2,0.7,0
Asemeia monticola,Polygala ovalifolia,0.357,not synonym,sentence-transformers/all-MiniLM-L6-v2,0.7,0
Comesperma confertum,Comesperma longifolium,0.6782,not synonym,sentence-transformers/all-MiniLM-L6-v2,0.7,1
Mora ekmanii,Dimorphandra ekmanii,0.5897,not synonym,sentence-transformers/all-MiniLM-L6-v2,0.7,1
Genista tenera,Genista microphylla,0.6717,not synonym,sentence-transformers/all-MiniLM-L6-v2,0.7,1
Flemingia parviflora,Notospartium glabrescens,0.0894,not synonym,sentence-transformers/all-MiniLM-L6-v2,0.7,0
Humularia apiculata,Geissaspis luentensis,0.3004,not synonym,sentence-transformers/all-MiniLM-L6-v2,0.7,1
Muraltia macroceras,Racosperma hubbardianum,0.2004,not synonym,sentence-transformers/all-MiniLM-L6-v2,0.7,0
Daniellia ogea,Daniellia caudata,0.7703,synonym,sentence-transformers/all-MiniLM-L6-v2,0.7,1
Calliandra goldmanii,Feuilleea pedicellata,0.3324,not synonym,sentence-transformers/all-MiniLM-L6-v2,0.7,0
Genista ephedroides,Spartium gymnopterum,0.2032,not synonym,sentence-transformers/all-MiniLM-L6-v2,0.7,1
Acacia elata,Mimosa pacay,0.3374,not synonym,sentence-transformers/all-MiniLM-L6-v2,0.7,0
Machaerium legale,Nissolia legalis,0.47,not synonym,sentence-transformers/all-MiniLM-L6-v2,0.7,1
Monnina leptostachya,Galactia macropoda,0.3074,not synonym,sentence-transformers/all-MiniLM-L6-v2,0.7,0
Genista aetnensis,Spartium aetnense,0.4049,not synonym,sentence-transformers/all-MiniLM-L6-v2,0.7,1
Archidendron oppositum,Muraltia heterophylla,0.2506,not synonym,sentence-transformers/all-MiniLM-L6-v2,0.7,0
Betencourtia gracillima,Galactia linearifolia,0.3372,not synonym,sentence-transformers/all-MiniLM-L6-v2,0.7,1
Comesperma spinosum,Bredemeyera spinosa,0.4327,not synonym,sentence-transformers/all-MiniLM-L6-v2,0.7,1
Dimorphandra polyandra,Dimorphandra polystachya,0.8169,synonym,sentence-transformers/all-MiniLM-L6-v2,0.7,1
Calobota sericea,Crotalaria angustifolia,0.3973,not synonym,sentence-transformers/all-MiniLM-L6-v2,0.7,1
Archidendron jiringa,Feuilleea chilensis,0.1734,not synonym,sentence-transformers/all-MiniLM-L6-v2,0.7,0
Archidendron contortum,Chaetocalyx vincentinus,0.3698,not synonym,sentence-transformers/all-MiniLM-L6-v2,0.7,0
Acacia paradoxa,Meibomia dependens,0.1205,not synonym,sentence-transformers/all-MiniLM-L6-v2,0.7,0
Cyclopia falcata,Cyclopia latifolia,0.7278,synonym,sentence-transformers/all-MiniLM-L6-v2,0.7,1
Eutaxia parvifolia,Epirixanthes aphylla,0.354,not synonym,sentence-transformers/all-MiniLM-L6-v2,0.7,0
Polygala equisetoides,Notospartium carmichaelii,0.2401,not synonym,sentence-transformers/all-MiniLM-L6-v2,0.7,0
Genista aspalathoides,Genista umbellata,0.6787,not synonym,sentence-transformers/all-MiniLM-L6-v2,0.7,1
Rhinotropis cornuta,Polygala cornuta,0.584,not synonym,sentence-transformers/all-MiniLM-L6-v2,0.7,1
Brachypterum scandens,Polygala rubioides,0.2748,not synonym,sentence-transformers/all-MiniLM-L6-v2,0.7,0
Machaerium nigrum,Racosperma pickardii,0.3022,not synonym,sentence-transformers/all-MiniLM-L6-v2,0.7,0
Dahlstedtia peckoltii,Polygala crotalarioides,0.2272,not synonym,sentence-transformers/all-MiniLM-L6-v2,0.7,0
Xanthophyllum lanceatum,Banisteroides glaucum,0.4558,not synonym,sentence-transformers/all-MiniLM-L6-v2,0.7,1
Lotus angustissimus,Racosperma gordonii,0.1555,not synonym,sentence-transformers/all-MiniLM-L6-v2,0.7,0
Nissolia weberbaueri,Chaetocalyx weberbaueri,0.5955,not synonym,sentence-transformers/all-MiniLM-L6-v2,0.7,1
Genista albida,Acanthocladus caracansis,0.3618,not synonym,sentence-transformers/all-MiniLM-L6-v2,0.7,0
Mecopus nidulans,Heistera lancifolia,0.3091,not synonym,sentence-transformers/all-MiniLM-L6-v2,0.7,0
Lotus hirsutus,Lotus hemorroidalis,0.624,not synonym,sentence-transformers/all-MiniLM-L6-v2,0.7,1
Hoffmannseggia microphylla,Securidaca floribunda,0.3062,not synonym,sentence-transformers/all-MiniLM-L6-v2,0.7,0
Calobota pungens,Stiza erioloba,0.3204,not synonym,sentence-transformers/all-MiniLM-L6-v2,0.7,1
Acacia johannis,Moutabea longifolia,0.4078,not synonym,sentence-transformers/all-MiniLM-L6-v2,0.7,0
Muraltia dumosa,Muraltia stipulacea,0.6603,not synonym,sentence-transformers/all-MiniLM-L6-v2,0.7,1
Ononis sieberi,Polygala grisea,0.4145,not synonym,sentence-transformers/all-MiniLM-L6-v2,0.7,0
Archidendron chevalieri,Polygala taquetii,0.2206,not synonym,sentence-transformers/all-MiniLM-L6-v2,0.7,0
Lotus hebranicus,Lotus hebranicus,1.0,synonym,sentence-transformers/all-MiniLM-L6-v2,0.7,1
Monnina arbuscula,Lophostylis oblongifolia,0.2091,not synonym,sentence-transformers/all-MiniLM-L6-v2,0.7,0
Calliandra parvifolia,Feuillea multifoliata,0.5532,not synonym,sentence-transformers/all-MiniLM-L6-v2,0.7,1
Millettia vankerckhovenii,Pithecellobium solomonense,0.4373,not synonym,sentence-transformers/all-MiniLM-L6-v2,0.7,0
Flemingia paniculata,Muraltia stipulacea,0.3903,not synonym,sentence-transformers/all-MiniLM-L6-v2,0.7,0
Acanthocladus pulcherrimus,Polygala pulcherrima,0.5791,not synonym,sentence-transformers/all-MiniLM-L6-v2,0.7,1
Apios americana,Glycine tuberosa,0.2229,not synonym,sentence-transformers/all-MiniLM-L6-v2,0.7,1
Carmichaelia australis,Genista compressa,0.3512,not synonym,sentence-transformers/all-MiniLM-L6-v2,0.7,1
Calobota cuspidosa,Lebeckia macrantha,0.3352,not synonym,sentence-transformers/all-MiniLM-L6-v2,0.7,1
Asemeia violacea,Polygala orobus,0.2595,not synonym,sentence-transformers/all-MiniLM-L6-v2,0.7,1
Polygala nicaeensis,Mundulea chpelieri,0.3177,not synonym,sentence-transformers/all-MiniLM-L6-v2,0.7,0
Monnina tristaniana,Monnina selloi,0.6636,not synonym,sentence-transformers/all-MiniLM-L6-v2,0.7,1
Ebenus stellata,Trichlisperma grandiflorum,0.2277,not synonym,sentence-transformers/all-MiniLM-L6-v2,0.7,0
Hoffmannseggia watsonii,Hoffmannseggia gracilis,0.7543,synonym,sentence-transformers/all-MiniLM-L6-v2,0.7,1
Lupinus littoralis,Poincianella palmeri,0.3295,not synonym,sentence-transformers/all-MiniLM-L6-v2,0.7,0
Ougeinia oojeinensis,Ougeinia dalbergioides,0.6785,not synonym,sentence-transformers/all-MiniLM-L6-v2,0.7,1
Hebecarpa platycarpa,Polygala platycarpa,0.6502,not synonym,sentence-transformers/all-MiniLM-L6-v2,0.7,1
Hoffmannseggia glauca,Caesalpinia falcaria,0.336,not synonym,sentence-transformers/all-MiniLM-L6-v2,0.7,1
Asemeia apopetala,Polygala apopetala,0.6634,not synonym,sentence-transformers/all-MiniLM-L6-v2,0.7,1
Muraltia lancifolia,Heisteria pilosa,0.3292,not synonym,sentence-transformers/all-MiniLM-L6-v2,0.7,1
Muraltia ericoides,Muraltia neglecta,0.683,not synonym,sentence-transformers/all-MiniLM-L6-v2,0.7,1
Muraltia thymifolia,Polygala retifera,0.2713,not synonym,sentence-transformers/all-MiniLM-L6-v2,0.7,0
Apios americana,Robinia violacea,0.201,not synonym,sentence-transformers/all-MiniLM-L6-v2,0.7,0
Gastrolobium graniticum,Pylostachya cymosa,0.3603,not synonym,sentence-transformers/all-MiniLM-L6-v2,0.7,0
Archidendron palauense,Pithecellobium papuanum,0.2273,not synonym,sentence-transformers/all-MiniLM-L6-v2,0.7,1
Carmichaelia arborea,Solori philippinensis,0.405,not synonym,sentence-transformers/all-MiniLM-L6-v2,0.7,0
Polygala arcuata,Moghania lineata,0.3552,not synonym,sentence-transformers/all-MiniLM-L6-v2,0.7,0
Archidendron bigeminum,Inga bigemina,0.4217,not synonym,sentence-transformers/all-MiniLM-L6-v2,0.7,1
Acacia dealbata,Acacia derwentii,0.7596,synonym,sentence-transformers/all-MiniLM-L6-v2,0.7,1
Ononis ramosissima,Inga vulpina,0.2744,not synonym,sentence-transformers/all-MiniLM-L6-v2,0.7,0
Adenopodia scelerata,Elsota lateralis,0.3354,not synonym,sentence-transformers/all-MiniLM-L6-v2,0.7,0
Ononis crispa,Natrix crispa,0.6512,not synonym,sentence-transformers/all-MiniLM-L6-v2,0.7,1
Gastrolobium dilatatum,Nemcia cuneata,0.2558,not synonym,sentence-transformers/all-MiniLM-L6-v2,0.7,1
Lotus conjugatus,Archidendron affine,0.1729,not synonym,sentence-transformers/all-MiniLM-L6-v2,0.7,0
Carmichaelia odorata,Carmichaelia angusta,0.8005,synonym,sentence-transformers/all-MiniLM-L6-v2,0.7,1
Calobota angustifolia,Muraltia condensata,0.3077,not synonym,sentence-transformers/all-MiniLM-L6-v2,0.7,0
Xanthophyllum octandrum,Macintyria octandra,0.4951,not synonym,sentence-transformers/all-MiniLM-L6-v2,0.7,1
Brachypterum scandens,Derris timorensis,0.133,not synonym,sentence-transformers/all-MiniLM-L6-v2,0.7,1
Erythrostemon pannosus,Lotus oligoceratos,0.3869,not synonym,sentence-transformers/all-MiniLM-L6-v2,0.7,0
Ebenus pinnata,Ebenidium pinnatum,0.6537,not synonym,sentence-transformers/all-MiniLM-L6-v2,0.7,1
Genista florida,Telinaria florida,0.4865,not synonym,sentence-transformers/all-MiniLM-L6-v2,0.7,1
Gastrolobium latifolium,Brachysema latifolium,0.5905,not synonym,sentence-transformers/all-MiniLM-L6-v2,0.7,1
Apios carnea,Feuilleea uruguensis,0.272,not synonym,sentence-transformers/all-MiniLM-L6-v2,0.7,0
Xanthophyllum vitellinum,Banisteroides longifolium,0.4166,not synonym,sentence-transformers/all-MiniLM-L6-v2,0.7,1
Flemingia parviflora,Maughania parviflora,0.6989,not synonym,sentence-transformers/all-MiniLM-L6-v2,0.7,1
Salomonia ciliata,Ougeinia dalbergioides,0.516,not synonym,sentence-transformers/all-MiniLM-L6-v2,0.7,0
Carmichaelia australis,Carmichaelia hookeri,0.7679,synonym,sentence-transformers/all-MiniLM-L6-v2,0.7,1
Muraltia polyphylla,Muraltia petraea,0.6394,not synonym,sentence-transformers/all-MiniLM-L6-v2,0.7,1
Comesperma confertum,Bredemeyera conferta,0.3518,not synonym,sentence-transformers/all-MiniLM-L6-v2,0.7,1
Calliandra purpurea,Collaea crassifolia,0.4222,not synonym,sentence-transformers/all-MiniLM-L6-v2,0.7,0
Gastrolobium sericeum,Carmichaelia glabrata,0.4316,not synonym,sentence-transformers/all-MiniLM-L6-v2,0.7,0
Millettia xylocarpa,Phaseoloides xylocarpum,0.6123,not synonym,sentence-transformers/all-MiniLM-L6-v2,0.7,1
Calpurnia sericea,Calpurnia obovata,0.8311,synonym,sentence-transformers/all-MiniLM-L6-v2,0.7,1
Calliandra hirsuta,Polygala ruderalis,0.3439,not synonym,sentence-transformers/all-MiniLM-L6-v2,0.7,0
Microcharis tritoides,Mimosa scutifera,0.3314,not synonym,sentence-transformers/all-MiniLM-L6-v2,0.7,0
Inga sastreana,Inga guadeloupensis,0.3784,not synonym,sentence-transformers/all-MiniLM-L6-v2,0.7,1
Lotus dorycnium,Lotus dorycnium,1.0,synonym,sentence-transformers/all-MiniLM-L6-v2,0.7,1
Genista sibirica,Genista borysthenica,0.7138,synonym,sentence-transformers/all-MiniLM-L6-v2,0.7,1
Archidendron muricarpum,Amphicarpaea chamaecaulis,0.3566,not synonym,sentence-transformers/all-MiniLM-L6-v2,0.7,0
Calobota cytisoides,Polygala dukei,0.4009,not synonym,sentence-transformers/all-MiniLM-L6-v2,0.7,0
Ebenus lagopus,Ebenidium lagopus,0.7663,synonym,sentence-transformers/all-MiniLM-L6-v2,0.7,1
Limadendron amazonicum,Spartium radiatum,0.3762,not synonym,sentence-transformers/all-MiniLM-L6-v2,0.7,0
Carmichaelia australis,Lotus herbaceus,0.1884,not synonym,sentence-transformers/all-MiniLM-L6-v2,0.7,0
Inga hispida,Feuilleea ferrugineohirta,0.3502,not synonym,sentence-transformers/all-MiniLM-L6-v2,0.7,1
Lotus conimbricensis,Lotus tingitanus,0.646,not synonym,sentence-transformers/all-MiniLM-L6-v2,0.7,1
Badiera penaea,Polygala portoricensis,0.2739,not synonym,sentence-transformers/all-MiniLM-L6-v2,0.7,1
Securidaca planchoniana,Elsota rufescens,0.3689,not synonym,sentence-transformers/all-MiniLM-L6-v2,0.7,1
Archidendron kerrii,Albizia yunnanensis,0.2011,not synonym,sentence-transformers/all-MiniLM-L6-v2,0.7,1
Acacia gloeotricha,Racosperma gloeotrichum,0.4917,not synonym,sentence-transformers/all-MiniLM-L6-v2,0.7,1
Acacia excelsa,Acacia daintreeana,0.7416,synonym,sentence-transformers/all-MiniLM-L6-v2,0.7,1
Asemeia monninoides,Polygala gymnosepala,0.4026,not synonym,sentence-transformers/all-MiniLM-L6-v2,0.7,1
Archidendron alternifoliolatum,Acacia cyclopsis,0.2182,not synonym,sentence-transformers/all-MiniLM-L6-v2,0.7,0
Adenopodia rotundifolia,Polygala tovariensis,0.3698,not synonym,sentence-transformers/all-MiniLM-L6-v2,0.7,0
Archidendron oppositum,Feuilleea mottleyana,0.0872,not synonym,sentence-transformers/all-MiniLM-L6-v2,0.7,1
Archidendron robinsonii,Cylindrokelupha robinsonii,0.6256,not synonym,sentence-transformers/all-MiniLM-L6-v2,0.7,1
Camptosema coriaceum,Phaseolus spixianus,0.2034,not synonym,sentence-transformers/all-MiniLM-L6-v2,0.7,0
Carmichaelia odorata,Cyclopia teretifolia,0.4495,not synonym,sentence-transformers/all-MiniLM-L6-v2,0.7,0
Polygala arcuata,Polygala crassiuscula,0.6809,not synonym,sentence-transformers/all-MiniLM-L6-v2,0.7,1
Chesneya paucifoliolata,Telinaria aprutia,0.5223,not synonym,sentence-transformers/all-MiniLM-L6-v2,0.7,0
Caamembeca oxyphylla,Polygala aculeata,0.477,not synonym,sentence-transformers/all-MiniLM-L6-v2,0.7,1
Genista germanica,Genista villosa,0.6563,not synonym,sentence-transformers/all-MiniLM-L6-v2,0.7,1
Ancistrotropis firmula,Nissolia punctata,0.3661,not synonym,sentence-transformers/all-MiniLM-L6-v2,0.7,0
Erythrostemon caudatus,Caesalpinia caudata,0.491,not synonym,sentence-transformers/all-MiniLM-L6-v2,0.7,1
Asemeia glabra,Polygala glabra,0.6092,not synonym,sentence-transformers/all-MiniLM-L6-v2,0.7,1
Archidendron merrillii,Paralbizia platycarpa,0.183,not synonym,sentence-transformers/all-MiniLM-L6-v2,0.7,1
Julbernardia paniculata,Berlinia paniculata,0.6245,not synonym,sentence-transformers/all-MiniLM-L6-v2,0.7,1
Adenopodia patens,Mimosa gualanensis,0.2493,not synonym,sentence-transformers/all-MiniLM-L6-v2,0.7,1
Adenopodia patens,Lotus fraseri,0.1898,not synonym,sentence-transformers/all-MiniLM-L6-v2,0.7,0
Machaerium declinatum,Machaerium lineatum,0.7375,synonym,sentence-transformers/all-MiniLM-L6-v2,0.7,1
Flemingia trifoliata,Polygala floribunda,0.4196,not synonym,sentence-transformers/all-MiniLM-L6-v2,0.7,0
Chorizema spathulatum,Asphalthium acaule,0.404,not synonym,sentence-transformers/all-MiniLM-L6-v2,0.7,0
Flemingia grahamiana,Brasilettia pilosa,0.3392,not synonym,sentence-transformers/all-MiniLM-L6-v2,0.7,0
Betencourtia neesii,Collaea neesii,0.6639,not synonym,sentence-transformers/all-MiniLM-L6-v2,0.7,1
Acacia microbotrya,Acacia myriobotrya,0.8655,synonym,sentence-transformers/all-MiniLM-L6-v2,0.7,1
Millettia pachycarpa,Banisteroides affine,0.2879,not synonym,sentence-transformers/all-MiniLM-L6-v2,0.7,0
Archidendron dalatense,Rhadinocarpus brasiliensis,0.1239,not synonym,sentence-transformers/all-MiniLM-L6-v2,0.7,0
Polygala celosioides,Senega celosioides,0.6443,not synonym,sentence-transformers/all-MiniLM-L6-v2,0.7,1
Ononis ramosissima,Ononis adglutinans,0.6471,not synonym,sentence-transformers/all-MiniLM-L6-v2,0.7,1
Inga uraguensis,Feuilleea uraguensis,0.5787,not synonym,sentence-transformers/all-MiniLM-L6-v2,0.7,1
Machaerium villosum,Zuccagnia angulata,0.2077,not synonym,sentence-transformers/all-MiniLM-L6-v2,0.7,0
Bossiaea preissii,Podalyria bracteata,0.431,not synonym,sentence-transformers/all-MiniLM-L6-v2,0.7,0
Archidendron merrillii,Pithecellobium platycarpum,0.1511,not synonym,sentence-transformers/all-MiniLM-L6-v2,0.7,1
Calobota angustifolia,Polygala glandulosa,0.3695,not synonym,sentence-transformers/all-MiniLM-L6-v2,0.7,0
Gastrolobium stipulare,Pithecellobium trichophyllum,0.5104,not synonym,sentence-transformers/all-MiniLM-L6-v2,0.7,0
Carmichaelia australis,Desmodium sennaarense,0.3542,not synonym,sentence-transformers/all-MiniLM-L6-v2,0.7,0
Millettia griffoniana,Ononis campestris,0.3372,not synonym,sentence-transformers/all-MiniLM-L6-v2,0.7,0
Securidaca diversifolia,Elsota diversifolia,0.6903,not synonym,sentence-transformers/all-MiniLM-L6-v2,0.7,1
Archidendron clypearia,Inga kawahurunae,0.1154,not synonym,sentence-transformers/all-MiniLM-L6-v2,0.7,1
Calliandra selloi,Annesleya brevipes,0.3351,not synonym,sentence-transformers/all-MiniLM-L6-v2,0.7,1
Inga martinicensis,Mimosa coriacea,0.3498,not synonym,sentence-transformers/all-MiniLM-L6-v2,0.7,1
Inga laurina,Piptanthus mongolicus,0.0741,not synonym,sentence-transformers/all-MiniLM-L6-v2,0.7,0
Archidendron apoense,Heistera angulosa,0.1909,not synonym,sentence-transformers/all-MiniLM-L6-v2,0.7,0
Hippocrepis multisiliquosa,Hippocrepis multiflora,0.7933,synonym,sentence-transformers/all-MiniLM-L6-v2,0.7,1
Ononis pusilla,Hippocrepis burgalensis,0.2693,not synonym,sentence-transformers/all-MiniLM-L6-v2,0.7,0
Muraltia spinosa,Feuilleea virgata,0.299,not synonym,sentence-transformers/all-MiniLM-L6-v2,0.7,0
Acacia neorigida,Lotus pilosissimus,0.233,not synonym,sentence-transformers/all-MiniLM-L6-v2,0.7,0
Millettia fruticosa,Comesperma variabile,0.2318,not synonym,sentence-transformers/all-MiniLM-L6-v2,0.7,0
Muraltia tenuifolia,Heisteria tenuifolia,0.6465,not synonym,sentence-transformers/all-MiniLM-L6-v2,0.7,1
Baudouinia rouxevillei,Baudouinia perrieri,0.6934,not synonym,sentence-transformers/all-MiniLM-L6-v2,0.7,1
Calliandra tweediei,Polygala coniicarpa,0.2681,not synonym,sentence-transformers/all-MiniLM-L6-v2,0.7,0
Flemingia kweichowensis,Flemingia kradungensis,0.7464,synonym,sentence-transformers/all-MiniLM-L6-v2,0.7,1
Inga panurensis,Machaerium viridipetalum,0.1984,not synonym,sentence-transformers/all-MiniLM-L6-v2,0.7,0
Millettia piscidia,Millettia piscida,0.8309,synonym,sentence-transformers/all-MiniLM-L6-v2,0.7,1
Millettia urophylloides,Lotus trichocarpus,0.2411,not synonym,sentence-transformers/all-MiniLM-L6-v2,0.7,0
Hoffmannseggia microphylla,Caesalpinia virgata,0.2982,not synonym,sentence-transformers/all-MiniLM-L6-v2,0.7,1
Archidendron calliandrum,Racosperma phlebocarpum,0.0679,not synonym,sentence-transformers/all-MiniLM-L6-v2,0.7,0
Polygala asperuloides,Polygala distans,0.653,not synonym,sentence-transformers/all-MiniLM-L6-v2,0.7,1
Millettia drastica,Polygala scopulorum,0.3012,not synonym,sentence-transformers/all-MiniLM-L6-v2,0.7,0
Gastrolobium lehmannii,Nemcia lehmannii,0.6022,not synonym,sentence-transformers/all-MiniLM-L6-v2,0.7,1
Calliandra foliolosa,Calliandra diademata,0.4325,not synonym,sentence-transformers/all-MiniLM-L6-v2,0.7,1
Eminia holubii,Eminia polyadenia,0.7706,synonym,sentence-transformers/all-MiniLM-L6-v2,0.7,1
Ebenus bourgeaui,Heistera crassifolia,0.2288,not synonym,sentence-transformers/all-MiniLM-L6-v2,0.7,0
Polygala karensium,Polygala congesta,0.7136,synonym,sentence-transformers/all-MiniLM-L6-v2,0.7,1
Genista januensis,Corniola scariosa,0.2173,not synonym,sentence-transformers/all-MiniLM-L6-v2,0.7,1
Xanthophyllum vitellinum,Huchimingia weizhii,0.2508,not synonym,sentence-transformers/all-MiniLM-L6-v2,0.7,0
Inga umbratica,Cytisus sagittalis,0.2731,not synonym,sentence-transformers/all-MiniLM-L6-v2,0.7,0
Brachypterum thorelii,Derris thorelii,0.4304,not synonym,sentence-transformers/all-MiniLM-L6-v2,0.7,1
Calliandra parvifolia,Inga parvifolia,0.7009,synonym,sentence-transformers/all-MiniLM-L6-v2,0.7,1
Monnina richardiana,Ononis arbuscula,0.262,not synonym,sentence-transformers/all-MiniLM-L6-v2,0.7,0
Muraltia alopecuroides,Erinacea erinacea,0.1411,not synonym,sentence-transformers/all-MiniLM-L6-v2,0.7,0
Ononis rotundifolia,Ononis tribracteata,0.5983,not synonym,sentence-transformers/all-MiniLM-L6-v2,0.7,1
Acacia paradoxa,Phyllodoce undulata,0.2108,not synonym,sentence-transformers/all-MiniLM-L6-v2,0.7,1
Genista canariensis,Genista rhodopnoa,0.5549,not synonym,sentence-transformers/all-MiniLM-L6-v2,0.7,1
Genista ferox,Spartium ferox,0.4893,not synonym,sentence-transformers/all-MiniLM-L6-v2,0.7,1
Inga laevigata,Feuilleea leiocalycina,0.3879,not synonym,sentence-transformers/all-MiniLM-L6-v2,0.7,1
Monnina polygonoides,Monnina polygaloides,0.9175,synonym,sentence-transformers/all-MiniLM-L6-v2,0.7,1
Lotus jolyi,Comesperma pubescens,0.0732,not synonym,sentence-transformers/all-MiniLM-L6-v2,0.7,0
Dialium zenkeri,Glycine javanica,0.1889,not synonym,sentence-transformers/all-MiniLM-L6-v2,0.7,0
Lotus jolyi,Lotus capillipes,0.6109,not synonym,sentence-transformers/all-MiniLM-L6-v2,0.7,1
Calliandra peninsularis,Salomonia sessilifolia,0.3887,not synonym,sentence-transformers/all-MiniLM-L6-v2,0.7,0
Ononis diffusa,Polygala itatiaiae,0.3308,not synonym,sentence-transformers/all-MiniLM-L6-v2,0.7,0
Hippocrepis balearica,Polygala oleifolia,0.3464,not synonym,sentence-transformers/all-MiniLM-L6-v2,0.7,0
Gastrolobium spathulatum,Nemcia spathulata,0.546,not synonym,sentence-transformers/all-MiniLM-L6-v2,0.7,1
Lupinus velutinus,Lotus suaveolens,0.2053,not synonym,sentence-transformers/all-MiniLM-L6-v2,0.7,0
Monnina polystachya,Dolichopsis monticola,0.36,not synonym,sentence-transformers/all-MiniLM-L6-v2,0.7,0
Calobota angustifolia,Lalage angustifolia,0.6398,not synonym,sentence-transformers/all-MiniLM-L6-v2,0.7,0
Archidendron bigeminum,Hoffmannseggia falcaria,0.1868,not synonym,sentence-transformers/all-MiniLM-L6-v2,0.7,0
Muraltia striata,Heisteria brevicornu,0.5335,not synonym,sentence-transformers/all-MiniLM-L6-v2,0.7,1
Ancistrotropis firmula,Inga rhabdotocalyx,0.2739,not synonym,sentence-transformers/all-MiniLM-L6-v2,0.7,0
Caamembeca oxyphylla,Polygala ligustroides,0.4128,not synonym,sentence-transformers/all-MiniLM-L6-v2,0.7,1
Lotus ornithopodioides,Mullaghera compressa,0.1497,not synonym,sentence-transformers/all-MiniLM-L6-v2,0.7,1
Hoffmannseggia viscosa,Teline canariensis,0.0789,not synonym,sentence-transformers/all-MiniLM-L6-v2,0.7,0
Kotschya recurvifolia,Spartium arborescens,0.3793,not synonym,sentence-transformers/all-MiniLM-L6-v2,0.7,0
Gilbertiodendron stipulaceum,Ononis stricta,0.2731,not synonym,sentence-transformers/all-MiniLM-L6-v2,0.7,0
Microcharis disjuncta,Genistella ramosissima,0.201,not synonym,sentence-transformers/all-MiniLM-L6-v2,0.7,0
Berlinia bracteosa,Carmichaelia virgata,0.3253,not synonym,sentence-transformers/all-MiniLM-L6-v2,0.7,0
Calliandra falcata,Anneslia fulgens,0.4083,not synonym,sentence-transformers/all-MiniLM-L6-v2,0.7,1
Calobota angustifolia,Lebeckia multiflora,0.2732,not synonym,sentence-transformers/all-MiniLM-L6-v2,0.7,1
Genista holopetala,Cytisanthus holopetalus,0.3123,not synonym,sentence-transformers/all-MiniLM-L6-v2,0.7,1
Millettia soyauxii,Millettia bicolor,0.5706,not synonym,sentence-transformers/all-MiniLM-L6-v2,0.7,1
Acanthocladus santosii,Lotus erectus,0.4346,not synonym,sentence-transformers/all-MiniLM-L6-v2,0.7,0
Flemingia nana,Mundia montana,0.2563,not synonym,sentence-transformers/all-MiniLM-L6-v2,0.7,0
Eleiotis sororia,Drepanocarpus cuyabensis,0.1092,not synonym,sentence-transformers/all-MiniLM-L6-v2,0.7,0
Hebecarpa buxifolia,Polygala pubescens,0.3194,not synonym,sentence-transformers/all-MiniLM-L6-v2,0.7,0
Acacia lasiopus,Acacia lasiopus,1.0,synonym,sentence-transformers/all-MiniLM-L6-v2,0.7,1
Inga stenoptera,Feuilleea stenoptera,0.6514,not synonym,sentence-transformers/all-MiniLM-L6-v2,0.7,1
Inga sapindoides,Mundia scoparia,0.4867,not synonym,sentence-transformers/all-MiniLM-L6-v2,0.7,0
Calliandra purpurea,Calliandra coroensis,0.7139,synonym,sentence-transformers/all-MiniLM-L6-v2,0.7,1
Calliandra tergemina,Polygala durandii,0.3061,not synonym,sentence-transformers/all-MiniLM-L6-v2,0.7,0
Flemingia praecox,Moghania angusta,0.3556,not synonym,sentence-transformers/all-MiniLM-L6-v2,0.7,1
Microcharis medicaginea,Indigofera medicaginea,0.5138,not synonym,sentence-transformers/all-MiniLM-L6-v2,0.7,1
Securidaca longepedunculata,Nissolia nyctitans,0.3703,not synonym,sentence-transformers/all-MiniLM-L6-v2,0.7,0
Acacia mimica,Inga speciosa,0.3293,not synonym,sentence-transformers/all-MiniLM-L6-v2,0.7,0
Inga pilosula,Feuilleea setifera,0.3845,not synonym,sentence-transformers/all-MiniLM-L6-v2,0.7,1
Dialium guianense,Arouna guianensis,0.3902,not synonym,sentence-transformers/all-MiniLM-L6-v2,0.7,1
Gastrolobium celsianum,Brachysema speciosum,0.4242,not synonym,sentence-transformers/all-MiniLM-L6-v2,0.7,1
Archidendron laoticum,Pithecellobium laoticum,0.5332,not synonym,sentence-transformers/all-MiniLM-L6-v2,0.7,1
Calliandra angustifolia,Pedrosia loweana,0.2474,not synonym,sentence-transformers/all-MiniLM-L6-v2,0.7,0
Microcharis galpinii,Indigofera pseudoindigofera,0.2164,not synonym,sentence-transformers/all-MiniLM-L6-v2,0.7,1
Aotus procumbens,Aotus preissii,0.5807,not synonym,sentence-transformers/all-MiniLM-L6-v2,0.7,1
Genista triangularis,Genista triangularis,1.0,synonym,sentence-transformers/all-MiniLM-L6-v2,0.7,1
Genista aristata,Cytisus dalmaticus,0.0299,not synonym,sentence-transformers/all-MiniLM-L6-v2,0.7,1
Eminia antennulifera,Eminia eminens,0.7549,synonym,sentence-transformers/all-MiniLM-L6-v2,0.7,1
Caamembeca andina,Lupinus rimae,0.3178,not synonym,sentence-transformers/all-MiniLM-L6-v2,0.7,0
Muraltia crassifolia,Archidendron sessile,0.1646,not synonym,sentence-transformers/all-MiniLM-L6-v2,0.7,0
Genista januensis,Genista triangularis,0.611,not synonym,sentence-transformers/all-MiniLM-L6-v2,0.7,1
Acacia macdonnelliensis,Racosperma macdonnelliense,0.325,not synonym,sentence-transformers/all-MiniLM-L6-v2,0.7,1
Gastrolobium melanopetalum,Machaerium acaciefolium,0.3349,not synonym,sentence-transformers/all-MiniLM-L6-v2,0.7,0
Gilbertiodendron ecoukense,Macrolobium ecoukense,0.551,not synonym,sentence-transformers/all-MiniLM-L6-v2,0.7,1
Genista ferox,Corniola ferox,0.549,not synonym,sentence-transformers/all-MiniLM-L6-v2,0.7,1
Millettia lucens,Lonchocarpus lucens,0.5511,not synonym,sentence-transformers/all-MiniLM-L6-v2,0.7,1
Berlinia bracteosa,Anneslia compacta,0.4353,not synonym,sentence-transformers/all-MiniLM-L6-v2,0.7,0
Securidaca revoluta,Saltzwedelia sagittalis,0.2778,not synonym,sentence-transformers/all-MiniLM-L6-v2,0.7,0
Humularia welwitschii,Amphicarpaea rufescens,0.3216,not synonym,sentence-transformers/all-MiniLM-L6-v2,0.7,0
Acacia cultriformis,Acacia lancifolia,0.7887,synonym,sentence-transformers/all-MiniLM-L6-v2,0.7,1
Muraltia calycina,Heistera calycina,0.5938,not synonym,sentence-transformers/all-MiniLM-L6-v2,0.7,1
Flemingia trifoliata,Polygala californica,0.3908,not synonym,sentence-transformers/all-MiniLM-L6-v2,0.7,0
Kotschya strigosa,Moghania vestita,0.4452,not synonym,sentence-transformers/all-MiniLM-L6-v2,0.7,0
Xanthophyllum flavescens,Pterospartum sagittale,0.1606,not synonym,sentence-transformers/all-MiniLM-L6-v2,0.7,0
Polygala amatymbica,Machaerium merrillii,0.3304,not synonym,sentence-transformers/all-MiniLM-L6-v2,0.7,0
Polygala grandidieri,Polygala subglobosa,0.7265,synonym,sentence-transformers/all-MiniLM-L6-v2,0.7,1
Millettia drastica,Millettia drastica,1.0,synonym,sentence-transformers/all-MiniLM-L6-v2,0.7,1
Acacia genistifolia,Lupinus rinae,0.2191,not synonym,sentence-transformers/all-MiniLM-L6-v2,0.7,0
Genista carinalis,Derris entadoides,0.4509,not synonym,sentence-transformers/all-MiniLM-L6-v2,0.7,0
Genista microphylla,Corniola microphylla,0.5847,not synonym,sentence-transformers/all-MiniLM-L6-v2,0.7,1
Machaerium sericiflorum,Machaerium glaziovii,0.644,not synonym,sentence-transformers/all-MiniLM-L6-v2,0.7,1
Brachypterum cumingii,Solori cumingii,0.4782,not synonym,sentence-transformers/all-MiniLM-L6-v2,0.7,1
Badiera oblongata,Badiera heterophylla,0.6525,not synonym,sentence-transformers/all-MiniLM-L6-v2,0.7,1
Hebecarpa myrtilloides,Ononis pyramidale,0.2498,not synonym,sentence-transformers/all-MiniLM-L6-v2,0.7,0
Brachypterum robustum,Dalbergia krowee,0.1619,not synonym,sentence-transformers/all-MiniLM-L6-v2,0.7,1
Inga heterophylla,Seretoberlinia seretii,0.3899,not synonym,sentence-transformers/all-MiniLM-L6-v2,0.7,0
Xanthophyllum flavescens,Banisteroides excelsum,0.4409,not synonym,sentence-transformers/all-MiniLM-L6-v2,0.7,1
Hoffmannseggia viscosa,Moghania brevipes,0.1472,not synonym,sentence-transformers/all-MiniLM-L6-v2,0.7,0
Amphicarpaea bracteata,Tetrodea comosa,0.3294,not synonym,sentence-transformers/all-MiniLM-L6-v2,0.7,1
Inga sessilis,Inga calycina,0.6367,not synonym,sentence-transformers/all-MiniLM-L6-v2,0.7,1
Millettia xylocarpa,Lotus arguinensis,0.2358,not synonym,sentence-transformers/all-MiniLM-L6-v2,0.7,0
Brachypterum pseudinvolutum,Solori pseudoinvoluta,0.377,not synonym,sentence-transformers/all-MiniLM-L6-v2,0.7,1
Gastrolobium melanocarpum,Genista cinerea,0.1573,not synonym,sentence-transformers/all-MiniLM-L6-v2,0.7,0
Carmichaelia australis,Caesalpinia cromantha,0.4277,not synonym,sentence-transformers/all-MiniLM-L6-v2,0.7,0
Calliandra subspicata,Damapana welwitschii,0.095,not synonym,sentence-transformers/all-MiniLM-L6-v2,0.7,0
Muraltia satureioides,Ononis doerfleri,0.3371,not synonym,sentence-transformers/all-MiniLM-L6-v2,0.7,0
Flemingia lineata,Flemingia lineata,1.0,synonym,sentence-transformers/all-MiniLM-L6-v2,0.7,1
Calliandra peninsularis,Anneslia brandegeei,0.4234,not synonym,sentence-transformers/all-MiniLM-L6-v2,0.7,1
Genista linifolia,Moutabea excoriata,0.3792,not synonym,sentence-transformers/all-MiniLM-L6-v2,0.7,0
Lotus strictus,Dorycnium strictum,0.4829,not synonym,sentence-transformers/all-MiniLM-L6-v2,0.7,1
Calliandra haematomma,Cyclopia galioides,0.218,not synonym,sentence-transformers/all-MiniLM-L6-v2,0.7,0
Carmichaelia nana,Heisteria asparagifolia,0.3161,not synonym,sentence-transformers/all-MiniLM-L6-v2,0.7,0
Polygala serpyllifolia,Polygala paludosa,0.659,not synonym,sentence-transformers/all-MiniLM-L6-v2,0.7,1
Calobota pungens,Swartzia panamensis,0.2782,not synonym,sentence-transformers/all-MiniLM-L6-v2,0.7,0
Ononis sicula,Ononis ludovicii,0.6645,not synonym,sentence-transformers/all-MiniLM-L6-v2,0.7,1
Calobota cytisoides,Lebeckia pulchella,0.4408,not synonym,sentence-transformers/all-MiniLM-L6-v2,0.7,1
Muraltia harveyana,Muraltia dregei,0.7622,synonym,sentence-transformers/all-MiniLM-L6-v2,0.7,1
Monnina macrostachya,Lotus fallax,0.1211,not synonym,sentence-transformers/all-MiniLM-L6-v2,0.7,0
Bredemeyera divaricata,Moghania pauciflora,0.4688,not synonym,sentence-transformers/all-MiniLM-L6-v2,0.7,0
Lotus conimbricensis,Polygala acutifolia,0.3462,not synonym,sentence-transformers/all-MiniLM-L6-v2,0.7,0
Acacia cyclops,Acacia cyclopis,0.73,synonym,sentence-transformers/all-MiniLM-L6-v2,0.7,1
Archidendron bigeminum,Inga wightiana,0.2312,not synonym,sentence-transformers/all-MiniLM-L6-v2,0.7,1
Dialium englerianum,Dialium simii,0.6863,not synonym,sentence-transformers/all-MiniLM-L6-v2,0.7,1
Archidendron grandiflorum,Ebenus pogonotropis,0.2612,not synonym,sentence-transformers/all-MiniLM-L6-v2,0.7,0
Berlinia bracteosa,Westia bracteosa,0.6767,not synonym,sentence-transformers/all-MiniLM-L6-v2,0.7,1
Flemingia kerrii,Flemingia wangkae,0.6319,not synonym,sentence-transformers/all-MiniLM-L6-v2,0.7,1
Amphicarpaea bracteata,Indigofera garissaensis,0.3881,not synonym,sentence-transformers/all-MiniLM-L6-v2,0.7,0
Securidaca longepedunculata,Elsota longipedunculata,0.5984,not synonym,sentence-transformers/all-MiniLM-L6-v2,0.7,1
Humularia rosea,Geissaspis incognita,0.3271,not synonym,sentence-transformers/all-MiniLM-L6-v2,0.7,1
Acacia campylophylla,Machaerium purpurascens,0.0932,not synonym,sentence-transformers/all-MiniLM-L6-v2,0.7,0
Betencourtia scarlatina,Calliandra sanctapaulii,0.4452,not synonym,sentence-transformers/all-MiniLM-L6-v2,0.7,0
Calliandra fasciculata,Feuilleea amplebracteata,0.461,not synonym,sentence-transformers/all-MiniLM-L6-v2,0.7,1
Archidendron jiringa,Inga koeringa,0.3706,not synonym,sentence-transformers/all-MiniLM-L6-v2,0.7,1
Monnina densa,Ononis montana,0.2554,not synonym,sentence-transformers/all-MiniLM-L6-v2,0.7,0
Mundtia spinosa,Mundtia capensis,0.7712,synonym,sentence-transformers/all-MiniLM-L6-v2,0.7,1
Millettia lecomtei,Millettia gossweileri,0.6709,not synonym,sentence-transformers/all-MiniLM-L6-v2,0.7,1
Comesperma calymega,Tetragonolobus bivonaeus,0.3151,not synonym,sentence-transformers/all-MiniLM-L6-v2,0.7,0
Genista monspessulana,Chaetocalyx blanchetianus,0.2214,not synonym,sentence-transformers/all-MiniLM-L6-v2,0.7,0
Muraltia spinosa,Amphithalea spinosa,0.6686,not synonym,sentence-transformers/all-MiniLM-L6-v2,0.7,1
Muraltia cliffortiifolia,Acacia peruviana,0.328,not synonym,sentence-transformers/all-MiniLM-L6-v2,0.7,0
Ononis diffusa,Ononis villosissima,0.6233,not synonym,sentence-transformers/all-MiniLM-L6-v2,0.7,1
Amphicarpaea bracteata,Racosperma conspersum,0.1413,not synonym,sentence-transformers/all-MiniLM-L6-v2,0.7,0
Ononis adenotricha,Scorpius falcatus,0.2534,not synonym,sentence-transformers/all-MiniLM-L6-v2,0.7,0
Muraltia mixta,Glycine ferruginea,0.1939,not synonym,sentence-transformers/all-MiniLM-L6-v2,0.7,0
Eysenhardtia polystachya,Amerimnon polystachyon,0.5315,not synonym,sentence-transformers/all-MiniLM-L6-v2,0.7,1
Betencourtia stereophylla,Collaea rigida,0.2846,not synonym,sentence-transformers/all-MiniLM-L6-v2,0.7,1
Acacia cardiophylla,Heistera fasciculata,0.3828,not synonym,sentence-transformers/all-MiniLM-L6-v2,0.7,0
Muraltia polyphylla,Polygala polyphylla,0.7461,synonym,sentence-transformers/all-MiniLM-L6-v2,0.7,1
Glycine microphylla,Leptolobium microphyllum,0.5302,not synonym,sentence-transformers/all-MiniLM-L6-v2,0.7,1
Dahlstedtia pinnata,Camptosema pinnatum,0.5087,not synonym,sentence-transformers/all-MiniLM-L6-v2,0.7,1
Monnina fastigiata,Lemuropisum edula,0.2962,not synonym,sentence-transformers/all-MiniLM-L6-v2,0.7,0
Lupinus velutinus,Lupinus glaziouanus,0.72,synonym,sentence-transformers/all-MiniLM-L6-v2,0.7,1
Carmichaelia australis,Mimosa parii,0.3535,not synonym,sentence-transformers/all-MiniLM-L6-v2,0.7,0
Lotus villicarpus,Heisteria ericoides,0.2917,not synonym,sentence-transformers/all-MiniLM-L6-v2,0.7,0
Millettia sericea,Pongamia sericea,0.6253,not synonym,sentence-transformers/all-MiniLM-L6-v2,0.7,1
Bredemeyera myrtifolia,Mimosa kaeringa,0.3601,not synonym,sentence-transformers/all-MiniLM-L6-v2,0.7,0
Archidendron eberhardtii,Racosperma brassii,0.1105,not synonym,sentence-transformers/all-MiniLM-L6-v2,0.7,0
Glycine jamaicensis,Acanthobotrya pungens,0.1004,not synonym,sentence-transformers/all-MiniLM-L6-v2,0.7,0
Machaerium biovulatum,Machaerium habroneurum,0.6573,not synonym,sentence-transformers/all-MiniLM-L6-v2,0.7,1
Gastrolobium spectabile,Callistachys spectabilis,0.3571,not synonym,sentence-transformers/all-MiniLM-L6-v2,0.7,1
Archidendron bauchei,Muraltia fernandi,0.4218,not synonym,sentence-transformers/all-MiniLM-L6-v2,0.7,0
Hoffmannseggia oxycarpa,Nissolia polyphylla,0.2899,not synonym,sentence-transformers/all-MiniLM-L6-v2,0.7,0
Asemeia monninoides,Leptocyamus tasmanicus,0.2628,not synonym,sentence-transformers/all-MiniLM-L6-v2,0.7,0
Acacia grandifolia,Racosperma grandifolium,0.2865,not synonym,sentence-transformers/all-MiniLM-L6-v2,0.7,1
Acacia lobulata,Hippocrepis multisiliquosa,0.2182,not synonym,sentence-transformers/all-MiniLM-L6-v2,0.7,0
Nissolia brasiliensis,Chaetocalyx ilheoticus,0.2316,not synonym,sentence-transformers/all-MiniLM-L6-v2,0.7,1
Erythrostemon pannosus,Poinciana pannosa,0.4871,not synonym,sentence-transformers/all-MiniLM-L6-v2,0.7,1
Muraltia chamaepitys,Dimorphandra hohenkerkii,0.4247,not synonym,sentence-transformers/all-MiniLM-L6-v2,0.7,0
Ononis decumbens,Pteromonnina macbridei,0.3235,not synonym,sentence-transformers/all-MiniLM-L6-v2,0.7,0
Humularia affinis,Geissaspis affinis,0.5714,not synonym,sentence-transformers/all-MiniLM-L6-v2,0.7,1
Xanthophyllum celebicum,Xanthophyllum subglobosum,0.7399,synonym,sentence-transformers/all-MiniLM-L6-v2,0.7,1
Comesperma confertum,Cytisus hispanicus,0.2519,not synonym,sentence-transformers/all-MiniLM-L6-v2,0.7,0
Hippocrepis biflora,Xanthophyllum kalimantanum,0.1921,not synonym,sentence-transformers/all-MiniLM-L6-v2,0.7,0
Asemeia ovata,Polygala piauhiensis,0.3597,not synonym,sentence-transformers/all-MiniLM-L6-v2,0.7,1
Archidendron bigeminum,Bredemeyera acerosa,0.2127,not synonym,sentence-transformers/all-MiniLM-L6-v2,0.7,0
Muraltia tenuifolia,Muraltia levynsiana,0.7342,synonym,sentence-transformers/all-MiniLM-L6-v2,0.7,1
Brachypterum microphyllum,Bradypterum microphyllum,0.7949,synonym,sentence-transformers/all-MiniLM-L6-v2,0.7,1
Muraltia longicuspis,Bossiaea calycina,0.368,not synonym,sentence-transformers/all-MiniLM-L6-v2,0.7,0
Archidendron alternifoliolatum,Cylindrokelupha glabrifolia,0.2664,not synonym,sentence-transformers/all-MiniLM-L6-v2,0.7,1
Acacia microbotrya,Caesalpinia stipulata,0.3875,not synonym,sentence-transformers/all-MiniLM-L6-v2,0.7,0
Lotus angustissimus,Lonchocarpus lucens,0.3702,not synonym,sentence-transformers/all-MiniLM-L6-v2,0.7,0
Ebenus cretica,Podolobium heterophyllum,0.2848,not synonym,sentence-transformers/all-MiniLM-L6-v2,0.7,0
Calliandra longipinna,Feuilleea longipinna,0.7077,synonym,sentence-transformers/all-MiniLM-L6-v2,0.7,1
Salomonia ciliata,Genista javalambrensis,0.3641,not synonym,sentence-transformers/all-MiniLM-L6-v2,0.7,0
Errazurizia benthamii,Psorobatus benthamii,0.5458,not synonym,sentence-transformers/all-MiniLM-L6-v2,0.7,1
Machaerium arboreum,Anneslia californica,0.224,not synonym,sentence-transformers/all-MiniLM-L6-v2,0.7,0
Chesneya villosa,Chesniella villosa,0.8665,synonym,sentence-transformers/all-MiniLM-L6-v2,0.7,1
Carmichaelia australis,Amphicarpaea pitcheri,0.3455,not synonym,sentence-transformers/all-MiniLM-L6-v2,0.7,0
Lotus mlanjeanus,Polygala glacialis,0.2047,not synonym,sentence-transformers/all-MiniLM-L6-v2,0.7,0
Calobota cuspidosa,Dialium floribundum,0.2996,not synonym,sentence-transformers/all-MiniLM-L6-v2,0.7,0
Eysenhardtia polystachya,Hoffmannseggia alpina,0.2584,not synonym,sentence-transformers/all-MiniLM-L6-v2,0.7,0
Muraltia longicuspis,Aeschynomene latisiliquosa,0.336,not synonym,sentence-transformers/all-MiniLM-L6-v2,0.7,0
Millettia ahernii,Cryptostomum laurifolium,0.3974,not synonym,sentence-transformers/all-MiniLM-L6-v2,0.7,0
Calliandra tergemina,Muraltia macroceras,0.3259,not synonym,sentence-transformers/all-MiniLM-L6-v2,0.7,0
Hoita macrostachya,Smithia ruwenzoriensis,0.1815,not synonym,sentence-transformers/all-MiniLM-L6-v2,0.7,0
Muraltia squarrosa,Diphysa robinioides,0.4434,not synonym,sentence-transformers/all-MiniLM-L6-v2,0.7,0
Genista horrida,Muraltia azorella,0.3663,not synonym,sentence-transformers/all-MiniLM-L6-v2,0.7,0
Bossiaea ornata,Securidaca angustifolia,0.3646,not synonym,sentence-transformers/all-MiniLM-L6-v2,0.7,0
Humularia mendoncae,Spartium radiatum,0.3766,not synonym,sentence-transformers/all-MiniLM-L6-v2,0.7,0
Archidendron pahangense,Pithecellobium pahangense,0.2753,not synonym,sentence-transformers/all-MiniLM-L6-v2,0.7,1
Polygala smallii,Millettia piscida,0.3356,not synonym,sentence-transformers/all-MiniLM-L6-v2,0.7,0
Hippocrepis areolata,Hippocrepis cornigera,0.6731,not synonym,sentence-transformers/all-MiniLM-L6-v2,0.7,1
Inga xalapensis,Feuilleea xalapensis,0.668,not synonym,sentence-transformers/all-MiniLM-L6-v2,0.7,1
Archidendron tetraphyllum,Abarema tetraphylla,0.5355,not synonym,sentence-transformers/all-MiniLM-L6-v2,0.7,1
Securidaca coriacea,Berrebera caffra,0.475,not synonym,sentence-transformers/all-MiniLM-L6-v2,0.7,0
Dialium pachyphyllum,Dialium macranthum,0.4993,not synonym,sentence-transformers/all-MiniLM-L6-v2,0.7,1
Asemeia ovata,Inga brevialata,0.3924,not synonym,sentence-transformers/all-MiniLM-L6-v2,0.7,0
Asemeia ovata,Polygala translucida,0.3188,not synonym,sentence-transformers/all-MiniLM-L6-v2,0.7,1
Hippocrepis multisiliquosa,Ferrum-equinum multisiliquosum,0.4854,not synonym,sentence-transformers/all-MiniLM-L6-v2,0.7,1
Acacia lobulata,Racosperma lobulatum,0.3177,not synonym,sentence-transformers/all-MiniLM-L6-v2,0.7,1
Comesperma virgatum,Pithecellobium kinabaluense,0.307,not synonym,sentence-transformers/all-MiniLM-L6-v2,0.7,0
Calliandra purpurea,Heisteria pilosa,0.5355,not synonym,sentence-transformers/all-MiniLM-L6-v2,0.7,0
Xanthophyllum stipitatum,Hippocrepis bornmuelleri,0.2535,not synonym,sentence-transformers/all-MiniLM-L6-v2,0.7,0
Kotschya prittwitzii,Smithia prittwitzii,0.6419,not synonym,sentence-transformers/all-MiniLM-L6-v2,0.7,1
Archidendron bubalinum,Euteline germanica,0.3358,not synonym,sentence-transformers/all-MiniLM-L6-v2,0.7,0
Acacia lasiopus,Pongamia piscidia,0.2062,not synonym,sentence-transformers/all-MiniLM-L6-v2,0.7,0
Lotus sanguineus,Senega celosioides,0.312,not synonym,sentence-transformers/all-MiniLM-L6-v2,0.7,0
Asemeia rhodoptera,Polygala rhodoptera,0.6445,not synonym,sentence-transformers/all-MiniLM-L6-v2,0.7,1
Baudouinia rouxevillei,Lotea ornithopodioides,0.2199,not synonym,sentence-transformers/all-MiniLM-L6-v2,0.7,0
Machaerium goudotii,Machaerium whitfordii,0.7673,synonym,sentence-transformers/all-MiniLM-L6-v2,0.7,1
Inga pilosula,Inga nitida,0.6079,not synonym,sentence-transformers/all-MiniLM-L6-v2,0.7,1
Archidendron glabrum,Archidendron dieschristi,0.6009,not synonym,sentence-transformers/all-MiniLM-L6-v2,0.7,1
Carmichaelia juncea,Hippocrepis annularis,0.1355,not synonym,sentence-transformers/all-MiniLM-L6-v2,0.7,0
Ancylotropis insignis,Monnina insignis,0.3741,not synonym,sentence-transformers/all-MiniLM-L6-v2,0.7,1
Carmichaelia odorata,Carmichaelia glabrata,0.7919,synonym,sentence-transformers/all-MiniLM-L6-v2,0.7,1
Muraltia serpylloides,Heistera serpylloides,0.6671,not synonym,sentence-transformers/all-MiniLM-L6-v2,0.7,1
Monnina wrightii,Pteromonnina wrightii,0.6456,not synonym,sentence-transformers/all-MiniLM-L6-v2,0.7,1
Rhinotropis intermontana,Polygala intermontana,0.4854,not synonym,sentence-transformers/all-MiniLM-L6-v2,0.7,1
Ononis biflora,Ononis praecox,0.653,not synonym,sentence-transformers/all-MiniLM-L6-v2,0.7,1
Millettia zechiana,Millettia stapfiana,0.6924,not synonym,sentence-transformers/all-MiniLM-L6-v2,0.7,1
Monnina herbacea,Pteromonnina herbacea,0.7232,synonym,sentence-transformers/all-MiniLM-L6-v2,0.7,1
Inga ruiziana,Nephrosis aculeata,0.1671,not synonym,sentence-transformers/all-MiniLM-L6-v2,0.7,0
Eutaxia myrtifolia,Derris leptorhachis,0.1853,not synonym,sentence-transformers/all-MiniLM-L6-v2,0.7,0
Machaerium declinatum,Dillwynia gracillima,0.2872,not synonym,sentence-transformers/all-MiniLM-L6-v2,0.7,0
Coulteria platyloba,Caragana crassicaulis,0.2403,not synonym,sentence-transformers/all-MiniLM-L6-v2,0.7,0
Archidendron pellitum,Abarema pellita,0.3495,not synonym,sentence-transformers/all-MiniLM-L6-v2,0.7,1
Calobota pungens,Lebeckia subnuda,0.1685,not synonym,sentence-transformers/all-MiniLM-L6-v2,0.7,1
Chesneya ferganensis,Caesalpinia brasiliensis,0.4686,not synonym,sentence-transformers/all-MiniLM-L6-v2,0.7,0
Ebenus stellata,Calliandra humilis,0.2921,not synonym,sentence-transformers/all-MiniLM-L6-v2,0.7,0
Hoffmannseggia humilis,Schrammia caudata,0.3344,not synonym,sentence-transformers/all-MiniLM-L6-v2,0.7,0
Gonocytisus angulatus,Bossiaea ovata,0.2551,not synonym,sentence-transformers/all-MiniLM-L6-v2,0.7,0
Archidendron trichophyllum,Pithecellobium trichophyllum,0.6637,not synonym,sentence-transformers/all-MiniLM-L6-v2,0.7,1
Archidendron sessile,Moparia repens,0.1887,not synonym,sentence-transformers/all-MiniLM-L6-v2,0.7,0
Millettia oraria,Quillaja lancifolia,0.3867,not synonym,sentence-transformers/all-MiniLM-L6-v2,0.7,0
Carmichaelia odorata,Carmichaelia angustata,0.7882,synonym,sentence-transformers/all-MiniLM-L6-v2,0.7,1
Cyclopia buxifolia,Callistachys spectabilis,0.197,not synonym,sentence-transformers/all-MiniLM-L6-v2,0.7,0
Machaerium lunatum,Ononis antiquorum,0.431,not synonym,sentence-transformers/all-MiniLM-L6-v2,0.7,0
Carmichaelia muritai,Chordospartium muritai,0.5324,not synonym,sentence-transformers/all-MiniLM-L6-v2,0.7,1
Lotus cytisoides,Poinciania gilliesii,0.3534,not synonym,sentence-transformers/all-MiniLM-L6-v2,0.7,0
Polygala smallii,Polygala arenicola,0.7879,synonym,sentence-transformers/all-MiniLM-L6-v2,0.7,1
Hoffmannseggia eremophila,Hoffmannseggia andina,0.7511,synonym,sentence-transformers/all-MiniLM-L6-v2,0.7,1
Xanthophyllum flavescens,Xanthophyllum virescens,0.8512,synonym,sentence-transformers/all-MiniLM-L6-v2,0.7,1
Flemingia strobilifera,Avornela canariensis,0.3774,not synonym,sentence-transformers/all-MiniLM-L6-v2,0.7,0
Eysenhardtia nigrostipellata,Viborquia nigrostipellata,0.685,not synonym,sentence-transformers/all-MiniLM-L6-v2,0.7,1
Polygala rugelii,Pylostachya rugelii,0.7288,synonym,sentence-transformers/all-MiniLM-L6-v2,0.7,1
Archidendron glabrum,Pithecellobium hansemannii,0.1473,not synonym,sentence-transformers/all-MiniLM-L6-v2,0.7,1
Monnina macbridei,Bredemeyera microphylla,0.201,not synonym,sentence-transformers/all-MiniLM-L6-v2,0.7,0
Dysolobium pilosum,Dolichos formosanus,0.3208,not synonym,sentence-transformers/all-MiniLM-L6-v2,0.7,1
Glycine atomaria,Glycine atomaria,1.0,synonym,sentence-transformers/all-MiniLM-L6-v2,0.7,1
Inga ruiziana,Polygala spectabilis,0.2247,not synonym,sentence-transformers/all-MiniLM-L6-v2,0.7,0
Gastrolobium retusum,Polygala miamiensis,0.2515,not synonym,sentence-transformers/all-MiniLM-L6-v2,0.7,0
Calliandra hymenaeoides,Inga hymenaeodes,0.6692,not synonym,sentence-transformers/all-MiniLM-L6-v2,0.7,1
Muraltia spinosa,Mundia montana,0.4166,not synonym,sentence-transformers/all-MiniLM-L6-v2,0.7,1
Inga ornata,Comesperma linariifolium,0.193,not synonym,sentence-transformers/all-MiniLM-L6-v2,0.7,0
Polygala stephaniana,Inga medellinensis,0.3329,not synonym,sentence-transformers/all-MiniLM-L6-v2,0.7,0
Polygala longifolia,Polygala riukiuensis,0.5556,not synonym,sentence-transformers/all-MiniLM-L6-v2,0.7,1
Angylocalyx oligophyllus,Polygala dichotoma,0.3211,not synonym,sentence-transformers/all-MiniLM-L6-v2,0.7,0
Archidendron oppositum,Xanthophyllum kunstleri,0.2295,not synonym,sentence-transformers/all-MiniLM-L6-v2,0.7,0
Genista monspessulana,Ononis scariosa,0.3815,not synonym,sentence-transformers/all-MiniLM-L6-v2,0.7,0
Caamembeca martinellii,Desmodium dichotomum,0.1596,not synonym,sentence-transformers/all-MiniLM-L6-v2,0.7,0
Acacia microbotrya,Fusanus diversifolius,0.2206,not synonym,sentence-transformers/all-MiniLM-L6-v2,0.7,1
Comesperma ericinum,Ebenidium pinnatum,0.2445,not synonym,sentence-transformers/all-MiniLM-L6-v2,0.7,0
Inga tomentosa,Feuilleea tomentosa,0.6274,not synonym,sentence-transformers/all-MiniLM-L6-v2,0.7,1
Polygala wettsteinii,Racosperma leptophlebum,0.2891,not synonym,sentence-transformers/all-MiniLM-L6-v2,0.7,0
Xanthophyllum incertum,Polygala wrightii,0.4661,not synonym,sentence-transformers/all-MiniLM-L6-v2,0.7,0
Inga stipulacea,Inga rufiseta,0.534,not synonym,sentence-transformers/all-MiniLM-L6-v2,0.7,1
Hebecarpa costaricensis,Acacia mollissima,0.2622,not synonym,sentence-transformers/all-MiniLM-L6-v2,0.7,0
Machaerium brasiliense,Amphicarpaea japonica,0.3173,not synonym,sentence-transformers/all-MiniLM-L6-v2,0.7,0
Aotus procumbens,Millettia chapelieri,0.2061,not synonym,sentence-transformers/all-MiniLM-L6-v2,0.7,0
Muraltia capensis,Brachysema modestum,0.2668,not synonym,sentence-transformers/all-MiniLM-L6-v2,0.7,0
Hebecarpa punctata,Muraltia pilosa,0.384,not synonym,sentence-transformers/all-MiniLM-L6-v2,0.7,0
Lupinus prunophilus,Calliandra asplenioides,0.2937,not synonym,sentence-transformers/all-MiniLM-L6-v2,0.7,0
Flemingia macrophylla,Badiera domingensis,0.2109,not synonym,sentence-transformers/all-MiniLM-L6-v2,0.7,0
Inga vestita,Lupinus hirsutus,0.2616,not synonym,sentence-transformers/all-MiniLM-L6-v2,0.7,0
Gilbertiodendron klainei,Hedysarum celtifolium,0.2778,not synonym,sentence-transformers/all-MiniLM-L6-v2,0.7,0
Asemeia hebeclada,Lotus arboreus,0.2892,not synonym,sentence-transformers/all-MiniLM-L6-v2,0.7,0
Archidendron beguinii,Daniellia ealaensis,0.2892,not synonym,sentence-transformers/all-MiniLM-L6-v2,0.7,0
Salomonia ciliata,Polygala canarana,0.5082,not synonym,sentence-transformers/all-MiniLM-L6-v2,0.7,1
Amphicarpaea edgeworthii,Amphicarpaea trisperma,0.5491,not synonym,sentence-transformers/all-MiniLM-L6-v2,0.7,1
Inga pilosula,Inga platycarpa,0.5226,not synonym,sentence-transformers/all-MiniLM-L6-v2,0.7,1
Acacia phlebocarpa,Racosperma phlebocarpum,0.319,not synonym,sentence-transformers/all-MiniLM-L6-v2,0.7,1
Lotus loweanus,Macrolobium klainei,0.2446,not synonym,sentence-transformers/all-MiniLM-L6-v2,0.7,0
Lotus parviflorus,Dorycnium microcarpum,0.3362,not synonym,sentence-transformers/all-MiniLM-L6-v2,0.7,1
Flemingia nana,Berlinia heudelotiana,0.2927,not synonym,sentence-transformers/all-MiniLM-L6-v2,0.7,0
Humularia welwitschii,Glycine sarmentosa,0.3251,not synonym,sentence-transformers/all-MiniLM-L6-v2,0.7,0
Brya ebenus,Aspalatus ebenus,0.5473,not synonym,sentence-transformers/all-MiniLM-L6-v2,0.7,1
Polygala sphenoptera,Polygala quartiniana,0.5314,not synonym,sentence-transformers/all-MiniLM-L6-v2,0.7,1
Lotus biflorus,Polygala discolor,0.3385,not synonym,sentence-transformers/all-MiniLM-L6-v2,0.7,0
Archidendron jiringa,Mimosa djiringa,0.316,not synonym,sentence-transformers/all-MiniLM-L6-v2,0.7,1
Calpurnia aurea,Calpurnia aurea,1.0,synonym,sentence-transformers/all-MiniLM-L6-v2,0.7,1
Calobota angustifolia,Acanthobotrya angustifolia,0.5712,not synonym,sentence-transformers/all-MiniLM-L6-v2,0.7,1
Polygala timoutou,Polygala quinqueangularis,0.6592,not synonym,sentence-transformers/all-MiniLM-L6-v2,0.7,1
Amphicarpaea bracteata,Machaerium luschnathianum,0.2617,not synonym,sentence-transformers/all-MiniLM-L6-v2,0.7,0
Dysolobium grande,Pseudoentada scelerata,0.2807,not synonym,sentence-transformers/all-MiniLM-L6-v2,0.7,0
Acacia mimica,Macrolobium demonstrans,0.1876,not synonym,sentence-transformers/all-MiniLM-L6-v2,0.7,0
Gilbertiodendron unijugum,Macrolobium unijugum,0.5856,not synonym,sentence-transformers/all-MiniLM-L6-v2,0.7,1
Calobota cinerea,Lebeckia cinerea,0.5495,not synonym,sentence-transformers/all-MiniLM-L6-v2,0.7,1
Calobota angustifolia,Polygala xyloclada,0.3593,not synonym,sentence-transformers/all-MiniLM-L6-v2,0.7,0
Polygala wettsteinii,Polygala rubiifolia,0.6836,not synonym,sentence-transformers/all-MiniLM-L6-v2,0.7,1
Coulteria pumila,Guaymasia pumila,0.6414,not synonym,sentence-transformers/all-MiniLM-L6-v2,0.7,1
Chesneya vaginalis,Affonsea dusenii,0.229,not synonym,sentence-transformers/all-MiniLM-L6-v2,0.7,0
Calliandra tergemina,Anneslia tergemina,0.5277,not synonym,sentence-transformers/all-MiniLM-L6-v2,0.7,1
Lotus cytisoides,Humularia bakeriana,0.3805,not synonym,sentence-transformers/all-MiniLM-L6-v2,0.7,0
Polygala ludwigiana,Polygala laxa,0.7317,synonym,sentence-transformers/all-MiniLM-L6-v2,0.7,1
Lupinus pubescens,Lupinus tricolor,0.6104,not synonym,sentence-transformers/all-MiniLM-L6-v2,0.7,1
Flemingia stricta,Callerya songgangensis,0.2749,not synonym,sentence-transformers/all-MiniLM-L6-v2,0.7,0
Archidendron fagifolium,Pithecellobium tetraphyllum,0.3138,not synonym,sentence-transformers/all-MiniLM-L6-v2,0.7,0
Acacia enterocarpa,Racosperma enterocarpum,0.3414,not synonym,sentence-transformers/all-MiniLM-L6-v2,0.7,1
Genista aetnensis,Chaetocalyx belizensis,0.2219,not synonym,sentence-transformers/all-MiniLM-L6-v2,0.7,0
Inga multicaulis,Abarema pahangensis,0.3326,not synonym,sentence-transformers/all-MiniLM-L6-v2,0.7,0
Coulteria pringlei,Caamembeca bangiana,0.2865,not synonym,sentence-transformers/all-MiniLM-L6-v2,0.7,0
Polygala gayii,Dolichos grandis,0.3473,not synonym,sentence-transformers/all-MiniLM-L6-v2,0.7,0
Acanthocladus dichromus,Polygala albicans,0.3391,not synonym,sentence-transformers/all-MiniLM-L6-v2,0.7,1
Inga heterophylla,Polygala chodatiana,0.4363,not synonym,sentence-transformers/all-MiniLM-L6-v2,0.7,0
Apios americana,Glycine apios,0.4305,not synonym,sentence-transformers/all-MiniLM-L6-v2,0.7,1
Archidendron jiringa,Mimosa fasciculata,0.2292,not synonym,sentence-transformers/all-MiniLM-L6-v2,0.7,0
Acacia microbotrya,Racosperma undulata,0.1301,not synonym,sentence-transformers/all-MiniLM-L6-v2,0.7,0
Flemingia trifoliata,Psoralea testariae,0.108,not synonym,sentence-transformers/all-MiniLM-L6-v2,0.7,1
Gastrolobium ebracteolatum,Heisteria lancifolia,0.3107,not synonym,sentence-transformers/all-MiniLM-L6-v2,0.7,0
Lotus herbaceus,Dorycnium intermedium,0.2088,not synonym,sentence-transformers/all-MiniLM-L6-v2,0.7,1
Genista sagittalis,Spartium sagittale,0.5389,not synonym,sentence-transformers/all-MiniLM-L6-v2,0.7,1
Chorizema carinatum,Oxylobium carinatum,0.3746,not synonym,sentence-transformers/all-MiniLM-L6-v2,0.7,1
Chorizema glycinifolium,Chorizema capillipes,0.622,not synonym,sentence-transformers/all-MiniLM-L6-v2,0.7,1
Ougeinia oojeinensis,Desmodium oojeinense,0.539,not synonym,sentence-transformers/all-MiniLM-L6-v2,0.7,1
Lotus garcinii,Lotus sharifii,0.7573,synonym,sentence-transformers/all-MiniLM-L6-v2,0.7,1
Lotus subbiflorus,Chaetocalyx nigrescens,0.2689,not synonym,sentence-transformers/all-MiniLM-L6-v2,0.7,0
Hebecarpa obscura,Polygala pubescens,0.1915,not synonym,sentence-transformers/all-MiniLM-L6-v2,0.7,1
Muraltia origanoides,Heistera reticulata,0.4357,not synonym,sentence-transformers/all-MiniLM-L6-v2,0.7,1
Ancistrotropis peduncularis,Phaseolus spixianus,0.3638,not synonym,sentence-transformers/all-MiniLM-L6-v2,0.7,1
Genista pubescens,Genista pubescens,1.0,synonym,sentence-transformers/all-MiniLM-L6-v2,0.7,1
Genista aspalathoides,Pteromonnina tristaniana,0.3682,not synonym,sentence-transformers/all-MiniLM-L6-v2,0.7,0
Comesperma virgatum,Comesperma anthocarpum,0.6391,not synonym,sentence-transformers/all-MiniLM-L6-v2,0.7,0
Erinacea anthyllis,Poinciana brachycarpa,0.2426,not synonym,sentence-transformers/all-MiniLM-L6-v2,0.7,0
Millettia macrophylla,Phaseoloides macrophyllum,0.5264,not synonym,sentence-transformers/all-MiniLM-L6-v2,0.7,1
Chorizema carinatum,Carmichaelia divaricata,0.2475,not synonym,sentence-transformers/all-MiniLM-L6-v2,0.7,0
Humularia welwitschii,Geissaspis welwitschii,0.6024,not synonym,sentence-transformers/all-MiniLM-L6-v2,0.7,1
Millettia fruticosa,Polygala pilosa,0.4269,not synonym,sentence-transformers/all-MiniLM-L6-v2,0.7,0
Muraltia alopecuroides,Lotus allionii,0.2706,not synonym,sentence-transformers/all-MiniLM-L6-v2,0.7,0
Monnina ramosa,Lotus roseus,0.2623,not synonym,sentence-transformers/all-MiniLM-L6-v2,0.7,0
Lotus dorycnium,Dorycnium monspeliense,0.6484,not synonym,sentence-transformers/all-MiniLM-L6-v2,0.7,1
Calliandra humilis,Racosperma armata,0.2228,not synonym,sentence-transformers/all-MiniLM-L6-v2,0.7,0
Bossiaea rhombifolia,Bossiaea lenticularis,0.6759,not synonym,sentence-transformers/all-MiniLM-L6-v2,0.7,1
Polygala amboniensis,Glycine filosa,0.3082,not synonym,sentence-transformers/all-MiniLM-L6-v2,0.7,0
Millettia penicillata,Millettia foliolosa,0.7315,synonym,sentence-transformers/all-MiniLM-L6-v2,0.7,1
Muraltia divaricata,Heisteria divaricata,0.6346,not synonym,sentence-transformers/all-MiniLM-L6-v2,0.7,1
Lotus loweanus,Pedrosia porto-sanctana,0.2993,not synonym,sentence-transformers/all-MiniLM-L6-v2,0.7,1
Hoffmannseggia glauca,Hoffmannseggia demissa,0.8093,synonym,sentence-transformers/all-MiniLM-L6-v2,0.7,1
Monnina rusbyi,Dolichos jumellei,0.254,not synonym,sentence-transformers/all-MiniLM-L6-v2,0.7,0
Eysenhardtia punctata,Quillaja molinae,0.2324,not synonym,sentence-transformers/all-MiniLM-L6-v2,0.7,0
Calliandra tweediei,Annesleya tweediei,0.7872,synonym,sentence-transformers/all-MiniLM-L6-v2,0.7,1
Millettia nudiflora,Phaseolodes nudiflorum,0.4804,not synonym,sentence-transformers/all-MiniLM-L6-v2,0.7,1
Acacia microbotrya,Racosperma microbotryum,0.2764,not synonym,sentence-transformers/all-MiniLM-L6-v2,0.7,1
Hoffmannseggia glauca,Larrea densiflora,0.3783,not synonym,sentence-transformers/all-MiniLM-L6-v2,0.7,1
Archidendron turgidum,Cylindrokelupha alternifoliolata,0.3436,not synonym,sentence-transformers/all-MiniLM-L6-v2,0.7,0
Genista sagittalis,Telinaria sagittalis,0.4914,not synonym,sentence-transformers/all-MiniLM-L6-v2,0.7,1
Inga setosa,Calliandra serjanoides,0.1797,not synonym,sentence-transformers/all-MiniLM-L6-v2,0.7,0
Calliandra taxifolia,Polygala uliginosa,0.3018,not synonym,sentence-transformers/all-MiniLM-L6-v2,0.7,0
Flemingia parviflora,Moghania parviflora,0.7333,synonym,sentence-transformers/all-MiniLM-L6-v2,0.7,1
Calliandra eriophylla,Calliandra chamaedrys,0.6282,not synonym,sentence-transformers/all-MiniLM-L6-v2,0.7,1
Calliandra viscidula,Polygala juniperifolia,0.3294,not synonym,sentence-transformers/all-MiniLM-L6-v2,0.7,0
Archidendron jiringa,Bonjeanea venusta,0.2639,not synonym,sentence-transformers/all-MiniLM-L6-v2,0.7,0
Ononis diffusa,Calliandra pubiflora,0.4178,not synonym,sentence-transformers/all-MiniLM-L6-v2,0.7,0
Machaerium eriocarpum,Nissolia arrabidae,0.3001,not synonym,sentence-transformers/all-MiniLM-L6-v2,0.7,0
Polygaloides vayredae,Chamaebuxus vayredae,0.7623,synonym,sentence-transformers/all-MiniLM-L6-v2,0.7,1
Archidendron oppositum,Racosperma idiomorphum,0.2171,not synonym,sentence-transformers/all-MiniLM-L6-v2,0.7,0
Hebecarpa obscura,Genista macrotropis,0.3381,not synonym,sentence-transformers/all-MiniLM-L6-v2,0.7,0
Hippocrepis scabra,Hippocrepis willkommiana,0.6377,not synonym,sentence-transformers/all-MiniLM-L6-v2,0.7,1
Xanthophyllum flavescens,Millettia vanderystii,0.3984,not synonym,sentence-transformers/all-MiniLM-L6-v2,0.7,0
Ononis sicula,Anneslia enervis,0.2174,not synonym,sentence-transformers/all-MiniLM-L6-v2,0.7,0
Dahlstedtia hylobia,Albizia neumanniana,0.2967,not synonym,sentence-transformers/all-MiniLM-L6-v2,0.7,0
Genista carpetana,Genista carpetana,1.0,synonym,sentence-transformers/all-MiniLM-L6-v2,0.7,1
Asemeia sphaerospora,Polygala sphaerospora,0.6784,not synonym,sentence-transformers/all-MiniLM-L6-v2,0.7,1
Amphicarpaea ferruginea,Calophaca depressa,0.392,not synonym,sentence-transformers/all-MiniLM-L6-v2,0.7,0
Ononis rotundifolia,Ononis glandulifera,0.5983,not synonym,sentence-transformers/all-MiniLM-L6-v2,0.7,1
Monnina exalata,Muraltia ericifolia,0.3078,not synonym,sentence-transformers/all-MiniLM-L6-v2,0.7,0
Hebecarpa barbeyana,Monnina erioclada,0.336,not synonym,sentence-transformers/all-MiniLM-L6-v2,0.7,0
Gilbertiodendron limba,Macrolobium limba,0.6124,not synonym,sentence-transformers/all-MiniLM-L6-v2,0.7,1
Inga sapindoides,Muraltia dregei,0.3035,not synonym,sentence-transformers/all-MiniLM-L6-v2,0.7,0
Ononis viscosa,Ononis viscosa,1.0,synonym,sentence-transformers/all-MiniLM-L6-v2,0.7,1
Hoita orbicularis,Dorycnium collinum,0.1474,not synonym,sentence-transformers/all-MiniLM-L6-v2,0.7,0
Archidendron jiringa,Mimosa kaeringa,0.3282,not synonym,sentence-transformers/all-MiniLM-L6-v2,0.7,1
Calliandra renvoizeana,Calliandra gracilis,0.7122,synonym,sentence-transformers/all-MiniLM-L6-v2,0.7,1
Machaerium aculeatum,Drepanocarpus polyphyllus,0.1795,not synonym,sentence-transformers/all-MiniLM-L6-v2,0.7,1
Calobota cytisoides,Pterocarpus cyathiformis,0.3927,not synonym,sentence-transformers/all-MiniLM-L6-v2,0.7,0
Calliandra hymenaeoides,Mimosa hymenaeoides,0.6943,not synonym,sentence-transformers/all-MiniLM-L6-v2,0.7,1
Machaerium hirtum,Crotalaria cavaleriei,0.1974,not synonym,sentence-transformers/all-MiniLM-L6-v2,0.7,0
Microcharis tenuirostris,Indigofera tenuirostris,0.5508,not synonym,sentence-transformers/all-MiniLM-L6-v2,0.7,1
Lotus parviflorus,Machaerium longistipitatum,0.1663,not synonym,sentence-transformers/all-MiniLM-L6-v2,0.7,0
Badiera oblongata,Pseudoberlinia baumii,0.3726,not synonym,sentence-transformers/all-MiniLM-L6-v2,0.7,0
Monnina tristaniana,Sinolegumenea chendezhaoana,0.3373,not synonym,sentence-transformers/all-MiniLM-L6-v2,0.7,0
Lotus parviflorus,Heistera zeyheri,0.1176,not synonym,sentence-transformers/all-MiniLM-L6-v2,0.7,0
Acacia amyctica,Inga tarapotensis,0.4087,not synonym,sentence-transformers/all-MiniLM-L6-v2,0.7,0
Monnina ciliolata,Monnina ciliolosa,0.9415,synonym,sentence-transformers/all-MiniLM-L6-v2,0.7,1
Erythrostemon fimbriatus,Caesalpinia cromantha,0.1852,not synonym,sentence-transformers/all-MiniLM-L6-v2,0.7,1
Ancistrotropis clitorioides,Phaseolus clitorioides,0.718,synonym,sentence-transformers/all-MiniLM-L6-v2,0.7,1
Echinospartum ibericum,Genista iberica,0.3904,not synonym,sentence-transformers/all-MiniLM-L6-v2,0.7,1
Polygala preslii,Securidaca coriacea,0.3087,not synonym,sentence-transformers/all-MiniLM-L6-v2,0.7,0
Glycine max,Glycine angustifolia,0.6513,not synonym,sentence-transformers/all-MiniLM-L6-v2,0.7,1
Ononis diffusa,Derris peckoltii,0.3962,not synonym,sentence-transformers/all-MiniLM-L6-v2,0.7,0
Archidendron lucyi,Pithecellobium lucyi,0.5171,not synonym,sentence-transformers/all-MiniLM-L6-v2,0.7,1
Comesperma nudiusculum,Banisterodes affine,0.0287,not synonym,sentence-transformers/all-MiniLM-L6-v2,0.7,0
Adenopodia spicata,Entadopsis spicata,0.5224,not synonym,sentence-transformers/all-MiniLM-L6-v2,0.7,1
Flemingia prostrata,Acacia diffusa,0.2404,not synonym,sentence-transformers/all-MiniLM-L6-v2,0.7,0
Dialium indum,Dialium turbinatum,0.5925,not synonym,sentence-transformers/all-MiniLM-L6-v2,0.7,1
Asemeia galmeri,Genista millii,0.3852,not synonym,sentence-transformers/all-MiniLM-L6-v2,0.7,0
Ebenus sibthorpii,Monnina mexicana,0.3636,not synonym,sentence-transformers/all-MiniLM-L6-v2,0.7,0
Securidaca elliptica,Elsota elliptica,0.7618,synonym,sentence-transformers/all-MiniLM-L6-v2,0.7,1
Flemingia prostrata,Geissaspis elisabethvilleana,0.4792,not synonym,sentence-transformers/all-MiniLM-L6-v2,0.7,0
Ononis pallida,Ononis pallida,1.0,synonym,sentence-transformers/all-MiniLM-L6-v2,0.7,1
Lotus garcinii,Aspalathus persica,0.2622,not synonym,sentence-transformers/all-MiniLM-L6-v2,0.7,1
Inga obtusata,Pteromonnina cyanea,0.31,not synonym,sentence-transformers/all-MiniLM-L6-v2,0.7,0
Salomonia ciliata,Racosperma polifolium,0.3132,not synonym,sentence-transformers/all-MiniLM-L6-v2,0.7,0
Amphicarpaea ferruginea,Amphicarpaea rufescens,0.6548,not synonym,sentence-transformers/all-MiniLM-L6-v2,0.7,1
Inga inundata,Caiandra conferta,0.3628,not synonym,sentence-transformers/all-MiniLM-L6-v2,0.7,0
Asemeia violacea,Inga bubalina,0.2952,not synonym,sentence-transformers/all-MiniLM-L6-v2,0.7,0
Gastrolobium linearifolium,Heistera longicuspis,0.2316,not synonym,sentence-transformers/all-MiniLM-L6-v2,0.7,0
Hebecarpa rivinifolia,Cylindrokelupha turgida,0.2266,not synonym,sentence-transformers/all-MiniLM-L6-v2,0.7,0
Genista cinerea,Elsota retusa,0.3032,not synonym,sentence-transformers/all-MiniLM-L6-v2,0.7,0
Errazurizia multifoliolata,Dalea multifolioliata,0.4673,not synonym,sentence-transformers/all-MiniLM-L6-v2,0.7,1
Berlinia grandiflora,Berlinia laurentii,0.8226,synonym,sentence-transformers/all-MiniLM-L6-v2,0.7,1
Calobota cytisoides,Cytisus capensis,0.5355,not synonym,sentence-transformers/all-MiniLM-L6-v2,0.7,1
Coulteria cubensis,Caesalpinia violacea,0.3636,not synonym,sentence-transformers/all-MiniLM-L6-v2,0.7,1
Acacia binervata,Lophostylis floribunda,0.2508,not synonym,sentence-transformers/all-MiniLM-L6-v2,0.7,0
Polygala serpentaria,Machaerium tounateifolium,0.2222,not synonym,sentence-transformers/all-MiniLM-L6-v2,0.7,0
Calliandra asplenioides,Calliandra dendroidea,0.6587,not synonym,sentence-transformers/all-MiniLM-L6-v2,0.7,1
Calliandra taxifolia,Dialium angolense,0.3204,not synonym,sentence-transformers/all-MiniLM-L6-v2,0.7,0
Chesneya macrantha,Chesneya macrantha,1.0,synonym,sentence-transformers/all-MiniLM-L6-v2,0.7,1
Lotus palustris,Lotus vidalii,0.7286,synonym,sentence-transformers/all-MiniLM-L6-v2,0.7,1
Calliandra subspicata,Feuilleea subspicata,0.5346,not synonym,sentence-transformers/all-MiniLM-L6-v2,0.7,1
Archidendron bubalinum,Polygala jaliscana,0.1661,not synonym,sentence-transformers/all-MiniLM-L6-v2,0.7,0
Inga sapindoides,Feuilleea bonplandiana,0.3511,not synonym,sentence-transformers/all-MiniLM-L6-v2,0.7,1
Monnina crassifolia,Lotus discolor,0.2131,not synonym,sentence-transformers/all-MiniLM-L6-v2,0.7,0
Genista segonnei,Genista pseudoumbellata,0.5652,not synonym,sentence-transformers/all-MiniLM-L6-v2,0.7,1
Brachypterum eriocarpum,Derris eriocarpa,0.4054,not synonym,sentence-transformers/all-MiniLM-L6-v2,0.7,1
Muraltia spinosa,Machaerium longifolium,0.1168,not synonym,sentence-transformers/all-MiniLM-L6-v2,0.7,0
Muraltia dumosa,Muraltia dontolopha,0.7061,synonym,sentence-transformers/all-MiniLM-L6-v2,0.7,1
Acacia hypermeces,Anneslia mixta,0.1793,not synonym,sentence-transformers/all-MiniLM-L6-v2,0.7,0
Calliandra selloi,Calliandra brevipes,0.6707,not synonym,sentence-transformers/all-MiniLM-L6-v2,0.7,1
Polygala latouchei,Polygala nimborum,0.6917,not synonym,sentence-transformers/all-MiniLM-L6-v2,0.7,1
Polygala sphenoptera,Spongiocarpella purpurea,0.4578,not synonym,sentence-transformers/all-MiniLM-L6-v2,0.7,0
Limadendron amazonicum,Oxylobium vestitum,0.2967,not synonym,sentence-transformers/all-MiniLM-L6-v2,0.7,0
Flemingia gracilis,Moghania gracilis,0.6824,not synonym,sentence-transformers/all-MiniLM-L6-v2,0.7,1
Erythrostemon placidus,Poincianella placida,0.4677,not synonym,sentence-transformers/all-MiniLM-L6-v2,0.7,1
Coulteria cubensis,Peltophorum brasiliense,0.4362,not synonym,sentence-transformers/all-MiniLM-L6-v2,0.7,1
Comesperma ericinum,Galactia tenera,0.3876,not synonym,sentence-transformers/all-MiniLM-L6-v2,0.7,0
Acacia paradoxa,Racosperma armata,0.1791,not synonym,sentence-transformers/all-MiniLM-L6-v2,0.7,1
Flemingia lineata,Onobrychis lineata,0.5455,not synonym,sentence-transformers/all-MiniLM-L6-v2,0.7,1
Bredemeyera laurifolia,Banisterodes macintyrii,0.2904,not synonym,sentence-transformers/all-MiniLM-L6-v2,0.7,0
Ononis remotiflora,Ononis remotiflora,1.0,synonym,sentence-transformers/all-MiniLM-L6-v2,0.7,1
Inga sapindoides,Inga biolleyana,0.5667,not synonym,sentence-transformers/all-MiniLM-L6-v2,0.7,1
Amphicarpaea bracteata,Dolichos monticola,0.2815,not synonym,sentence-transformers/all-MiniLM-L6-v2,0.7,0
Muraltia rubeacea,Polygala rectipilis,0.2912,not synonym,sentence-transformers/all-MiniLM-L6-v2,0.7,0
Erythrostemon gilliesii,Ononis orygalis,0.4248,not synonym,sentence-transformers/all-MiniLM-L6-v2,0.7,0
Hebecarpa obscura,Podolobium sericeum,0.402,not synonym,sentence-transformers/all-MiniLM-L6-v2,0.7,0
Ebenus bourgeaui,Racosperma deltoideum,0.1505,not synonym,sentence-transformers/all-MiniLM-L6-v2,0.7,0
Genista germanica,Euteline germanica,0.7267,synonym,sentence-transformers/all-MiniLM-L6-v2,0.7,1
Polygala subandina,Polygala cordobensis,0.7535,synonym,sentence-transformers/all-MiniLM-L6-v2,0.7,1
Dahlstedtia muehlbergiana,Ononis pallida,0.4302,not synonym,sentence-transformers/all-MiniLM-L6-v2,0.7,0
Lotus tetragonolobus,Scandalida rubra,0.1436,not synonym,sentence-transformers/all-MiniLM-L6-v2,0.7,1
Inga pezizifera,Heistera diffusa,0.4452,not synonym,sentence-transformers/all-MiniLM-L6-v2,0.7,0
Betencourtia scarlatina,Centrosema fulgens,0.1994,not synonym,sentence-transformers/all-MiniLM-L6-v2,0.7,1
Epirixanthes elongata,Ononis rotundifola,0.3107,not synonym,sentence-transformers/all-MiniLM-L6-v2,0.7,0
Flemingia procumbens,Phaseolodes hookerianum,0.3799,not synonym,sentence-transformers/all-MiniLM-L6-v2,0.7,0
Ononis arborescens,Ononis arborescens,1.0,synonym,sentence-transformers/all-MiniLM-L6-v2,0.7,1
Securidaca rivinifolia,Cyclopia capensis,0.3115,not synonym,sentence-transformers/all-MiniLM-L6-v2,0.7,0
Flemingia lineata,Maughania lineata,0.6313,not synonym,sentence-transformers/all-MiniLM-L6-v2,0.7,1
Humularia rosea,Maughania cumingiana,0.5373,not synonym,sentence-transformers/all-MiniLM-L6-v2,0.7,0
Gilbertiodendron brachystegioides,Muraltia beiliana,0.2543,not synonym,sentence-transformers/all-MiniLM-L6-v2,0.7,0
Errazurizia benthamii,Lotus uluginosus,0.3056,not synonym,sentence-transformers/all-MiniLM-L6-v2,0.7,0
Xanthophyllum borneense,Caesalpinia pringlei,0.4262,not synonym,sentence-transformers/all-MiniLM-L6-v2,0.7,0
Delonix regia,Pueraria ferruginea,0.2691,not synonym,sentence-transformers/all-MiniLM-L6-v2,0.7,0
Echinospartum ibericum,Bossiaea lenticularis,0.3589,not synonym,sentence-transformers/all-MiniLM-L6-v2,0.7,0
Myroxylon balsamum,Toluifera punctata,0.3155,not synonym,sentence-transformers/all-MiniLM-L6-v2,0.7,1
Millettia fruticosa,Amerimnon fasciculatum,0.4991,not synonym,sentence-transformers/all-MiniLM-L6-v2,0.7,1
Genista cupanii,Genista rigens,0.6745,not synonym,sentence-transformers/all-MiniLM-L6-v2,0.7,1
Lotus dumetorum,Lotus dumetorum,1.0,synonym,sentence-transformers/all-MiniLM-L6-v2,0.7,1
Genista anglica,Genista britannica,0.5807,not synonym,sentence-transformers/all-MiniLM-L6-v2,0.7,1
Lotus mlanjeanus,Crotalaria minor,0.244,not synonym,sentence-transformers/all-MiniLM-L6-v2,0.7,1
Cyclopia subternata,Moghania grahamiana,0.2634,not synonym,sentence-transformers/all-MiniLM-L6-v2,0.7,0
Flemingia tuberosa,Maughania tuberosa,0.6849,not synonym,sentence-transformers/all-MiniLM-L6-v2,0.7,1
Lotus dorycnium,Dorycnium cinerascens,0.6288,not synonym,sentence-transformers/all-MiniLM-L6-v2,0.7,1
Moutabea guianensis,Cryptostomum coriaceum,0.269,not synonym,sentence-transformers/all-MiniLM-L6-v2,0.7,1
Acanthocladus moyanoi,Racosperma caleyi,0.3979,not synonym,sentence-transformers/all-MiniLM-L6-v2,0.7,0
Millettia piscidia,Huchimingia piscidia,0.674,not synonym,sentence-transformers/all-MiniLM-L6-v2,0.7,1
Hoffmannseggia drepanocarpa,Hoffmanseggia drepanocarpa,0.8507,synonym,sentence-transformers/all-MiniLM-L6-v2,0.7,1
Calliandra falcata,Polygala nemorosa,0.3405,not synonym,sentence-transformers/all-MiniLM-L6-v2,0.7,0
Amphicarpaea bracteata,Elsota corymbosa,0.4647,not synonym,sentence-transformers/all-MiniLM-L6-v2,0.7,0
Machaerium biovulatum,Cyclopia tenuifolia,0.1828,not synonym,sentence-transformers/all-MiniLM-L6-v2,0.7,0
Chesneya macrantha,Machaerium spinosum,0.1177,not synonym,sentence-transformers/all-MiniLM-L6-v2,0.7,0
Collaea speciosa,Collaea velutina,0.7129,synonym,sentence-transformers/all-MiniLM-L6-v2,0.7,1
Acacia microbotrya,Baudouinia suarezensis,0.4238,not synonym,sentence-transformers/all-MiniLM-L6-v2,0.7,0
Polygala serpentaria,Millettia seretii,0.3686,not synonym,sentence-transformers/all-MiniLM-L6-v2,0.7,0
Aotus ericoides,Aotus ferruginea,0.5301,not synonym,sentence-transformers/all-MiniLM-L6-v2,0.7,1
Cyclopia laxiflora,Cyclopia latifolia,0.7236,synonym,sentence-transformers/all-MiniLM-L6-v2,0.7,1
Ononis pedicellaris,Ononis pseudocintrana,0.6346,not synonym,sentence-transformers/all-MiniLM-L6-v2,0.7,1
Genista canariensis,Genista discolor,0.5665,not synonym,sentence-transformers/all-MiniLM-L6-v2,0.7,1
Dialium kunstleri,Lupinus chilensis,0.0852,not synonym,sentence-transformers/all-MiniLM-L6-v2,0.7,0
Calpurnia aurea,Virgilia aurea,0.5407,not synonym,sentence-transformers/all-MiniLM-L6-v2,0.7,1
Eysenhardtia polystachya,Viborquia polystachya,0.6069,not synonym,sentence-transformers/all-MiniLM-L6-v2,0.7,1
Genista anglica,Moghania prostrata,0.29,not synonym,sentence-transformers/all-MiniLM-L6-v2,0.7,0
Machaerium hirtum,Apios bodinieri,0.1745,not synonym,sentence-transformers/all-MiniLM-L6-v2,0.7,0
Adenopodia rotundifolia,Lotus ehrenbergii,0.317,not synonym,sentence-transformers/all-MiniLM-L6-v2,0.7,0
Inga sapindoides,Inga jimeneziana,0.6696,not synonym,sentence-transformers/all-MiniLM-L6-v2,0.7,1
Calliandra parvifolia,Polygala pyramidalis,0.3549,not synonym,sentence-transformers/all-MiniLM-L6-v2,0.7,0
Erythrostemon fimbriatus,Mimosa biflora,0.2369,not synonym,sentence-transformers/all-MiniLM-L6-v2,0.7,0
Monnina lehmanniana,Achyronia arborea,0.298,not synonym,sentence-transformers/all-MiniLM-L6-v2,0.7,0
Lupinus eriocladus,Lupinus punensis,0.7381,synonym,sentence-transformers/all-MiniLM-L6-v2,0.7,1
Securidaca divaricata,Millettia pueroroides,0.2959,not synonym,sentence-transformers/all-MiniLM-L6-v2,0.7,0
Polygala usafuensis,Hebecarpa piliophora,0.3696,not synonym,sentence-transformers/all-MiniLM-L6-v2,0.7,0
Archidendron xichouense,Cylindrokelupha xichouensis,0.464,not synonym,sentence-transformers/all-MiniLM-L6-v2,0.7,1
Gymnospora violoides,Polygala globosa,0.4295,not synonym,sentence-transformers/all-MiniLM-L6-v2,0.7,1
Hoffmannseggia drepanocarpa,Geissaspis incognita,0.319,not synonym,sentence-transformers/all-MiniLM-L6-v2,0.7,0
Archidendron jiringa,Mimosa koeringa,0.3226,not synonym,sentence-transformers/all-MiniLM-L6-v2,0.7,1
Cadia purpurea,Spaendoncea tamarindifolia,0.2615,not synonym,sentence-transformers/all-MiniLM-L6-v2,0.7,1
Dysolobium pilosum,Cytisus scariosus,0.4828,not synonym,sentence-transformers/all-MiniLM-L6-v2,0.7,0
Lotus glinoides,Lotus schimperi,0.5974,not synonym,sentence-transformers/all-MiniLM-L6-v2,0.7,1
Polygala major,Polygala nicaeensis,0.6828,not synonym,sentence-transformers/all-MiniLM-L6-v2,0.7,1
Muraltia spinosa,Coelidium spinosum,0.2918,not synonym,sentence-transformers/all-MiniLM-L6-v2,0.7,1
Salomonia cantoniensis,Salomonia subrotunda,0.6712,not synonym,sentence-transformers/all-MiniLM-L6-v2,0.7,1
Inga pilosula,Pithecellobium harmsii,0.4765,not synonym,sentence-transformers/all-MiniLM-L6-v2,0.7,0
Inga stenoptera,Pedrosia argentea,0.3651,not synonym,sentence-transformers/all-MiniLM-L6-v2,0.7,0
Genista aetnensis,Drymospartum aetnense,0.4409,not synonym,sentence-transformers/all-MiniLM-L6-v2,0.7,1
Muraltia ericoides,Muraltia stipulacea,0.7127,synonym,sentence-transformers/all-MiniLM-L6-v2,0.7,1
Polygaloides chamaebuxus,Polygala baccifera,0.6131,not synonym,sentence-transformers/all-MiniLM-L6-v2,0.7,0
Archidendron merrillii,Elsota macrocarpa,0.2166,not synonym,sentence-transformers/all-MiniLM-L6-v2,0.7,0
Mundulea barclayi,Tephrosia barclayi,0.5327,not synonym,sentence-transformers/all-MiniLM-L6-v2,0.7,1
Millettia goossensii,Lonchocarpus goossensii,0.6427,not synonym,sentence-transformers/all-MiniLM-L6-v2,0.7,1
Calliandra purpurea,Polygala tristis,0.4429,not synonym,sentence-transformers/all-MiniLM-L6-v2,0.7,0
Coulteria platyloba,Feuilleea borneensis,0.3625,not synonym,sentence-transformers/all-MiniLM-L6-v2,0.7,0
Inga heterophylla,Heistera pilosa,0.4768,not synonym,sentence-transformers/all-MiniLM-L6-v2,0.7,0
Archidendron kerrii,Cylindrokelupha yunnanensis,0.1667,not synonym,sentence-transformers/all-MiniLM-L6-v2,0.7,1
Machaerium hirtum,Comesperma lanceolatum,0.1924,not synonym,sentence-transformers/all-MiniLM-L6-v2,0.7,0
Erythrostemon laxus,Caesalpinia laxa,0.4713,not synonym,sentence-transformers/all-MiniLM-L6-v2,0.7,1
Polygala karensium,Polygala tricornis,0.6471,not synonym,sentence-transformers/all-MiniLM-L6-v2,0.7,1
Inga sapindoides,Calliandra gracilis,0.2754,not synonym,sentence-transformers/all-MiniLM-L6-v2,0.7,0
Polygala major,Polygala amoenissima,0.6573,not synonym,sentence-transformers/all-MiniLM-L6-v2,0.7,1
Xanthophyllum lanceatum,Pteromonnina polygonoides,0.3874,not synonym,sentence-transformers/all-MiniLM-L6-v2,0.7,0
Archidendron occultatum,Polygala bennettii,0.1544,not synonym,sentence-transformers/all-MiniLM-L6-v2,0.7,0
Salomonia ciliata,Salomonia ramosissima,0.8296,synonym,sentence-transformers/all-MiniLM-L6-v2,0.7,1
Inga martinicensis,Caragana nubigena,0.4085,not synonym,sentence-transformers/all-MiniLM-L6-v2,0.7,0
Archidendron bubalinum,Albizia acradena,0.2938,not synonym,sentence-transformers/all-MiniLM-L6-v2,0.7,1
Ammopiptanthus nanus,Ammopiptanthus kamelinii,0.8221,synonym,sentence-transformers/all-MiniLM-L6-v2,0.7,1
Ononis oligophylla,Ononis bonanniana,0.7729,synonym,sentence-transformers/all-MiniLM-L6-v2,0.7,1
Hoffmannseggia glauca,Caesalpinia chicamana,0.2931,not synonym,sentence-transformers/all-MiniLM-L6-v2,0.7,1
Lotus jordanii,Archidendron bequinii,0.3122,not synonym,sentence-transformers/all-MiniLM-L6-v2,0.7,0
Flemingia macrophylla,Lebeckia elongata,0.4925,not synonym,sentence-transformers/all-MiniLM-L6-v2,0.7,0
Flemingia parviflora,Psoralea acaulis,0.3699,not synonym,sentence-transformers/all-MiniLM-L6-v2,0.7,0
Hebecarpa obscura,Polygala piliophora,0.2549,not synonym,sentence-transformers/all-MiniLM-L6-v2,0.7,1
Acacia hemignosta,Heistera cliffortiafolia,0.4289,not synonym,sentence-transformers/all-MiniLM-L6-v2,0.7,0
Millettia richardiana,Inga danieli,0.3338,not synonym,sentence-transformers/all-MiniLM-L6-v2,0.7,0
Gastrolobium effusum,Nemcia effusa,0.4433,not synonym,sentence-transformers/all-MiniLM-L6-v2,0.7,1
Dialium platysepalum,Dialium havilandii,0.7046,synonym,sentence-transformers/all-MiniLM-L6-v2,0.7,1
Gilbertiodendron demonstrans,Macrolobium ivorense,0.276,not synonym,sentence-transformers/all-MiniLM-L6-v2,0.7,0
Camptosema rubicundum,Daniellia thurifera,0.2324,not synonym,sentence-transformers/all-MiniLM-L6-v2,0.7,0
Comesperma polygaloides,Bredemeyera polygaloides,0.6623,not synonym,sentence-transformers/all-MiniLM-L6-v2,0.7,1
Gastrolobium minus,Pithecellobium globosum,0.5509,not synonym,sentence-transformers/all-MiniLM-L6-v2,0.7,0
Calliandra enervis,Anneslia bullata,0.3048,not synonym,sentence-transformers/all-MiniLM-L6-v2,0.7,1
Machaerium hirtum,Nissolia hirta,0.3917,not synonym,sentence-transformers/all-MiniLM-L6-v2,0.7,1
Decorsea schlechteri,Phaseolus schlechteri,0.557,not synonym,sentence-transformers/all-MiniLM-L6-v2,0.7,1
Archidendron minahassae,Gastrolobium forrestii,0.1573,not synonym,sentence-transformers/all-MiniLM-L6-v2,0.7,0
Archidendron kerrii,Ononis pulchella,0.2464,not synonym,sentence-transformers/all-MiniLM-L6-v2,0.7,0
Chorizema cordatum,Ononis juncea,0.2642,not synonym,sentence-transformers/all-MiniLM-L6-v2,0.7,0
Genista michelii,Heterosamara caudata,0.382,not synonym,sentence-transformers/all-MiniLM-L6-v2,0.7,0
Asemeia grandiflora,Calophaca hovenii,0.3495,not synonym,sentence-transformers/all-MiniLM-L6-v2,0.7,0
Lupinus sabinianus,Lupinus sabinii,0.9331,synonym,sentence-transformers/all-MiniLM-L6-v2,0.7,1
Nissolia platycarpa,Nissolia dodgei,0.7346,synonym,sentence-transformers/all-MiniLM-L6-v2,0.7,1
Brachypterum pseudinvolutum,Carmichaelia multicaulis,0.2132,not synonym,sentence-transformers/all-MiniLM-L6-v2,0.7,0
Acacia ayersiana,Lebeckia decipiens,0.2553,not synonym,sentence-transformers/all-MiniLM-L6-v2,0.7,0
Genista pilosa,Spartium pilosum,0.41,not synonym,sentence-transformers/all-MiniLM-L6-v2,0.7,1
Hebecarpa rectipilis,Polygala rectipilus,0.2771,not synonym,sentence-transformers/all-MiniLM-L6-v2,0.7,1
Inga panurensis,Feuilleea mutata,0.3867,not synonym,sentence-transformers/all-MiniLM-L6-v2,0.7,1
Genista florida,Genistella florida,0.7471,synonym,sentence-transformers/all-MiniLM-L6-v2,0.7,1
Calliandra coriacea,Smithia mildbraedii,0.3488,not synonym,sentence-transformers/all-MiniLM-L6-v2,0.7,0
Flemingia trifoliata,Lepidocoma trifoliatum,0.6106,not synonym,sentence-transformers/all-MiniLM-L6-v2,0.7,1
Monnina padifolia,Hebeandra padifolia,0.6432,not synonym,sentence-transformers/all-MiniLM-L6-v2,0.7,1
Archidendron borneense,Oxylobium bennettsii,0.2836,not synonym,sentence-transformers/all-MiniLM-L6-v2,0.7,0
Bouffordia dichotoma,Mimosa laurina,0.2095,not synonym,sentence-transformers/all-MiniLM-L6-v2,0.7,0
Muraltia rubeacea,Collaea velutina,0.4592,not synonym,sentence-transformers/all-MiniLM-L6-v2,0.7,0
Dysolobium dolichoides,Indigofera buchneri,0.3044,not synonym,sentence-transformers/all-MiniLM-L6-v2,0.7,0
Acanthocladus scleroxylon,Oxylobium ruscifolium,0.374,not synonym,sentence-transformers/all-MiniLM-L6-v2,0.7,0
Machaerium punctatum,Machaerium villosulum,0.6822,not synonym,sentence-transformers/all-MiniLM-L6-v2,0.7,1
Inga sapindoides,Inga hartii,0.5475,not synonym,sentence-transformers/all-MiniLM-L6-v2,0.7,1
Archidendron balansae,Polygala pedicellaris,0.1465,not synonym,sentence-transformers/all-MiniLM-L6-v2,0.7,0
Genista spachiana,Cytisus bracteolatus,0.2766,not synonym,sentence-transformers/all-MiniLM-L6-v2,0.7,1
Calobota lotononoides,Heterostemon corrugatus,0.2693,not synonym,sentence-transformers/all-MiniLM-L6-v2,0.7,0
Archidendron aruense,Lotodes orbicularis,0.2747,not synonym,sentence-transformers/all-MiniLM-L6-v2,0.7,0
Archidendron minahassae,Pithecellobium macrophyllum,0.0864,not synonym,sentence-transformers/all-MiniLM-L6-v2,0.7,1
Inga heterophylla,Hoffmanseggia drepanocarpa,0.4141,not synonym,sentence-transformers/all-MiniLM-L6-v2,0.7,0
Lupinus andersonii,Lupinus indigoticus,0.6508,not synonym,sentence-transformers/all-MiniLM-L6-v2,0.7,1
Polygala sinaica,Mundtia brasiliensis,0.3609,not synonym,sentence-transformers/all-MiniLM-L6-v2,0.7,0
Bossiaea obcordata,Dorycnium implexum,0.1841,not synonym,sentence-transformers/all-MiniLM-L6-v2,0.7,0
Archidendron pachycarpum,Abarema microcarpa,0.3356,not synonym,sentence-transformers/all-MiniLM-L6-v2,0.7,0
Polygala appressa,Hedysarum quinquangulatum,0.3972,not synonym,sentence-transformers/all-MiniLM-L6-v2,0.7,0
Padbruggea maingayi,Millettia maingayi,0.6044,not synonym,sentence-transformers/all-MiniLM-L6-v2,0.7,1
Humularia drepanocephala,Derris dalbergioides,0.2951,not synonym,sentence-transformers/all-MiniLM-L6-v2,0.7,0
Humularia descampsii,Geissaspis descampsii,0.6513,not synonym,sentence-transformers/all-MiniLM-L6-v2,0.7,1
Machaerium lunatum,Pterocarpus anterus,0.2707,not synonym,sentence-transformers/all-MiniLM-L6-v2,0.7,1
Millettia grandis,Inga clypearia,0.3417,not synonym,sentence-transformers/all-MiniLM-L6-v2,0.7,0
Lotus glinoides,Lotus trigonelloides,0.7581,synonym,sentence-transformers/all-MiniLM-L6-v2,0.7,1
Calliandra aeschynomenoides,Feuilleea aeschynomenoides,0.7007,synonym,sentence-transformers/all-MiniLM-L6-v2,0.7,1
Polygala karensium,Chamaebuxus karensium,0.6901,not synonym,sentence-transformers/all-MiniLM-L6-v2,0.7,1
Asemeia acuminata,Badiera acuminata,0.7044,synonym,sentence-transformers/all-MiniLM-L6-v2,0.7,1
Polygala serpentaria,Polygala chloroptera,0.6229,not synonym,sentence-transformers/all-MiniLM-L6-v2,0.7,1
Securidaca diversifolia,Nissolia robiniifolia,0.4604,not synonym,sentence-transformers/all-MiniLM-L6-v2,0.7,0
Ononis biflora,Ononis bicolor,0.7473,synonym,sentence-transformers/all-MiniLM-L6-v2,0.7,1
Acacia elachantha,Racosperma elachanthum,0.3322,not synonym,sentence-transformers/all-MiniLM-L6-v2,0.7,1
Machaerium debile,Bionia bella,0.3187,not synonym,sentence-transformers/all-MiniLM-L6-v2,0.7,0
Archidendron apoense,Zygia apoensis,0.3512,not synonym,sentence-transformers/all-MiniLM-L6-v2,0.7,1
Calobota cinerea,Chorizema elegans,0.2624,not synonym,sentence-transformers/all-MiniLM-L6-v2,0.7,0
Muraltia origanoides,Derris submontana,0.2654,not synonym,sentence-transformers/all-MiniLM-L6-v2,0.7,0
Hebecarpa punctata,Polygala phoenicistes,0.3753,not synonym,sentence-transformers/all-MiniLM-L6-v2,0.7,1
Inga cordistipula,Feuilleea sapinoides,0.3703,not synonym,sentence-transformers/all-MiniLM-L6-v2,0.7,0
Rhinotropis lindheimeri,Archidendron xichouensis,0.2316,not synonym,sentence-transformers/all-MiniLM-L6-v2,0.7,0
Muraltia stipulacea,Inga hymenaeodes,0.2734,not synonym,sentence-transformers/all-MiniLM-L6-v2,0.7,0
Brachypterum microphyllum,Deguelia dalbergioides,0.2555,not synonym,sentence-transformers/all-MiniLM-L6-v2,0.7,1
Glycine clandestina,Teramnus clandestinus,0.5292,not synonym,sentence-transformers/all-MiniLM-L6-v2,0.7,1
Muraltia squarrosa,Heisteria squarrosa,0.5693,not synonym,sentence-transformers/all-MiniLM-L6-v2,0.7,1
Securidaca bialata,Cytisus pseudoumbellatus,0.2039,not synonym,sentence-transformers/all-MiniLM-L6-v2,0.7,0
Lotus herbaceus,Ononis purpurea,0.372,not synonym,sentence-transformers/all-MiniLM-L6-v2,0.7,0
Asemeia violacea,Spartium radiatum,0.3136,not synonym,sentence-transformers/all-MiniLM-L6-v2,0.7,0
Inga expansa,Inga ellipsoidea,0.6147,not synonym,sentence-transformers/all-MiniLM-L6-v2,0.7,1
Badiera cubensis,Polygala stipitata,0.4368,not synonym,sentence-transformers/all-MiniLM-L6-v2,0.7,1
Myroxylon balsamum,Myrospermum toluiferum,0.4123,not synonym,sentence-transformers/all-MiniLM-L6-v2,0.7,1
Millettia lenneoides,Millettia polyphylla,0.7321,synonym,sentence-transformers/all-MiniLM-L6-v2,0.7,1
Inga ornata,Inga eglandulosa,0.5609,not synonym,sentence-transformers/all-MiniLM-L6-v2,0.7,1
Flemingia nilgheriensis,Flemingia nilgheriensis,1.0,synonym,sentence-transformers/all-MiniLM-L6-v2,0.7,1
Muraltia pappeana,Tertria chamaebuxus,0.2827,not synonym,sentence-transformers/all-MiniLM-L6-v2,0.7,0
Acacia multisiliqua,Monnina cladostachya,0.3232,not synonym,sentence-transformers/all-MiniLM-L6-v2,0.7,0
Ebenus laguroides,Ebenidium monbrettii,0.5838,not synonym,sentence-transformers/all-MiniLM-L6-v2,0.7,1
Gastrolobium capitatum,Moghania phursia,0.3641,not synonym,sentence-transformers/all-MiniLM-L6-v2,0.7,0
Lotus jordanii,Dorycnium gracile,0.2453,not synonym,sentence-transformers/all-MiniLM-L6-v2,0.7,1
Polygala alpina,Polygala glacialis,0.6714,not synonym,sentence-transformers/all-MiniLM-L6-v2,0.7,1
Archidendron aruense,Machaerium angustifolium,0.4747,not synonym,sentence-transformers/all-MiniLM-L6-v2,0.7,0
Genista pseudopilosa,Feuilleea lateriflora,0.3448,not synonym,sentence-transformers/all-MiniLM-L6-v2,0.7,0
Monnina herbacea,Lebeckia subnuda,0.2838,not synonym,sentence-transformers/all-MiniLM-L6-v2,0.7,0
Inga bullata,Feuilleea bullata,0.6085,not synonym,sentence-transformers/all-MiniLM-L6-v2,0.7,1
Julbernardia globiflora,Hualania colletioides,0.3665,not synonym,sentence-transformers/all-MiniLM-L6-v2,0.7,0
Mundulea sericea,Pithecellobium pellitum,0.3761,not synonym,sentence-transformers/all-MiniLM-L6-v2,0.7,0
Centrolobium paraense,Inga harrisii,0.1781,not synonym,sentence-transformers/all-MiniLM-L6-v2,0.7,0
Asemeia grandiflora,Asemeia leoides,0.7075,synonym,sentence-transformers/all-MiniLM-L6-v2,0.7,1
Heterostemon impar,Polygala rusbyi,0.1965,not synonym,sentence-transformers/all-MiniLM-L6-v2,0.7,0
Coulteria cubensis,Baryxylum brasiliense,0.4166,not synonym,sentence-transformers/all-MiniLM-L6-v2,0.7,1
Muraltia divaricata,Calliandra hymeneaeoides,0.2819,not synonym,sentence-transformers/all-MiniLM-L6-v2,0.7,0
Securidaca trianae,Monnina pilosa,0.4892,not synonym,sentence-transformers/all-MiniLM-L6-v2,0.7,0
Muraltia pauciflora,Heistera pauciflora,0.6972,not synonym,sentence-transformers/all-MiniLM-L6-v2,0.7,1
Calliandra mollissima,Acacia floribunda,0.2668,not synonym,sentence-transformers/all-MiniLM-L6-v2,0.7,0
Myroxylon balsamum,Chesneya macrantha,0.2389,not synonym,sentence-transformers/all-MiniLM-L6-v2,0.7,0
Archidendron fagifolium,Inga cauliflora,0.2515,not synonym,sentence-transformers/all-MiniLM-L6-v2,0.7,1
Dialium platysepalum,Dialium wallichii,0.7186,synonym,sentence-transformers/all-MiniLM-L6-v2,0.7,1
Nissolia weberbaueri,Polygala isotricha,0.2024,not synonym,sentence-transformers/all-MiniLM-L6-v2,0.7,0
Lotus conjugatus,Scandalida conjugata,0.519,not synonym,sentence-transformers/all-MiniLM-L6-v2,0.7,1
Muraltia pauciflora,Heisteria pauciflora,0.6878,not synonym,sentence-transformers/all-MiniLM-L6-v2,0.7,1
Ononis vaginalis,Trigonella crassifolia,0.2217,not synonym,sentence-transformers/all-MiniLM-L6-v2,0.7,1
Polygala brevialata,Dolichos galpinii,0.3742,not synonym,sentence-transformers/all-MiniLM-L6-v2,0.7,0
Kotschya goetzei,Chorizema sericeum,0.2552,not synonym,sentence-transformers/all-MiniLM-L6-v2,0.7,0
Archidendron palauense,Albizia papuana,0.1889,not synonym,sentence-transformers/all-MiniLM-L6-v2,0.7,1
Chesneya ternata,Pithecellobium forbesii,0.3804,not synonym,sentence-transformers/all-MiniLM-L6-v2,0.7,0
Comesperma ericinum,Polygala sulcata,0.2401,not synonym,sentence-transformers/all-MiniLM-L6-v2,0.7,0
Calobota cytisoides,Clitoria angustifolia,0.235,not synonym,sentence-transformers/all-MiniLM-L6-v2,0.7,0
Lotus hirsutus,Dorycnium hirsuitum,0.4365,not synonym,sentence-transformers/all-MiniLM-L6-v2,0.7,1
Lotus jacobaeus,Lotus anthylloides,0.6406,not synonym,sentence-transformers/all-MiniLM-L6-v2,0.7,1
Archidendron pachycarpum,Hansemannia pachycarpa,0.5175,not synonym,sentence-transformers/all-MiniLM-L6-v2,0.7,1
Carmichaelia australis,Dalea fruticosa,0.333,not synonym,sentence-transformers/all-MiniLM-L6-v2,0.7,0
Gastrolobium obovatum,Nemcia obovata,0.4487,not synonym,sentence-transformers/all-MiniLM-L6-v2,0.7,1
Ononis pubescens,Polygala scandens,0.2147,not synonym,sentence-transformers/all-MiniLM-L6-v2,0.7,0
Gastrolobium retusum,Nemcia retusa,0.5836,not synonym,sentence-transformers/all-MiniLM-L6-v2,0.7,1
Polygala leptostachys,Retama angulata,0.2325,not synonym,sentence-transformers/all-MiniLM-L6-v2,0.7,0
Caamembeca salicifolia,Abarema kerrii,0.3406,not synonym,sentence-transformers/all-MiniLM-L6-v2,0.7,0
Hoffmannseggia glauca,Solori koolgibberah,0.3416,not synonym,sentence-transformers/all-MiniLM-L6-v2,0.7,0
Cyclopia bowieana,Machaerium dimorphandrum,0.1311,not synonym,sentence-transformers/all-MiniLM-L6-v2,0.7,0
Gastrolobium coriaceum,Oxylobium retusum,0.5051,not synonym,sentence-transformers/all-MiniLM-L6-v2,0.7,1
Ougeinia oojeinensis,Dalbergia ougeinensis,0.4029,not synonym,sentence-transformers/all-MiniLM-L6-v2,0.7,1
Securidaca virgata,Securidaca obcordata,0.7551,synonym,sentence-transformers/all-MiniLM-L6-v2,0.7,1
Amburana cearensis,Torresea cearensis,0.5975,not synonym,sentence-transformers/all-MiniLM-L6-v2,0.7,1
Flemingia chappar,Inga subalata,0.2242,not synonym,sentence-transformers/all-MiniLM-L6-v2,0.7,0
Polygala amboniensis,Polygala liniflora,0.6933,not synonym,sentence-transformers/all-MiniLM-L6-v2,0.7,1
Calophaca tianschanica,Adenocarpus wolgensis,0.2224,not synonym,sentence-transformers/all-MiniLM-L6-v2,0.7,0
Comesperma lanceolatum,Bredemeyera lanceolata,0.5462,not synonym,sentence-transformers/all-MiniLM-L6-v2,0.7,1
Xanthophyllum wrayi,Genista caespitosa,0.1319,not synonym,sentence-transformers/all-MiniLM-L6-v2,0.7,0
Acanthocladus tehuelchum,Polygala tehuelchum,0.5951,not synonym,sentence-transformers/all-MiniLM-L6-v2,0.7,1
Polygala exilis,Polygala paniculata,0.7279,synonym,sentence-transformers/all-MiniLM-L6-v2,0.7,1
Chesneya ternata,Kostyczewa ternata,0.6498,not synonym,sentence-transformers/all-MiniLM-L6-v2,0.7,1
Moutabea aculeata,Pteromonnina exalata,0.4184,not synonym,sentence-transformers/all-MiniLM-L6-v2,0.7,0
Lotus herbaceus,Lotus herbaceus,1.0,synonym,sentence-transformers/all-MiniLM-L6-v2,0.7,1
Calobota spinescens,Lebeckia armata,0.2577,not synonym,sentence-transformers/all-MiniLM-L6-v2,0.7,1
Muraltia thymifolia,Muraltia aspera,0.5356,not synonym,sentence-transformers/all-MiniLM-L6-v2,0.7,1
Salomonia ciliata,Salomonia cordata,0.8496,synonym,sentence-transformers/all-MiniLM-L6-v2,0.7,1
Lotus aegaeus,Hansemannia gogolensis,0.3034,not synonym,sentence-transformers/all-MiniLM-L6-v2,0.7,0
Genista longipes,Genista tejedensis,0.6248,not synonym,sentence-transformers/all-MiniLM-L6-v2,0.7,1
Inga maynensis,Collaea virgata,0.3782,not synonym,sentence-transformers/all-MiniLM-L6-v2,0.7,0
Bredemeyera lucida,Teline maderensis,0.1766,not synonym,sentence-transformers/all-MiniLM-L6-v2,0.7,0
Inga laurina,Flemingia macrophylla,0.1259,not synonym,sentence-transformers/all-MiniLM-L6-v2,0.7,0
Amphicarpaea bracteata,Anneslia brandegeei,0.2924,not synonym,sentence-transformers/all-MiniLM-L6-v2,0.7,0
Acacia leptophleba,Spartium hirsutum,0.2056,not synonym,sentence-transformers/all-MiniLM-L6-v2,0.7,0
Ebenus sibthorpii,Anthyllis sericea,0.2291,not synonym,sentence-transformers/all-MiniLM-L6-v2,0.7,1
Calliandra purdiei,Pithecolobium inundabile,0.1303,not synonym,sentence-transformers/all-MiniLM-L6-v2,0.7,0
Gastrolobium coriaceum,Genista pomelii,0.2128,not synonym,sentence-transformers/all-MiniLM-L6-v2,0.7,0
Millettia dubia,Inga asplenioides,0.2938,not synonym,sentence-transformers/all-MiniLM-L6-v2,0.7,0
Inga laurina,Mimosa sinemariensis,0.1697,not synonym,sentence-transformers/all-MiniLM-L6-v2,0.7,1
Archidendron lucidum,Feuilleea championii,0.2554,not synonym,sentence-transformers/all-MiniLM-L6-v2,0.7,1
Gilbertiodendron aylmeri,Macrolobium aylmeri,0.5852,not synonym,sentence-transformers/all-MiniLM-L6-v2,0.7,1
Genista spartioides,Genista macrobotrys,0.5798,not synonym,sentence-transformers/all-MiniLM-L6-v2,0.7,1
Carmichaelia kirkii,Maughania trifoliastrum,0.3262,not synonym,sentence-transformers/all-MiniLM-L6-v2,0.7,0
Calliandra eriophylla,Anneslia eriophylla,0.69,not synonym,sentence-transformers/all-MiniLM-L6-v2,0.7,1
Monnina herbacea,Monnina spruceana,0.7787,synonym,sentence-transformers/all-MiniLM-L6-v2,0.7,1
Betencourtia crassifolia,Collaea crassifolia,0.6294,not synonym,sentence-transformers/all-MiniLM-L6-v2,0.7,1
Asemeia grandiflora,Hebecarpa grandiflora,0.5797,not synonym,sentence-transformers/all-MiniLM-L6-v2,0.7,1
Lotus nubicus,Lotus nubicus,1.0,synonym,sentence-transformers/all-MiniLM-L6-v2,0.7,1
Calliandra laxa,Senega riograndensis,0.2477,not synonym,sentence-transformers/all-MiniLM-L6-v2,0.7,0
Genista hispanica,Millettia soyauxii,0.3471,not synonym,sentence-transformers/all-MiniLM-L6-v2,0.7,0
Calliandra coriacea,Calliandra anthoniae,0.7453,synonym,sentence-transformers/all-MiniLM-L6-v2,0.7,1
Polygala sericea,Nemcia reticulata,0.3936,not synonym,sentence-transformers/all-MiniLM-L6-v2,0.7,0
Genista tridentata,Ortholobium annamense,0.2256,not synonym,sentence-transformers/all-MiniLM-L6-v2,0.7,0
Bossiaea dentata,Scottia laevis,0.1655,not synonym,sentence-transformers/all-MiniLM-L6-v2,0.7,1
Badiera cubensis,Badiera montana,0.6023,not synonym,sentence-transformers/all-MiniLM-L6-v2,0.7,1
Salomonia ciliata,Indigofera stipulosa,0.4919,not synonym,sentence-transformers/all-MiniLM-L6-v2,0.7,0
Gastrolobium graniticum,Oxylobium graniticum,0.702,synonym,sentence-transformers/all-MiniLM-L6-v2,0.7,1
Lupinus littoralis,Feuilleea acrocephala,0.315,not synonym,sentence-transformers/all-MiniLM-L6-v2,0.7,0
Inga xalapensis,Inga latibracteata,0.3768,not synonym,sentence-transformers/all-MiniLM-L6-v2,0.7,1
Gastrolobium bilobum,Dialium densiflorum,0.2326,not synonym,sentence-transformers/all-MiniLM-L6-v2,0.7,0
Erinacea anthyllis,Inga purpusii,0.3322,not synonym,sentence-transformers/all-MiniLM-L6-v2,0.7,0
Lotus parviflorus,Lotus microcarpus,0.6054,not synonym,sentence-transformers/all-MiniLM-L6-v2,0.7,1
Acacia oxyclada,Dorycnium humile,0.3149,not synonym,sentence-transformers/all-MiniLM-L6-v2,0.7,0
Calliandra mollissima,Inga obtusata,0.3072,not synonym,sentence-transformers/all-MiniLM-L6-v2,0.7,0
Acacia binervata,Calliandra herbacea,0.4338,not synonym,sentence-transformers/all-MiniLM-L6-v2,0.7,0
Muraltia longicuspis,Aspalathus persica,0.2864,not synonym,sentence-transformers/all-MiniLM-L6-v2,0.7,0
Chorizema elegans,Chorizema elegans,1.0,synonym,sentence-transformers/all-MiniLM-L6-v2,0.7,1
Carmichaelia australis,Carmichaelia robusta,0.7595,synonym,sentence-transformers/all-MiniLM-L6-v2,0.7,1
Julbernardia brieyi,Rhynchosia sericea,0.2913,not synonym,sentence-transformers/all-MiniLM-L6-v2,0.7,0
Machaerium reticulatum,Nissolia arrabidae,0.3486,not synonym,sentence-transformers/all-MiniLM-L6-v2,0.7,1
Julbernardia paniculata,Isoberlinia paniculata,0.6462,not synonym,sentence-transformers/all-MiniLM-L6-v2,0.7,1
Archidendron jiringa,Zygia jiringa,0.5691,not synonym,sentence-transformers/all-MiniLM-L6-v2,0.7,1
Amphicarpaea bracteata,Amphicarpaea bracteata,1.0,synonym,sentence-transformers/all-MiniLM-L6-v2,0.7,1
Hoffmannseggia peninsularis,Caesalpinia platycarpa,0.3356,not synonym,sentence-transformers/all-MiniLM-L6-v2,0.7,0
Millettia pachycarpa,Derris taiwaniana,0.3839,not synonym,sentence-transformers/all-MiniLM-L6-v2,0.7,1
Inga chartacea,Inga calophylla,0.4354,not synonym,sentence-transformers/all-MiniLM-L6-v2,0.7,1
Comesperma sphaerocarpum,Machaerium scleroxylum,0.1372,not synonym,sentence-transformers/all-MiniLM-L6-v2,0.7,0
Erythrostemon oyamae,Caesalpinia oyamae,0.5238,not synonym,sentence-transformers/all-MiniLM-L6-v2,0.7,1
Cyclopia intermedia,Genista congesta,0.1844,not synonym,sentence-transformers/all-MiniLM-L6-v2,0.7,0
Flemingia procumbens,Maughania procumbens,0.6358,not synonym,sentence-transformers/all-MiniLM-L6-v2,0.7,1
Millettia splendens,Polygala crassiuscula,0.2393,not synonym,sentence-transformers/all-MiniLM-L6-v2,0.7,0
Calliandra staminea,Lupinus pumicola,0.3415,not synonym,sentence-transformers/all-MiniLM-L6-v2,0.7,0
Bouffordia dichotoma,Solori scandens,0.1686,not synonym,sentence-transformers/all-MiniLM-L6-v2,0.7,0
Flemingia kerrii,Maughania wangkae,0.2923,not synonym,sentence-transformers/all-MiniLM-L6-v2,0.7,1
Muraltia ericoides,Heisteria fasciculata,0.3526,not synonym,sentence-transformers/all-MiniLM-L6-v2,0.7,1
Lupinus velutinus,Polygala gymnosepala,0.3188,not synonym,sentence-transformers/all-MiniLM-L6-v2,0.7,0
Flemingia wightiana,Moghania wightiana,0.7396,synonym,sentence-transformers/all-MiniLM-L6-v2,0.7,1
Polygala timoutou,Gastrolobium corymbosum,0.3276,not synonym,sentence-transformers/all-MiniLM-L6-v2,0.7,0
Ononis tridentata,Ononis arbuscula,0.7185,synonym,sentence-transformers/all-MiniLM-L6-v2,0.7,1
Muraltia macroceras,Acacia hakeoides,0.2323,not synonym,sentence-transformers/all-MiniLM-L6-v2,0.7,0
Millettia sericea,Poincianella melanadenia,0.4552,not synonym,sentence-transformers/all-MiniLM-L6-v2,0.7,0
Flemingia prostrata,Pongamia coriacea,0.258,not synonym,sentence-transformers/all-MiniLM-L6-v2,0.7,0
Muraltia spinosa,Ingenhoussia spinosa,0.5908,not synonym,sentence-transformers/all-MiniLM-L6-v2,0.7,1
Angylocalyx oligophyllus,Ononis hybrida,0.3216,not synonym,sentence-transformers/all-MiniLM-L6-v2,0.7,0
Lupinus evermannii,Lupinus sparhawkianus,0.7604,synonym,sentence-transformers/all-MiniLM-L6-v2,0.7,1
Genista sibirica,Lupinus sabinii,0.1982,not synonym,sentence-transformers/all-MiniLM-L6-v2,0.7,0
Hoffmannseggia glauca,Hoffmannseggia alpina,0.799,synonym,sentence-transformers/all-MiniLM-L6-v2,0.7,1
Archidendron calliandrum,Anneslia comosa,0.179,not synonym,sentence-transformers/all-MiniLM-L6-v2,0.7,0
Acacia consobrina,Genista pungens,0.1211,not synonym,sentence-transformers/all-MiniLM-L6-v2,0.7,0
Polygaloides chamaebuxus,Lugaion aetnense,0.0929,not synonym,sentence-transformers/all-MiniLM-L6-v2,0.7,0
Asemeia violacea,Polygala unguiculata,0.2983,not synonym,sentence-transformers/all-MiniLM-L6-v2,0.7,1
Erythrostemon mexicanus,Poincianella mexicana,0.5466,not synonym,sentence-transformers/all-MiniLM-L6-v2,0.7,1
Machaerium robiniifolium,Machaerium sieberi,0.6222,not synonym,sentence-transformers/all-MiniLM-L6-v2,0.7,1
Ononis aragonensis,Ononis dumosa,0.6231,not synonym,sentence-transformers/all-MiniLM-L6-v2,0.7,1
Muraltia ericoides,Securidaca erecta,0.2951,not synonym,sentence-transformers/all-MiniLM-L6-v2,0.7,0
Inga ruiziana,Anonis reclinata,0.3634,not synonym,sentence-transformers/all-MiniLM-L6-v2,0.7,0
Genista canariensis,Racosperma mearnsii,0.3564,not synonym,sentence-transformers/all-MiniLM-L6-v2,0.7,0
Humularia drepanocephala,Abarema tetraphylla,0.2976,not synonym,sentence-transformers/all-MiniLM-L6-v2,0.7,0
Brachypterum scandens,Dalbergia scandens,0.3848,not synonym,sentence-transformers/all-MiniLM-L6-v2,0.7,1
Asemeia pohliana,Polygala pohliana,0.6167,not synonym,sentence-transformers/all-MiniLM-L6-v2,0.7,1
Hippocrepis areolata,Hippocrepis velutina,0.7261,synonym,sentence-transformers/all-MiniLM-L6-v2,0.7,1
Calliandra surinamensis,Inga obtusifolia,0.4081,not synonym,sentence-transformers/all-MiniLM-L6-v2,0.7,0
Comesperma drummondii,Genista pestalozzae,0.2416,not synonym,sentence-transformers/all-MiniLM-L6-v2,0.7,0
Nissolia spinosa,Machaerium spinosum,0.37,not synonym,sentence-transformers/all-MiniLM-L6-v2,0.7,1
Genista germanica,Spartium humile,0.1642,not synonym,sentence-transformers/all-MiniLM-L6-v2,0.7,1
Ebenus stellata,Ebenus horrida,0.7061,synonym,sentence-transformers/all-MiniLM-L6-v2,0.7,1
Hoffmannseggia miranda,Pterocarpus polyphyllus,0.0995,not synonym,sentence-transformers/all-MiniLM-L6-v2,0.7,0
Eysenhardtia polystachya,Racosperma olganum,0.3445,not synonym,sentence-transformers/all-MiniLM-L6-v2,0.7,0
Muraltia rhamnoides,Poiretia latisiliqua,0.4644,not synonym,sentence-transformers/all-MiniLM-L6-v2,0.7,0
Calliandra hymenaeoides,Calliandra patrisii,0.5943,not synonym,sentence-transformers/all-MiniLM-L6-v2,0.7,1
Brachypterum robustum,Derris polyphylla,0.2554,not synonym,sentence-transformers/all-MiniLM-L6-v2,0.7,1
Muraltia lancifolia,Heistera pilosa,0.2664,not synonym,sentence-transformers/all-MiniLM-L6-v2,0.7,1
Millettia glaucescens,Carmichaelia uniflora,0.3576,not synonym,sentence-transformers/all-MiniLM-L6-v2,0.7,0
Inga sapindoides,Feuilleea lindeniana,0.3648,not synonym,sentence-transformers/all-MiniLM-L6-v2,0.7,1
Calobota angustifolia,Racosperma nigripilosum,0.1906,not synonym,sentence-transformers/all-MiniLM-L6-v2,0.7,0
Bossiaea ornata,Polygala tobatiensis,0.4259,not synonym,sentence-transformers/all-MiniLM-L6-v2,0.7,0
Millettia splendens,Chaetocalyx subulatus,0.3373,not synonym,sentence-transformers/all-MiniLM-L6-v2,0.7,0
Delonix decaryi,Polygala laxa,0.3248,not synonym,sentence-transformers/all-MiniLM-L6-v2,0.7,0
Acacia neorigida,Millettia capillipes,0.1664,not synonym,sentence-transformers/all-MiniLM-L6-v2,0.7,0
Genista anatolica,Racosperma incrassatum,0.2956,not synonym,sentence-transformers/all-MiniLM-L6-v2,0.7,0
Lotus schoelleri,Salomonia tenella,0.2705,not synonym,sentence-transformers/all-MiniLM-L6-v2,0.7,0
Calophaca wolgarica,Smithia micrantha,0.4136,not synonym,sentence-transformers/all-MiniLM-L6-v2,0.7,0
Muraltia ericifolia,Muraltia juniperifolia,0.8049,synonym,sentence-transformers/all-MiniLM-L6-v2,0.7,1
Monnina marginata,Muraltia sprengelioides,0.2568,not synonym,sentence-transformers/all-MiniLM-L6-v2,0.7,0
Millettia pachycarpa,Phaseolodes pachycarpum,0.4552,not synonym,sentence-transformers/all-MiniLM-L6-v2,0.7,1
Brachypterum philippinense,Derris multiflora,0.2025,not synonym,sentence-transformers/all-MiniLM-L6-v2,0.7,1
Hoffmannseggia eremophila,Hoffmannseggia eremophila,1.0,synonym,sentence-transformers/all-MiniLM-L6-v2,0.7,1
Calliandra purpurea,Mimosa obtusifolia,0.4038,not synonym,sentence-transformers/all-MiniLM-L6-v2,0.7,1
Ononis adenotricha,Ononis kotschyana,0.6447,not synonym,sentence-transformers/all-MiniLM-L6-v2,0.7,1
Acacia binervata,Racosperma binervatum,0.3892,not synonym,sentence-transformers/all-MiniLM-L6-v2,0.7,1
Ononis tridentata,Polygala subspicata,0.1965,not synonym,sentence-transformers/all-MiniLM-L6-v2,0.7,0
Polygala timoutou,Polygala fimutu,0.6437,not synonym,sentence-transformers/all-MiniLM-L6-v2,0.7,1
Ebenus depressa,Genista lusitanica,0.1603,not synonym,sentence-transformers/all-MiniLM-L6-v2,0.7,0
Calobota sericea,Securidaca rufescens,0.3238,not synonym,sentence-transformers/all-MiniLM-L6-v2,0.7,0
Archidendron contortum,Abarema contorta,0.3847,not synonym,sentence-transformers/all-MiniLM-L6-v2,0.7,1
Humularia drepanocephala,Phaseolodes thonningii,0.2397,not synonym,sentence-transformers/all-MiniLM-L6-v2,0.7,0
Lupinus sarmentosus,Lotus pratensis,0.2437,not synonym,sentence-transformers/all-MiniLM-L6-v2,0.7,0
Acacia cracentis,Racosperma anomalum,0.0962,not synonym,sentence-transformers/all-MiniLM-L6-v2,0.7,0
Dimorphandra parviflora,Smithia speciosa,0.278,not synonym,sentence-transformers/all-MiniLM-L6-v2,0.7,0
Acacia pickardii,Millettia foliolosa,0.3949,not synonym,sentence-transformers/all-MiniLM-L6-v2,0.7,0
Delonix floribunda,Millettia baronii,0.4885,not synonym,sentence-transformers/all-MiniLM-L6-v2,0.7,0
Carmichaelia juncea,Tephrosia barclayi,0.3335,not synonym,sentence-transformers/all-MiniLM-L6-v2,0.7,0
Archidendron eberhardtii,Muraltia squarrosa,0.2442,not synonym,sentence-transformers/all-MiniLM-L6-v2,0.7,0
Genista daurica,Carmichaelia subulata,0.1679,not synonym,sentence-transformers/all-MiniLM-L6-v2,0.7,0
Acacia froggattii,Acacia scapuliformis,0.6219,not synonym,sentence-transformers/all-MiniLM-L6-v2,0.7,0
Archidendron aruense,Archidendron aruense,1.0,synonym,sentence-transformers/all-MiniLM-L6-v2,0.7,1
Ammopiptanthus nanus,Podalyria nana,0.326,not synonym,sentence-transformers/all-MiniLM-L6-v2,0.7,1
Nissolia brasiliensis,Securidaca parvifolia,0.3737,not synonym,sentence-transformers/all-MiniLM-L6-v2,0.7,0
Bouffordia dichotoma,Cyclopia grandifolia,0.2251,not synonym,sentence-transformers/all-MiniLM-L6-v2,0.7,0
Glycine americana,Glycine americana,1.0,synonym,sentence-transformers/all-MiniLM-L6-v2,0.7,1
Machaerium stipitatum,Machaerium paniculatum,0.7493,synonym,sentence-transformers/all-MiniLM-L6-v2,0.7,1
Comesperma secundum,Comesperma secundum,1.0,synonym,sentence-transformers/all-MiniLM-L6-v2,0.7,1
Glycine tabacina,Cryptosema pimeleoides,0.1745,not synonym,sentence-transformers/all-MiniLM-L6-v2,0.7,0
Brachypterum koolgibberah,Inga chardonii,0.3003,not synonym,sentence-transformers/all-MiniLM-L6-v2,0.7,0
Hebecarpa rivinifolia,Polygala sinaloensis,0.3743,not synonym,sentence-transformers/all-MiniLM-L6-v2,0.7,1
Xanthophyllum ancolanum,Xanthophyllum palembanicum,0.7649,synonym,sentence-transformers/all-MiniLM-L6-v2,0.7,1
Amphicarpaea bracteata,Phaseolus monoicus,0.2753,not synonym,sentence-transformers/all-MiniLM-L6-v2,0.7,1
Archidendron calliandrum,Archidendron kanehirae,0.6207,not synonym,sentence-transformers/all-MiniLM-L6-v2,0.7,1
Erythrostemon calycinus,Caesalpinia calycina,0.4713,not synonym,sentence-transformers/all-MiniLM-L6-v2,0.7,1
Nissolia tomentosa,Macrolobium ecoukense,0.2276,not synonym,sentence-transformers/all-MiniLM-L6-v2,0.7,0
Calliandra spinosa,Lalage acuminata,0.1736,not synonym,sentence-transformers/all-MiniLM-L6-v2,0.7,0
Monnina resedoides,Pteromonnina resedoides,0.6437,not synonym,sentence-transformers/all-MiniLM-L6-v2,0.7,1
Asemeia violacea,Lupinus maissurianii,0.3599,not synonym,sentence-transformers/all-MiniLM-L6-v2,0.7,0
Flemingia kerrii,Salomonia cylindrica,0.405,not synonym,sentence-transformers/all-MiniLM-L6-v2,0.7,0
Flemingia paniculata,Flemingia sarmentosa,0.5682,not synonym,sentence-transformers/all-MiniLM-L6-v2,0.7,1
Polygala equisetoides,Polygala juncoides,0.6906,not synonym,sentence-transformers/all-MiniLM-L6-v2,0.7,1
Inga vulpina,Senega asperuloides,0.2374,not synonym,sentence-transformers/all-MiniLM-L6-v2,0.7,0
Gastrolobium coriaceum,Gastrolobium ovalifolium,0.7661,synonym,sentence-transformers/all-MiniLM-L6-v2,0.7,1
Millettia thonningii,Phaseolodes thonningii,0.5587,not synonym,sentence-transformers/all-MiniLM-L6-v2,0.7,1
Muraltia aspalatha,Heisteria phylicodes,0.29,not synonym,sentence-transformers/all-MiniLM-L6-v2,0.7,1
Machaerium lunatum,Banisterodes ellipticum,0.3337,not synonym,sentence-transformers/all-MiniLM-L6-v2,0.7,0
Caamembeca salicifolia,Monnina longifolia,0.451,not synonym,sentence-transformers/all-MiniLM-L6-v2,0.7,1
Genista aristata,Gastrolobium sagittulatum,0.1471,not synonym,sentence-transformers/all-MiniLM-L6-v2,0.7,0
Kotschya uniflora,Smithia uniflora,0.4908,not synonym,sentence-transformers/all-MiniLM-L6-v2,0.7,1
Gastrolobium celsianum,Brachysema platypteron,0.2296,not synonym,sentence-transformers/all-MiniLM-L6-v2,0.7,1
Lotus cytisoides,Lotus prostratus,0.6841,not synonym,sentence-transformers/all-MiniLM-L6-v2,0.7,1
Ononis pendula,Ononis broussonetii,0.6612,not synonym,sentence-transformers/all-MiniLM-L6-v2,0.7,1
Monnina ciliolata,Polygala baccifera,0.4589,not synonym,sentence-transformers/all-MiniLM-L6-v2,0.7,1
Neoapaloxylon tuberosum,Apaloxylon tuberosum,0.7584,synonym,sentence-transformers/all-MiniLM-L6-v2,0.7,1
Chorizema carinatum,Dimorphandra speciosa,0.2418,not synonym,sentence-transformers/all-MiniLM-L6-v2,0.7,0
Xanthophyllum griffithii,Xanthophyllum griffithii,1.0,synonym,sentence-transformers/all-MiniLM-L6-v2,0.7,1
Chaetocalyx latisiliqua,Poiretia latisiliqua,0.5333,not synonym,sentence-transformers/all-MiniLM-L6-v2,0.7,1
Lotus subbiflorus,Inga squamigera,0.1257,not synonym,sentence-transformers/all-MiniLM-L6-v2,0.7,0
Angylocalyx oligophyllus,Anila stipularis,0.316,not synonym,sentence-transformers/all-MiniLM-L6-v2,0.7,0
Inga sapindoides,Inga ochroclada,0.5102,not synonym,sentence-transformers/all-MiniLM-L6-v2,0.7,1
Genista lydia,Genista lamprophylla,0.528,not synonym,sentence-transformers/all-MiniLM-L6-v2,0.7,1
Padbruggea maingayi,Millettia foxworthyi,0.3948,not synonym,sentence-transformers/all-MiniLM-L6-v2,0.7,0
Calliandra rigida,Calliandra hookeriana,0.5884,not synonym,sentence-transformers/all-MiniLM-L6-v2,0.7,1
Hoffmannseggia aphylla,Caesalpinia aphylla,0.6082,not synonym,sentence-transformers/all-MiniLM-L6-v2,0.7,1
Echinospartum horridum,Cytisus holopetalus,0.5048,not synonym,sentence-transformers/all-MiniLM-L6-v2,0.7,0
Genista germanica,Lissera germanica,0.7054,synonym,sentence-transformers/all-MiniLM-L6-v2,0.7,1
Acacia mearnsii,Acacia mollissima,0.7889,synonym,sentence-transformers/all-MiniLM-L6-v2,0.7,1
Betencourtia gracillima,Racosperma cracente,0.3022,not synonym,sentence-transformers/all-MiniLM-L6-v2,0.7,0
Dysolobium pilosum,Machaerium leiocarpum,0.4016,not synonym,sentence-transformers/all-MiniLM-L6-v2,0.7,0
Polygala cymosa,Polygala graminifolia,0.6996,not synonym,sentence-transformers/all-MiniLM-L6-v2,0.7,1
Acanthocladus dukei,Caesalpinia mollis,0.4669,not synonym,sentence-transformers/all-MiniLM-L6-v2,0.7,0
Genista monspessulana,Feuilleea sellowiana,0.4001,not synonym,sentence-transformers/all-MiniLM-L6-v2,0.7,0
Monnina polygonoides,Carmichaelia egmontiana,0.3809,not synonym,sentence-transformers/all-MiniLM-L6-v2,0.7,0
Calliandra hymenaeoides,Dalea benthamii,0.2996,not synonym,sentence-transformers/all-MiniLM-L6-v2,0.7,0
Librevillea klainei,Brachysema acuminatum,0.1137,not synonym,sentence-transformers/all-MiniLM-L6-v2,0.7,0
Calliandra pauciflora,Acacia pauciflora,0.5613,not synonym,sentence-transformers/all-MiniLM-L6-v2,0.7,1
Monnina richardiana,Xanthophyllum adenopodum,0.2832,not synonym,sentence-transformers/all-MiniLM-L6-v2,0.7,0
Amphicarpaea bracteata,Falcata bracteata,0.7002,synonym,sentence-transformers/all-MiniLM-L6-v2,0.7,1
Brachypterum koolgibberah,Polygala insignis,0.3168,not synonym,sentence-transformers/all-MiniLM-L6-v2,0.7,0
Muraltia zeyheri,Caesalpinia platyloba,0.1462,not synonym,sentence-transformers/all-MiniLM-L6-v2,0.7,0
Nissolia tomentosa,Coronilla hirsuta,0.4305,not synonym,sentence-transformers/all-MiniLM-L6-v2,0.7,1
Hebecarpa costaricensis,Pithecellobium bubalinum,0.3804,not synonym,sentence-transformers/all-MiniLM-L6-v2,0.7,0
Genista nissana,Racosperma macdonnelliense,0.109,not synonym,sentence-transformers/all-MiniLM-L6-v2,0.7,0
Millettia lenneoides,Millettia grandidieri,0.6515,not synonym,sentence-transformers/all-MiniLM-L6-v2,0.7,1
Humularia ciliatodenticulata,Geissaspis ciliato-denticulata,0.5645,not synonym,sentence-transformers/all-MiniLM-L6-v2,0.7,1
Acacia perryi,Ononis geminiflora,0.1814,not synonym,sentence-transformers/all-MiniLM-L6-v2,0.7,0
Nissolia brasiliensis,Securidaca scandens,0.2525,not synonym,sentence-transformers/all-MiniLM-L6-v2,0.7,0
Asemeia extraaxillaris,Racosperma brachycladum,0.3164,not synonym,sentence-transformers/all-MiniLM-L6-v2,0.7,0
Archidendron bubalinum,Feuilleea bubalina,0.3863,not synonym,sentence-transformers/all-MiniLM-L6-v2,0.7,1
Genista fasselata,Drepanocarpus polyphyllus,0.2987,not synonym,sentence-transformers/all-MiniLM-L6-v2,0.7,0
Calophaca tianschanica,Inga rufiseta,0.3302,not synonym,sentence-transformers/all-MiniLM-L6-v2,0.7,0
Gastrolobium coriaceum,Flemingia strobilifera,0.3575,not synonym,sentence-transformers/all-MiniLM-L6-v2,0.7,0
Gastrolobium racemosum,Oxylobium racemosum,0.6892,not synonym,sentence-transformers/all-MiniLM-L6-v2,0.7,1
Bouffordia dichotoma,Desmodium diffusum,0.3909,not synonym,sentence-transformers/all-MiniLM-L6-v2,0.7,1
Archidendron occultatum,Phaseolus reptans,0.194,not synonym,sentence-transformers/all-MiniLM-L6-v2,0.7,0
Inga pulcherrima,Inga pulcherrima,1.0,synonym,sentence-transformers/all-MiniLM-L6-v2,0.7,1
Millettia fruticosa,Phaseoloides fruticosum,0.6108,not synonym,sentence-transformers/all-MiniLM-L6-v2,0.7,1
Dahlstedtia muehlbergiana,Abarema hendersonii,0.44,not synonym,sentence-transformers/all-MiniLM-L6-v2,0.7,0
Gastrolobium celsianum,Brachysema acuminatum,0.3408,not synonym,sentence-transformers/all-MiniLM-L6-v2,0.7,1
Gymnospora violoides,Polygala maritima,0.4057,not synonym,sentence-transformers/all-MiniLM-L6-v2,0.7,1
Flemingia trifoliata,Asemeia leoides,0.3618,not synonym,sentence-transformers/all-MiniLM-L6-v2,0.7,0
Acacia deltoidea,Racosperma deltoideum,0.3742,not synonym,sentence-transformers/all-MiniLM-L6-v2,0.7,1
Muraltia spinosa,Eysenhardtia cobriformis,0.1353,not synonym,sentence-transformers/all-MiniLM-L6-v2,0.7,0
Inga pilosula,Inga sanctae-annae,0.6095,not synonym,sentence-transformers/all-MiniLM-L6-v2,0.7,1
Dahlstedtia castaneifolia,Polygala martii,0.2989,not synonym,sentence-transformers/all-MiniLM-L6-v2,0.7,0
Genista canariensis,Cytisus hillebrandtii,0.292,not synonym,sentence-transformers/all-MiniLM-L6-v2,0.7,1
Genista radiata,Asterocytisus radiatus,0.2681,not synonym,sentence-transformers/all-MiniLM-L6-v2,0.7,1
Calliandra foliolosa,Moghania involucrata,0.4884,not synonym,sentence-transformers/all-MiniLM-L6-v2,0.7,0
Muraltia squarrosa,Muraltia ruscifolia,0.6435,not synonym,sentence-transformers/all-MiniLM-L6-v2,0.7,1
Eleiotis sororia,Glycine monophyllos,0.1714,not synonym,sentence-transformers/all-MiniLM-L6-v2,0.7,1
Lotus maritimus,Mundia kraussiana,0.3789,not synonym,sentence-transformers/all-MiniLM-L6-v2,0.7,0
Caamembeca andina,Polygala formosa,0.4664,not synonym,sentence-transformers/all-MiniLM-L6-v2,0.7,1
Genista stenopetala,Pithecellobium crateradenum,0.1981,not synonym,sentence-transformers/all-MiniLM-L6-v2,0.7,0
Chorizema aciculare,Chorizema aciculare,1.0,synonym,sentence-transformers/all-MiniLM-L6-v2,0.7,1
Lotus fulgurans,Ononis elegans,0.3285,not synonym,sentence-transformers/all-MiniLM-L6-v2,0.7,0
Inga sapindoides,Feuilleea sapindoides,0.6248,not synonym,sentence-transformers/all-MiniLM-L6-v2,0.7,1
Calliandra purdiaei,Feuilleea purdiaei,0.6525,not synonym,sentence-transformers/all-MiniLM-L6-v2,0.7,1
Polygala caudata,Comesperma longifolium,0.3165,not synonym,sentence-transformers/all-MiniLM-L6-v2,0.7,0
Muraltia angulosa,Dorycnium monspeliense,0.2213,not synonym,sentence-transformers/all-MiniLM-L6-v2,0.7,0
Humularia mendoncae,Ononis praecox,0.3969,not synonym,sentence-transformers/all-MiniLM-L6-v2,0.7,0
Ononis cephalotes,Ononis montana,0.572,not synonym,sentence-transformers/all-MiniLM-L6-v2,0.7,1
Xanthophyllum vitellinum,Xanthophyllum curtisii,0.8361,synonym,sentence-transformers/all-MiniLM-L6-v2,0.7,1
Echinospartum boissieri,Echinospartum webbii,0.7803,synonym,sentence-transformers/all-MiniLM-L6-v2,0.7,1
Archidendron glabrum,Albizia hansemannii,0.1335,not synonym,sentence-transformers/all-MiniLM-L6-v2,0.7,1
Calliandra peninsularis,Anneslia lagunae,0.3307,not synonym,sentence-transformers/all-MiniLM-L6-v2,0.7,1
Apios americana,Acacia subfalcata,0.1986,not synonym,sentence-transformers/all-MiniLM-L6-v2,0.7,0
Monnina cardiocarpa,Pteromonnina cardiocarpa,0.7194,synonym,sentence-transformers/all-MiniLM-L6-v2,0.7,1
Hoita macrostachya,Acacia striata,0.2211,not synonym,sentence-transformers/all-MiniLM-L6-v2,0.7,0
Camptosema rubicundum,Camptosema splendens,0.7341,synonym,sentence-transformers/all-MiniLM-L6-v2,0.7,1
Monnina cestrifolia,Racosperma eglandulosum,0.2646,not synonym,sentence-transformers/all-MiniLM-L6-v2,0.7,0
Microcharis garissaensis,Archidendron alatum,0.1735,not synonym,sentence-transformers/all-MiniLM-L6-v2,0.7,0
Polygala karensium,Oxylobium luteifolium,0.3689,not synonym,sentence-transformers/all-MiniLM-L6-v2,0.7,0
Eleiotis rottleri,Eleiotis trifoliata,0.5524,not synonym,sentence-transformers/all-MiniLM-L6-v2,0.7,1
Hippocrepis unisiliquosa,Comesperma latifolium,0.259,not synonym,sentence-transformers/all-MiniLM-L6-v2,0.7,0
Archidendron grandiflorum,Abarema grandiflora,0.4305,not synonym,sentence-transformers/all-MiniLM-L6-v2,0.7,1
Lupinus velutinus,Lupinus vaginans,0.6949,not synonym,sentence-transformers/all-MiniLM-L6-v2,0.7,1
Inga sapindoides,Inga alatopetiola,0.551,not synonym,sentence-transformers/all-MiniLM-L6-v2,0.7,1
Muraltia obovata,Polygala juncoides,0.3152,not synonym,sentence-transformers/all-MiniLM-L6-v2,0.7,0
Polygala macroptera,Monnina longifolia,0.1933,not synonym,sentence-transformers/all-MiniLM-L6-v2,0.7,0
Dialium schlechteri,Andradia arborea,0.2818,not synonym,sentence-transformers/all-MiniLM-L6-v2,0.7,1
Millettia splendens,Phaseolodes splendens,0.5296,not synonym,sentence-transformers/all-MiniLM-L6-v2,0.7,1
Archidendron chevalieri,Senega telephium,0.1777,not synonym,sentence-transformers/all-MiniLM-L6-v2,0.7,0
Amphicarpaea bracteata,Amphicarpaea cuspidata,0.7355,synonym,sentence-transformers/all-MiniLM-L6-v2,0.7,1
Acacia echinuliflora,Feuilleea martinicensis,0.3005,not synonym,sentence-transformers/all-MiniLM-L6-v2,0.7,0
Asemeia monninoides,Polygala communis,0.316,not synonym,sentence-transformers/all-MiniLM-L6-v2,0.7,1
Adenopodia patens,Inga patens,0.3323,not synonym,sentence-transformers/all-MiniLM-L6-v2,0.7,1
Muraltia depressa,Polygala humilis,0.3421,not synonym,sentence-transformers/all-MiniLM-L6-v2,0.7,1
Salomonia cantoniensis,Salomonia petiolata,0.7146,synonym,sentence-transformers/all-MiniLM-L6-v2,0.7,1
Monnina martiana,Genista minor,0.2435,not synonym,sentence-transformers/all-MiniLM-L6-v2,0.7,0
Myroxylon peruiferum,Inga attenuata,0.2471,not synonym,sentence-transformers/all-MiniLM-L6-v2,0.7,0
Brachypterum scandens,Xanthophyllum roxburghianum,0.2695,not synonym,sentence-transformers/all-MiniLM-L6-v2,0.7,0
Monnina densa,Monnina densa,1.0,synonym,sentence-transformers/all-MiniLM-L6-v2,0.7,1
Calliandra parvifolia,Corniola lucida,0.4185,not synonym,sentence-transformers/all-MiniLM-L6-v2,0.7,0
Acacia ericksoniae,Brasilettia violacea,0.3622,not synonym,sentence-transformers/all-MiniLM-L6-v2,0.7,0
Chorizema cordatum,Acacia setigera,0.2194,not synonym,sentence-transformers/all-MiniLM-L6-v2,0.7,0
Monnina ciliolata,Monnina stenophylla,0.723,synonym,sentence-transformers/all-MiniLM-L6-v2,0.7,1
Lotus biflorus,Geissaspis vanderysti,0.2204,not synonym,sentence-transformers/all-MiniLM-L6-v2,0.7,0
Quillaja brasiliensis,Heisteria fasciculata,0.429,not synonym,sentence-transformers/all-MiniLM-L6-v2,0.7,0
Adenopodia patens,Entada patens,0.3199,not synonym,sentence-transformers/all-MiniLM-L6-v2,0.7,1
Padbruggea filipes,Flemingia affinis,0.3913,not synonym,sentence-transformers/all-MiniLM-L6-v2,0.7,0
Hebecarpa caracasana,Polygala caracasana,0.7116,synonym,sentence-transformers/all-MiniLM-L6-v2,0.7,1
Calobota sericea,Atroxima zenkeri,0.3301,not synonym,sentence-transformers/all-MiniLM-L6-v2,0.7,0
Flemingia procumbens,Monnina coriacea,0.3203,not synonym,sentence-transformers/all-MiniLM-L6-v2,0.7,0
Lotus villicarpus,Lotus eriosolen,0.6138,not synonym,sentence-transformers/all-MiniLM-L6-v2,0.7,1
Dimorphandra vernicosa,Emurus major,0.2114,not synonym,sentence-transformers/all-MiniLM-L6-v2,0.7,0
Archidendron molle,Pithecellobium molle,0.5058,not synonym,sentence-transformers/all-MiniLM-L6-v2,0.7,1
Calobota spinescens,Lebeckia spinescens,0.6401,not synonym,sentence-transformers/all-MiniLM-L6-v2,0.7,1
Bossiaea scolopendria,Muraltia fasciculata,0.303,not synonym,sentence-transformers/all-MiniLM-L6-v2,0.7,0
Calobota saharae,Lupinus reticularis,0.1687,not synonym,sentence-transformers/all-MiniLM-L6-v2,0.7,0
Salomonia ciliata,Genista carpetana,0.3727,not synonym,sentence-transformers/all-MiniLM-L6-v2,0.7,0
Berlinia occidentalis,Berlinia bracteosa,0.7902,synonym,sentence-transformers/all-MiniLM-L6-v2,0.7,1
Cyclopia intermedia,Cyclopia aurea,0.8322,synonym,sentence-transformers/all-MiniLM-L6-v2,0.7,1
Dialium pobeguinii,Feuilleea pilosula,0.3159,not synonym,sentence-transformers/all-MiniLM-L6-v2,0.7,0
Chorizema aciculare,Podolobium aciculare,0.5509,not synonym,sentence-transformers/all-MiniLM-L6-v2,0.7,1
Genista polyanthos,Genista polyanthos,1.0,synonym,sentence-transformers/all-MiniLM-L6-v2,0.7,1
Lotus angustissimus,Lotus canescens,0.6825,not synonym,sentence-transformers/all-MiniLM-L6-v2,0.7,1
Machaerium bondaense,Salmonea cantoniensis,0.2876,not synonym,sentence-transformers/all-MiniLM-L6-v2,0.7,0
Glycine tomentella,Affonsea pedunculata,0.2824,not synonym,sentence-transformers/all-MiniLM-L6-v2,0.7,0
Berlinia bracteosa,Macroberlinia bracteosa,0.6142,not synonym,sentence-transformers/all-MiniLM-L6-v2,0.7,1
Erythrostemon palmeri,Asemeia carnea,0.3737,not synonym,sentence-transformers/all-MiniLM-L6-v2,0.7,0
Acacia hamiltoniana,Chaetocalyx schottii,0.2133,not synonym,sentence-transformers/all-MiniLM-L6-v2,0.7,0
Hoita orbicularis,Psoralea orbicularis,0.656,not synonym,sentence-transformers/all-MiniLM-L6-v2,0.7,1
Flemingia macrophylla,Moghania sericans,0.3184,not synonym,sentence-transformers/all-MiniLM-L6-v2,0.7,1
Archidendron apoense,Dorycnium quinatum,0.2715,not synonym,sentence-transformers/all-MiniLM-L6-v2,0.7,0
Polygala subandina,Polygala chloroneura,0.716,synonym,sentence-transformers/all-MiniLM-L6-v2,0.7,1
Gilbertiodendron demonstrans,Gilbertiodendron dinklagei,0.7167,synonym,sentence-transformers/all-MiniLM-L6-v2,0.7,1
Genista splendens,Teline splendens,0.5254,not synonym,sentence-transformers/all-MiniLM-L6-v2,0.7,1
Genista spachiana,Cytisus genistoides,0.2942,not synonym,sentence-transformers/all-MiniLM-L6-v2,0.7,1
Cyclopia meyeriana,Cyclopia montana,0.7074,synonym,sentence-transformers/all-MiniLM-L6-v2,0.7,1
Monnina bonplandiana,Inga sciadodendron,0.4434,not synonym,sentence-transformers/all-MiniLM-L6-v2,0.7,0
Diphysa americana,Diphysa carthaginensis,0.7478,synonym,sentence-transformers/all-MiniLM-L6-v2,0.7,1
Ononis diffusa,Acacia metrosiderifolia,0.2305,not synonym,sentence-transformers/all-MiniLM-L6-v2,0.7,0
Hebecarpa ovatifolia,Polygala nutkana,0.3947,not synonym,sentence-transformers/all-MiniLM-L6-v2,0.7,1
Dialium zenkeri,Dialium acuminatum,0.5721,not synonym,sentence-transformers/all-MiniLM-L6-v2,0.7,1
Xanthophyllum havilandii,Xanthophyllum hosei,0.8348,synonym,sentence-transformers/all-MiniLM-L6-v2,0.7,1
Genista anglica,Scorpius anglicus,0.3462,not synonym,sentence-transformers/all-MiniLM-L6-v2,0.7,1
Monnina lehmanniana,Millettia cyanantha,0.4021,not synonym,sentence-transformers/all-MiniLM-L6-v2,0.7,0
Calliandra chilensis,Feuilleea chilensis,0.5955,not synonym,sentence-transformers/all-MiniLM-L6-v2,0.7,1
Genista germanica,Genista kochii,0.5457,not synonym,sentence-transformers/all-MiniLM-L6-v2,0.7,1
Monnina latifolia,Nemcia obovata,0.2562,not synonym,sentence-transformers/all-MiniLM-L6-v2,0.7,0
Asemeia violacea,Polygala huberiana,0.1647,not synonym,sentence-transformers/all-MiniLM-L6-v2,0.7,1
Erythrostemon yucatanensis,Archidendron schlechteri,0.1243,not synonym,sentence-transformers/all-MiniLM-L6-v2,0.7,0
Genista pilosa,Bonjeanea hirta,0.3489,not synonym,sentence-transformers/all-MiniLM-L6-v2,0.7,0
Archidendron minahassae,Coronilla emerus,0.2822,not synonym,sentence-transformers/all-MiniLM-L6-v2,0.7,0
Chesneya paucifoliolata,Spongiocarpella paucifoliolata,0.7394,synonym,sentence-transformers/all-MiniLM-L6-v2,0.7,1
Salomonia ciliata,Astragalus gibberosus,0.3536,not synonym,sentence-transformers/all-MiniLM-L6-v2,0.7,0
Lotus graecus,Dorycnium latifolium,0.3467,not synonym,sentence-transformers/all-MiniLM-L6-v2,0.7,1
Hebecarpa macradenia,Polygala macradenia,0.64,not synonym,sentence-transformers/all-MiniLM-L6-v2,0.7,1
Betencourtia gracillima,Heisteria beiliana,0.4902,not synonym,sentence-transformers/all-MiniLM-L6-v2,0.7,0
Dahlstedtia araripensis,Derris araripensis,0.6797,not synonym,sentence-transformers/all-MiniLM-L6-v2,0.7,1
Archidendron poilanei,Muraltia macroceratia,0.2639,not synonym,sentence-transformers/all-MiniLM-L6-v2,0.7,0
Lotus herbaceus,Lotus dorycnium,0.5744,not synonym,sentence-transformers/all-MiniLM-L6-v2,0.7,1
Acacia isoneura,Racosperma isoneurum,0.2588,not synonym,sentence-transformers/all-MiniLM-L6-v2,0.7,1
Ononis striata,Ononis reclinata,0.7583,synonym,sentence-transformers/all-MiniLM-L6-v2,0.7,1
Acacia genistifolia,Macrolobium benthamii,0.2205,not synonym,sentence-transformers/all-MiniLM-L6-v2,0.7,0
Flemingia parvifolia,Corniola microphylla,0.3949,not synonym,sentence-transformers/all-MiniLM-L6-v2,0.7,0
Muraltia juniperifolia,Mundia desertorum,0.3616,not synonym,sentence-transformers/all-MiniLM-L6-v2,0.7,1
Eleiotis sororia,Hallia sororia,0.7099,synonym,sentence-transformers/all-MiniLM-L6-v2,0.7,1
Monnina leptostachya,Pteromonnina leptostachya,0.6847,not synonym,sentence-transformers/all-MiniLM-L6-v2,0.7,1
Dolichopsis monticola,Derris eriocarpa,0.2784,not synonym,sentence-transformers/all-MiniLM-L6-v2,0.7,0
Genista anatolica,Genista oliveri,0.6531,not synonym,sentence-transformers/all-MiniLM-L6-v2,0.7,1
Inga lentiscifolia,Feuilleea lentiscifolia,0.7013,synonym,sentence-transformers/all-MiniLM-L6-v2,0.7,1
Kotschya africana,Damapana africana,0.6667,not synonym,sentence-transformers/all-MiniLM-L6-v2,0.7,1
Lotus subbiflorus,Lotus suaveolens,0.7006,synonym,sentence-transformers/all-MiniLM-L6-v2,0.7,1
Muraltia alopecuroides,Muraltia macroceras,0.6225,not synonym,sentence-transformers/all-MiniLM-L6-v2,0.7,1
Genista ephedroides,Nemcia pyramidalis,0.2223,not synonym,sentence-transformers/all-MiniLM-L6-v2,0.7,0
Glycine max,Julbernardia normandii,0.1893,not synonym,sentence-transformers/all-MiniLM-L6-v2,0.7,0
Lotus quinatus,Polygala linearis,0.282,not synonym,sentence-transformers/all-MiniLM-L6-v2,0.7,0
Genista linifolia,Spartium linifolium,0.3635,not synonym,sentence-transformers/all-MiniLM-L6-v2,0.7,1
Genista canariensis,Genista philippii,0.6363,not synonym,sentence-transformers/all-MiniLM-L6-v2,0.7,1
Securidaca rivinifolia,Elsota elliptica,0.3267,not synonym,sentence-transformers/all-MiniLM-L6-v2,0.7,0
Securidaca virgata,Elsota virgata,0.7073,synonym,sentence-transformers/all-MiniLM-L6-v2,0.7,1
Lupinus fulcratus,Abarema gracillima,0.3219,not synonym,sentence-transformers/all-MiniLM-L6-v2,0.7,0
Coulteria cubensis,Brasilettia violacea,0.3505,not synonym,sentence-transformers/all-MiniLM-L6-v2,0.7,1
Inga ornata,Discolobium paucijugum,0.2677,not synonym,sentence-transformers/all-MiniLM-L6-v2,0.7,0
Calliandra angustifolia,Calliandra subnervosa,0.6111,not synonym,sentence-transformers/all-MiniLM-L6-v2,0.7,1
Flemingia tuberosa,Xanthophyllum multiramosum,0.2922,not synonym,sentence-transformers/all-MiniLM-L6-v2,0.7,0
Xanthophyllum obscurum,Banisterodes insigne,0.2375,not synonym,sentence-transformers/all-MiniLM-L6-v2,0.7,1
Lotus conimbricensis,Lotus trichocarpus,0.5893,not synonym,sentence-transformers/all-MiniLM-L6-v2,0.7,1
Chorizema carinatum,Chorizema chandleri,0.6515,not synonym,sentence-transformers/all-MiniLM-L6-v2,0.7,1
Nissolia bicallosa,Nissolia fruticosa,0.7644,synonym,sentence-transformers/all-MiniLM-L6-v2,0.7,1
Xanthophyllum vitellinum,Bionia acuminata,0.2836,not synonym,sentence-transformers/all-MiniLM-L6-v2,0.7,0
Microcharis contorta,Brasilettia pubescens,0.3396,not synonym,sentence-transformers/all-MiniLM-L6-v2,0.7,0
Comesperma calymega,Indigofera karinensis,0.318,not synonym,sentence-transformers/all-MiniLM-L6-v2,0.7,0
Muraltia muraltioides,Polygala muraltioides,0.7712,synonym,sentence-transformers/all-MiniLM-L6-v2,0.7,1
Flemingia kerrii,Racosperma kenneallyi,0.389,not synonym,sentence-transformers/all-MiniLM-L6-v2,0.7,0
Acacia neumanniana,Nissolia firma,0.321,not synonym,sentence-transformers/all-MiniLM-L6-v2,0.7,0
Gastrolobium dilatatum,Lotus macrotrichus,0.4283,not synonym,sentence-transformers/all-MiniLM-L6-v2,0.7,0
Xanthophyllum vitellinum,Lotus arabicus,0.3368,not synonym,sentence-transformers/all-MiniLM-L6-v2,0.7,0
Asemeia pseudohebeclada,Polygala pseudohebeclada,0.6264,not synonym,sentence-transformers/all-MiniLM-L6-v2,0.7,1
Calliandra harrisii,Inga similis,0.2457,not synonym,sentence-transformers/all-MiniLM-L6-v2,0.7,0
Eminia holubii,Telinaria cinerea,0.4137,not synonym,sentence-transformers/all-MiniLM-L6-v2,0.7,0
Archidendron clypearia,Inga clyperia,0.4816,not synonym,sentence-transformers/all-MiniLM-L6-v2,0.7,1
Polygala ludwigiana,Ononis morissonii,0.4479,not synonym,sentence-transformers/all-MiniLM-L6-v2,0.7,0
Quillaja saponaria,Leucoxyla saponaria,0.5747,not synonym,sentence-transformers/all-MiniLM-L6-v2,0.7,1
Eysenhardtia polystachya,Wiborgia amorphodes,0.3353,not synonym,sentence-transformers/all-MiniLM-L6-v2,0.7,1
Monnina boliviana,Monnina bangii,0.6956,not synonym,sentence-transformers/all-MiniLM-L6-v2,0.7,1
Bredemeyera divaricata,Centrolobium orinocense,0.304,not synonym,sentence-transformers/all-MiniLM-L6-v2,0.7,0
Acanthocladus brasiliensis,Polygala klotzschii,0.3066,not synonym,sentence-transformers/all-MiniLM-L6-v2,0.7,1
Polygala major,Cyrtotropis carnea,0.1644,not synonym,sentence-transformers/all-MiniLM-L6-v2,0.7,0
Polygala gayii,Polygala stricta,0.8003,synonym,sentence-transformers/all-MiniLM-L6-v2,0.7,1
Kotschya stolonifera,Smithia stolonifera,0.5879,not synonym,sentence-transformers/all-MiniLM-L6-v2,0.7,1
Bossiaea cinerea,Feuilleea purdiaei,0.471,not synonym,sentence-transformers/all-MiniLM-L6-v2,0.7,0
Herpyza grandiflora,Teramnus grandiflorus,0.463,not synonym,sentence-transformers/all-MiniLM-L6-v2,0.7,1
Archidendron aruense,Archidendron incurvatum,0.7222,synonym,sentence-transformers/all-MiniLM-L6-v2,0.7,1
Erythrostemon melanadenius,Swartzia branchystachya,0.3418,not synonym,sentence-transformers/all-MiniLM-L6-v2,0.7,0
Flemingia macrophylla,Nissolia quinata,0.3721,not synonym,sentence-transformers/all-MiniLM-L6-v2,0.7,0
Xanthophyllum flavescens,Jackia excelsa,0.2485,not synonym,sentence-transformers/all-MiniLM-L6-v2,0.7,1
Hebecarpa velutina,Polygala velutina,0.5185,not synonym,sentence-transformers/all-MiniLM-L6-v2,0.7,1
Nissolia tomentosa,Isodesmia tomentosa,0.6165,not synonym,sentence-transformers/all-MiniLM-L6-v2,0.7,1
Fairchildia panamensis,Anneslia pedicellata,0.3936,not synonym,sentence-transformers/all-MiniLM-L6-v2,0.7,0
Monnina richardiana,Pteromonnina richardiana,0.6804,not synonym,sentence-transformers/all-MiniLM-L6-v2,0.7,1
Archidendron jiringa,Inga kaeringa,0.3539,not synonym,sentence-transformers/all-MiniLM-L6-v2,0.7,1
Calliandra comosa,Pithecellobium comosum,0.4674,not synonym,sentence-transformers/all-MiniLM-L6-v2,0.7,1
Flemingia trifoliata,Smithia schweinfurthii,0.2943,not synonym,sentence-transformers/all-MiniLM-L6-v2,0.7,0
Glycine monantha,Chamaebuxus alpestris,0.2137,not synonym,sentence-transformers/all-MiniLM-L6-v2,0.7,0
Padbruggea maingayi,Caesalpinia macvaughii,0.3679,not synonym,sentence-transformers/all-MiniLM-L6-v2,0.7,0
Lotus gussonei,Genista pteroclada,0.3361,not synonym,sentence-transformers/all-MiniLM-L6-v2,0.7,0
Chorizema parviflorum,Maughania phursia,0.3616,not synonym,sentence-transformers/all-MiniLM-L6-v2,0.7,0
Muraltia acipetala,Heistera acipetala,0.6729,not synonym,sentence-transformers/all-MiniLM-L6-v2,0.7,1
Erythrostemon fimbriatus,Caesalpinia fimbriata,0.4531,not synonym,sentence-transformers/all-MiniLM-L6-v2,0.7,1
Calliandra humilis,Lotus dorycnium,0.2688,not synonym,sentence-transformers/all-MiniLM-L6-v2,0.7,0
Lotus argyrodes,Lotus mandonii,0.6632,not synonym,sentence-transformers/all-MiniLM-L6-v2,0.7,1
Calliandra magdalenae,Anneslia magdalenae,0.7021,synonym,sentence-transformers/all-MiniLM-L6-v2,0.7,1
Calliandra humilis,Feuilleea humilis,0.5854,not synonym,sentence-transformers/all-MiniLM-L6-v2,0.7,1
Inga pleiogyna,Affonsea grandiflora,0.4954,not synonym,sentence-transformers/all-MiniLM-L6-v2,0.7,1
Xanthophyllum vitellinum,Monopetalanthus jenseniae,0.3262,not synonym,sentence-transformers/all-MiniLM-L6-v2,0.7,0
Machaerium polyphyllum,Lotus glaucus,0.29,not synonym,sentence-transformers/all-MiniLM-L6-v2,0.7,0
Microcharis welwitschii,Indigofera welwitschii,0.4394,not synonym,sentence-transformers/all-MiniLM-L6-v2,0.7,1
Inga capitata,Inga sarmentosa,0.677,not synonym,sentence-transformers/all-MiniLM-L6-v2,0.7,1
Acacia anomala,Heistera ericoides,0.3768,not synonym,sentence-transformers/all-MiniLM-L6-v2,0.7,0
Dysolobium dolichoides,Dolichos dasycarpus,0.4042,not synonym,sentence-transformers/all-MiniLM-L6-v2,0.7,1
Calobota angustifolia,Eutaxia reticulata,0.382,not synonym,sentence-transformers/all-MiniLM-L6-v2,0.7,0
Genista albida,Genista tomentella,0.6764,not synonym,sentence-transformers/all-MiniLM-L6-v2,0.7,1
Calliandra hirsuta,Cojoba siltepecensis,0.346,not synonym,sentence-transformers/all-MiniLM-L6-v2,0.7,1
Inga pleiogyna,Acacia squarrosa,0.3407,not synonym,sentence-transformers/all-MiniLM-L6-v2,0.7,0
Genista micrantha,Genista stylosa,0.7452,synonym,sentence-transformers/all-MiniLM-L6-v2,0.7,1
Rhinotropis subspinosa,Polygala subspinosa,0.5384,not synonym,sentence-transformers/all-MiniLM-L6-v2,0.7,1
Comesperma scoparium,Bredemeyera scoparia,0.5665,not synonym,sentence-transformers/all-MiniLM-L6-v2,0.7,1
Millettia aboensis,Inga fredoniana,0.3917,not synonym,sentence-transformers/all-MiniLM-L6-v2,0.7,0
Xanthophyllum flavescens,Corniola ferox,0.3777,not synonym,sentence-transformers/all-MiniLM-L6-v2,0.7,0
Machaerium isadelphum,Machaerium tobagense,0.5723,not synonym,sentence-transformers/all-MiniLM-L6-v2,0.7,1
Nissolia nigricans,Chesniella gansuensis,0.4341,not synonym,sentence-transformers/all-MiniLM-L6-v2,0.7,0
Lotus jolyi,Cyclopia aurea,0.2027,not synonym,sentence-transformers/all-MiniLM-L6-v2,0.7,0
Chesneya nubigena,Astragalus larkyaensis,0.2573,not synonym,sentence-transformers/all-MiniLM-L6-v2,0.7,1
Lupinus andersonii,Polygala attenuata,0.3218,not synonym,sentence-transformers/all-MiniLM-L6-v2,0.7,0
Gastrolobium coriaceum,Oxylobium coriaceum,0.7099,synonym,sentence-transformers/all-MiniLM-L6-v2,0.7,1
Salomonia ciliata,Salomonia arnottiana,0.8258,synonym,sentence-transformers/all-MiniLM-L6-v2,0.7,1
Dialium dinklagei,Ononis pyramidalis,0.3194,not synonym,sentence-transformers/all-MiniLM-L6-v2,0.7,0
Monnina marginata,Monnina peruviana,0.6381,not synonym,sentence-transformers/all-MiniLM-L6-v2,0.7,1
Kotschya eurycalyx,Smithia eurycalyx,0.616,not synonym,sentence-transformers/all-MiniLM-L6-v2,0.7,1
Muraltia aspalatha,Polygala santosii,0.4318,not synonym,sentence-transformers/all-MiniLM-L6-v2,0.7,0
Inga pilosula,Lotus pacificus,0.2293,not synonym,sentence-transformers/all-MiniLM-L6-v2,0.7,0
Archidendron glomeriflorum,Drepanocarpus salvadorensis,0.2921,not synonym,sentence-transformers/all-MiniLM-L6-v2,0.7,0
Hebecarpa obscura,Caesalpinia acapulcensis,0.283,not synonym,sentence-transformers/all-MiniLM-L6-v2,0.7,0
Diphysa carthagenensis,Badiera caracasana,0.2473,not synonym,sentence-transformers/all-MiniLM-L6-v2,0.7,0
Lotus berthelotii,Pedrosia berthelotii,0.6407,not synonym,sentence-transformers/all-MiniLM-L6-v2,0.7,1
Ancistrotropis serrana,Vigna serrana,0.6101,not synonym,sentence-transformers/all-MiniLM-L6-v2,0.7,1
Millettia barteri,Millettia cavitensis,0.6449,not synonym,sentence-transformers/all-MiniLM-L6-v2,0.7,0
Flemingia paniculata,Maughania sarmentosa,0.2537,not synonym,sentence-transformers/all-MiniLM-L6-v2,0.7,1
Ononis fruticosa,Geissaspis bifoliolata,0.4032,not synonym,sentence-transformers/all-MiniLM-L6-v2,0.7,0
Acacia ingramii,Caesalpinia bangii,0.4862,not synonym,sentence-transformers/all-MiniLM-L6-v2,0.7,0
Glycine max,Dolichos sofa,0.1288,not synonym,sentence-transformers/all-MiniLM-L6-v2,0.7,1
Archidendron sessile,Archdendron vandersijdei,0.5617,not synonym,sentence-transformers/all-MiniLM-L6-v2,0.7,1
Polygala cneorum,Grona grahamii,0.272,not synonym,sentence-transformers/all-MiniLM-L6-v2,0.7,0
Monnina mollis,Teline osmariensis,0.1955,not synonym,sentence-transformers/all-MiniLM-L6-v2,0.7,0
Chorizema carinatum,Ononis latifolia,0.2583,not synonym,sentence-transformers/all-MiniLM-L6-v2,0.7,0
Genista monspessulana,Cytisus monspessulanus,0.4028,not synonym,sentence-transformers/all-MiniLM-L6-v2,0.7,1
Kotschya carsonii,Smithia carsonii,0.6253,not synonym,sentence-transformers/all-MiniLM-L6-v2,0.7,1
Archidendron alternifoliolatum,Cylindrokelupha alternifoliolata,0.5873,not synonym,sentence-transformers/all-MiniLM-L6-v2,0.7,1
Brachypterum microphyllum,Pithecellobium apoense,0.2911,not synonym,sentence-transformers/all-MiniLM-L6-v2,0.7,0
Genista horrida,Flemingia pycnantha,0.2601,not synonym,sentence-transformers/all-MiniLM-L6-v2,0.7,0
Dialium guineense,Oxylobium drummondii,0.221,not synonym,sentence-transformers/all-MiniLM-L6-v2,0.7,0
Berlinia giorgii,Berlinia cabrae,0.7457,synonym,sentence-transformers/all-MiniLM-L6-v2,0.7,1
Chesneya gracilis,Chesniella gracilis,0.8398,synonym,sentence-transformers/all-MiniLM-L6-v2,0.7,1
Polygala cneorum,Aprevalia floribunda,0.4034,not synonym,sentence-transformers/all-MiniLM-L6-v2,0.7,0
Ononis arborescens,Deguelia microphylla,0.3771,not synonym,sentence-transformers/all-MiniLM-L6-v2,0.7,0
Calliandra caeciliae,Anneslia caeciliae,0.5627,not synonym,sentence-transformers/all-MiniLM-L6-v2,0.7,1
Calophaca wolgarica,Meibomia ormocarpodes,0.1449,not synonym,sentence-transformers/all-MiniLM-L6-v2,0.7,0
Flemingia rollae,Ononis villosissima,0.2039,not synonym,sentence-transformers/all-MiniLM-L6-v2,0.7,0
Eminia antennulifera,Rhynchosia antennulifera,0.5338,not synonym,sentence-transformers/all-MiniLM-L6-v2,0.7,1
Monnina cestrifolia,Monnina lingua,0.5394,not synonym,sentence-transformers/all-MiniLM-L6-v2,0.7,1
Millettia richardiana,Hedysarum sericeum,0.3819,not synonym,sentence-transformers/all-MiniLM-L6-v2,0.7,0
Xanthophyllum wrayi,Dialium divaricatum,0.39,not synonym,sentence-transformers/all-MiniLM-L6-v2,0.7,0
Berlinia giorgii,Lotus atrococcineus,0.3395,not synonym,sentence-transformers/all-MiniLM-L6-v2,0.7,0
Genista sagittalis,Saltzwedelia sagittalis,0.6923,not synonym,sentence-transformers/all-MiniLM-L6-v2,0.7,1
Glycine canescens,Monnina arborescens,0.301,not synonym,sentence-transformers/all-MiniLM-L6-v2,0.7,0
Coulteria mollis,Brasilettia mollis,0.5475,not synonym,sentence-transformers/all-MiniLM-L6-v2,0.7,1
Berlinia giorgii,Cytisus candicans,0.2874,not synonym,sentence-transformers/all-MiniLM-L6-v2,0.7,0
Gastrolobium crenulatum,Nemcia crenulata,0.4765,not synonym,sentence-transformers/all-MiniLM-L6-v2,0.7,1
Ancylotropis insignis,Anneslia brevipes,0.2259,not synonym,sentence-transformers/all-MiniLM-L6-v2,0.7,0
Hoffmannseggia repens,Hoffmanseggia repens,0.8069,synonym,sentence-transformers/all-MiniLM-L6-v2,0.7,1
Brachypterum cumingii,Hoita longiloba,0.1133,not synonym,sentence-transformers/all-MiniLM-L6-v2,0.7,0
Calliandra haematocephala,Berlinia auriculata,0.3381,not synonym,sentence-transformers/all-MiniLM-L6-v2,0.7,0
Hippocrepis comosa,Lissera germanica,0.2231,not synonym,sentence-transformers/all-MiniLM-L6-v2,0.7,0
Genista dorycnifolia,Bonaga arvensis,0.2292,not synonym,sentence-transformers/all-MiniLM-L6-v2,0.7,0
Microcharis sessilis,Indigofera sessilis,0.4341,not synonym,sentence-transformers/all-MiniLM-L6-v2,0.7,1
Chorizema varium,Chorizema varium,1.0,synonym,sentence-transformers/all-MiniLM-L6-v2,0.7,1
Monnina pubescens,Hebeandra pubescens,0.6174,not synonym,sentence-transformers/all-MiniLM-L6-v2,0.7,1
Hippocrepis biflora,Hippocrepis monocarpa,0.7435,synonym,sentence-transformers/all-MiniLM-L6-v2,0.7,1
Bredemeyera hebeclada,Bredemeyera velutina,0.6831,not synonym,sentence-transformers/all-MiniLM-L6-v2,0.7,1
Machaerium lindenianum,Monnina huacachiana,0.1609,not synonym,sentence-transformers/all-MiniLM-L6-v2,0.7,0
Disynstemon paullinioides,Hippocrepis rolandi,0.3822,not synonym,sentence-transformers/all-MiniLM-L6-v2,0.7,0
Polygala bracteglandulosa,Polygala bracteglandulosa,1.0,synonym,sentence-transformers/all-MiniLM-L6-v2,0.7,1
Lotus dorycnium,Lotus rectus,0.6402,not synonym,sentence-transformers/all-MiniLM-L6-v2,0.7,1
Kotschya uguenensis,Geissaspis apiculata,0.1743,not synonym,sentence-transformers/all-MiniLM-L6-v2,0.7,0
Flemingia prostrata,Flemingia philippinensis,0.6786,not synonym,sentence-transformers/all-MiniLM-L6-v2,0.7,1
Flemingia fluminalis,Maughania fluminalis,0.6888,not synonym,sentence-transformers/all-MiniLM-L6-v2,0.7,1
Acacia gloeotricha,Lotodes orbiculare,0.2184,not synonym,sentence-transformers/all-MiniLM-L6-v2,0.7,0
Inga meissneriana,Lonchocarpus araripensis,0.1996,not synonym,sentence-transformers/all-MiniLM-L6-v2,0.7,0
Caamembeca oleifolia,Polygala oleaefolia,0.5532,not synonym,sentence-transformers/all-MiniLM-L6-v2,0.7,1
Polygala exilis,Polygala monspeliaca,0.6857,not synonym,sentence-transformers/all-MiniLM-L6-v2,0.7,1
Erythrostemon palmeri,Poinciana palmeri,0.5441,not synonym,sentence-transformers/all-MiniLM-L6-v2,0.7,1
Acacia barringtonensis,Racosperma barringtonense,0.3257,not synonym,sentence-transformers/all-MiniLM-L6-v2,0.7,1
Ebenus longipes,Ebenidium longipes,0.7766,synonym,sentence-transformers/all-MiniLM-L6-v2,0.7,1
Lotus halophilus,Lotus villosus,0.6504,not synonym,sentence-transformers/all-MiniLM-L6-v2,0.7,1
Acacia genistifolia,Lebeckia marginata,0.303,not synonym,sentence-transformers/all-MiniLM-L6-v2,0.7,0
Calobota lotononoides,Lebeckia lotonoides,0.5982,not synonym,sentence-transformers/all-MiniLM-L6-v2,0.7,1
Monnina wrightii,Polygala wrightii,0.5813,not synonym,sentence-transformers/all-MiniLM-L6-v2,0.7,1
Gilbertiodendron mayombense,Polygala violoides,0.1659,not synonym,sentence-transformers/all-MiniLM-L6-v2,0.7,0
Atroxima afzeliana,Chorizema varium,0.3696,not synonym,sentence-transformers/all-MiniLM-L6-v2,0.7,0
Archidendron contortum,Lotus dumetorum,0.3328,not synonym,sentence-transformers/all-MiniLM-L6-v2,0.7,0
Acacia assimilis,Racosperma assimile,0.2694,not synonym,sentence-transformers/all-MiniLM-L6-v2,0.7,1
Genista anatolica,Genista cassia,0.715,synonym,sentence-transformers/all-MiniLM-L6-v2,0.7,1
Polygala japonica,Inga bigemina,0.3163,not synonym,sentence-transformers/all-MiniLM-L6-v2,0.7,0
Lotus hirsutus,Dorycnium hirsutum,0.443,not synonym,sentence-transformers/all-MiniLM-L6-v2,0.7,1
Machaerium incorruptibile,Genista pilosa,0.1631,not synonym,sentence-transformers/all-MiniLM-L6-v2,0.7,0
Archidendron glabrum,Feuilleea axillaris,0.1443,not synonym,sentence-transformers/all-MiniLM-L6-v2,0.7,0
Monnina padifolia,Dansera procera,0.1966,not synonym,sentence-transformers/all-MiniLM-L6-v2,0.7,0
Machaerium reticulatum,Machaerium vellozianum,0.682,not synonym,sentence-transformers/all-MiniLM-L6-v2,0.7,1
Inga multicaulis,Polygala pulcherrima,0.3183,not synonym,sentence-transformers/all-MiniLM-L6-v2,0.7,0
Lotus dorycnium,Lotus digitatus,0.5994,not synonym,sentence-transformers/all-MiniLM-L6-v2,0.7,1
Chorizema lowii,Chorizema lowii,1.0,synonym,sentence-transformers/all-MiniLM-L6-v2,0.7,1
Genista michelii,Banisterodes vitellinum,0.2724,not synonym,sentence-transformers/all-MiniLM-L6-v2,0.7,0
Rhinotropis desertorum,Acacia longissima,0.4561,not synonym,sentence-transformers/all-MiniLM-L6-v2,0.7,0
Hoffmannseggia humilis,Caesalpinia gladiata,0.3454,not synonym,sentence-transformers/all-MiniLM-L6-v2,0.7,1
Decorsea grandidieri,Dorycnium frutescens,0.2772,not synonym,sentence-transformers/all-MiniLM-L6-v2,0.7,0
Flemingia paniculata,Maughania phursia,0.3248,not synonym,sentence-transformers/all-MiniLM-L6-v2,0.7,1
Amblygonocarpus andongensis,Amblygonocarpus obtusangulus,0.8279,synonym,sentence-transformers/all-MiniLM-L6-v2,0.7,1
Monnina dictyocarpa,Feuilleea plana,0.3949,not synonym,sentence-transformers/all-MiniLM-L6-v2,0.7,0
Lotus argyrodes,Lotus sergievskiae,0.6044,not synonym,sentence-transformers/all-MiniLM-L6-v2,0.7,0
Epirixanthes elongata,Salomonia elongata,0.6384,not synonym,sentence-transformers/all-MiniLM-L6-v2,0.7,1
Erythrostemon gilliesii,Caesalpinia macrantha,0.237,not synonym,sentence-transformers/all-MiniLM-L6-v2,0.7,1
Ononis arvensis,Glycine grahamii,0.1329,not synonym,sentence-transformers/all-MiniLM-L6-v2,0.7,0
Genista sagittalis,Euteline sagittalis,0.5977,not synonym,sentence-transformers/all-MiniLM-L6-v2,0.7,1
Inga sapindoides,Dialium acuminatum,0.1682,not synonym,sentence-transformers/all-MiniLM-L6-v2,0.7,0
Aotus ericoides,Pultenaea virgata,0.2975,not synonym,sentence-transformers/all-MiniLM-L6-v2,0.7,1
Glycine discolor,Macrolobium quadrifolium,0.2039,not synonym,sentence-transformers/all-MiniLM-L6-v2,0.7,0
Flemingia trifoliastrum,Moghania trifoliastrum,0.7475,synonym,sentence-transformers/all-MiniLM-L6-v2,0.7,1
Polygaloides webbiana,Genista tamarrutii,0.2726,not synonym,sentence-transformers/all-MiniLM-L6-v2,0.7,0
Lotus graecus,Bonjeanea graeca,0.4244,not synonym,sentence-transformers/all-MiniLM-L6-v2,0.7,1
Myroxylon balsamum,Myroxylon pereirae,0.5675,not synonym,sentence-transformers/all-MiniLM-L6-v2,0.7,1
Calobota pungens,Feuilleea stenocarpa,0.231,not synonym,sentence-transformers/all-MiniLM-L6-v2,0.7,0
Microcharis disjuncta,Indigofera disjuncta,0.5657,not synonym,sentence-transformers/all-MiniLM-L6-v2,0.7,1
Flemingia tuberosa,Spaendoncea tamarindifolia,0.3526,not synonym,sentence-transformers/all-MiniLM-L6-v2,0.7,0
Muraltia rubeacea,Muraltia metalasiaefolia,0.64,not synonym,sentence-transformers/all-MiniLM-L6-v2,0.7,1
Echinospartum lusitanicum,Lotus digii,0.1532,not synonym,sentence-transformers/all-MiniLM-L6-v2,0.7,0
Julbernardia globiflora,Pseudoberlinia globiflora,0.5504,not synonym,sentence-transformers/all-MiniLM-L6-v2,0.7,1
Recchia mexicana,Maughania hockii,0.3447,not synonym,sentence-transformers/all-MiniLM-L6-v2,0.7,0
Comesperma volubile,Comesperma gracile,0.7469,synonym,sentence-transformers/all-MiniLM-L6-v2,0.7,1
Calliandra guildingii,Machaerium triste,0.2558,not synonym,sentence-transformers/all-MiniLM-L6-v2,0.7,0
Hebecarpa costaricensis,Viola punctata,0.3944,not synonym,sentence-transformers/all-MiniLM-L6-v2,0.7,0
Genista radiata,Indigofera remotiflora,0.3672,not synonym,sentence-transformers/all-MiniLM-L6-v2,0.7,0
Lotus lancerottensis,Pedrosia neglecta,0.2315,not synonym,sentence-transformers/all-MiniLM-L6-v2,0.7,1
Archidendron clypearia,Muraltia hamata,0.2963,not synonym,sentence-transformers/all-MiniLM-L6-v2,0.7,0
Flemingia macrophylla,Phaseolus dinteri,0.2862,not synonym,sentence-transformers/all-MiniLM-L6-v2,0.7,0
Erythrostemon exostemma,Catocoma altissima,0.2277,not synonym,sentence-transformers/all-MiniLM-L6-v2,0.7,0
Lotus berthelotii,Lotus atrococcineus,0.6438,not synonym,sentence-transformers/all-MiniLM-L6-v2,0.7,1
Chesneya nubigena,Inga holtonii,0.4046,not synonym,sentence-transformers/all-MiniLM-L6-v2,0.7,0
Genista lydia,Genista caespitosa,0.5972,not synonym,sentence-transformers/all-MiniLM-L6-v2,0.7,1
Carpolobia gossweileri,Polygala lancilimba,0.3063,not synonym,sentence-transformers/all-MiniLM-L6-v2,0.7,0
Microcharis contorta,Indigofera contorta,0.5503,not synonym,sentence-transformers/all-MiniLM-L6-v2,0.7,1
Archidendron molle,Heisteria incompta,0.0977,not synonym,sentence-transformers/all-MiniLM-L6-v2,0.7,0
Gilbertiodendron pachyanthum,Polygala fasciculata,0.257,not synonym,sentence-transformers/all-MiniLM-L6-v2,0.7,0
Microcharis kucharii,Aotus preissii,0.176,not synonym,sentence-transformers/all-MiniLM-L6-v2,0.7,0
Lupinus kunthii,Inga radiata,0.4287,not synonym,sentence-transformers/all-MiniLM-L6-v2,0.7,0
Machaerium duckeanum,Elsota virgata,0.0991,not synonym,sentence-transformers/all-MiniLM-L6-v2,0.7,0
Gastrolobium punctatum,Eutaxia punctata,0.526,not synonym,sentence-transformers/all-MiniLM-L6-v2,0.7,1
Kotschya africana,Ononis glaucescens,0.3183,not synonym,sentence-transformers/all-MiniLM-L6-v2,0.7,0
Hippocrepis emerus,Coronilla emerus,0.4839,not synonym,sentence-transformers/all-MiniLM-L6-v2,0.7,1
Hippocrepis valentina,Hippocrepis balearica,0.7449,synonym,sentence-transformers/all-MiniLM-L6-v2,0.7,1
Cyclopia genistoides,Feuilleea peruviana,0.1745,not synonym,sentence-transformers/all-MiniLM-L6-v2,0.7,0
Machaerium arboreum,Inga riopalenquensis,0.2386,not synonym,sentence-transformers/all-MiniLM-L6-v2,0.7,0
Carmichaelia petriei,Macrolobium splendidum,0.3448,not synonym,sentence-transformers/all-MiniLM-L6-v2,0.7,0
Machaerium robiniifolium,Machaerium robiniaefolium,0.9643,synonym,sentence-transformers/all-MiniLM-L6-v2,0.7,1
Brachypterum philippinense,Pithecellobium lucyi,0.344,not synonym,sentence-transformers/all-MiniLM-L6-v2,0.7,0
Aphanocalyx pectinatus,Monopetalanthus pectinatus,0.561,not synonym,sentence-transformers/all-MiniLM-L6-v2,0.7,1
Inga xalapensis,Machaerium parvifolium,0.2521,not synonym,sentence-transformers/all-MiniLM-L6-v2,0.7,0
Acacia anthochaera,Racosperma anthochaerum,0.4406,not synonym,sentence-transformers/all-MiniLM-L6-v2,0.7,1
Calliandra hirsuta,Feuilleea hirsuta,0.5628,not synonym,sentence-transformers/all-MiniLM-L6-v2,0.7,1
Lotus quinatus,Ononis quinata,0.577,not synonym,sentence-transformers/all-MiniLM-L6-v2,0.7,1
Polygala grandidieri,Inga subsericantha,0.2599,not synonym,sentence-transformers/all-MiniLM-L6-v2,0.7,0
Muraltia spinosa,Mundia tabularis,0.3109,not synonym,sentence-transformers/all-MiniLM-L6-v2,0.7,1
Brya ebenus,Berlinia paniculata,0.3421,not synonym,sentence-transformers/all-MiniLM-L6-v2,0.7,0
Calophaca wolgarica,Caesalpinia angulata,0.4843,not synonym,sentence-transformers/all-MiniLM-L6-v2,0.7,0
Caamembeca gigantea,Hedysarum ormocarpoides,0.2228,not synonym,sentence-transformers/all-MiniLM-L6-v2,0.7,0
Machaerium inundatum,Drepanocarpus discolor,0.1546,not synonym,sentence-transformers/all-MiniLM-L6-v2,0.7,1
Lupinus angustifolius,Cytisanthus hassertianus,0.4033,not synonym,sentence-transformers/all-MiniLM-L6-v2,0.7,0
Muraltia muraltioides,Hippocrepis willkommiana,0.4042,not synonym,sentence-transformers/all-MiniLM-L6-v2,0.7,0
Gastrolobium leakeanum,Nemcia atropurpurea,0.2271,not synonym,sentence-transformers/all-MiniLM-L6-v2,0.7,1
Quillaja saponaria,Smegmadermos emarginata,0.4012,not synonym,sentence-transformers/all-MiniLM-L6-v2,0.7,1
Gastrolobium heterophyllum,Oxylobium heterophyllum,0.7514,synonym,sentence-transformers/all-MiniLM-L6-v2,0.7,1
Humularia apiculata,Geissaspis bakeriana,0.3523,not synonym,sentence-transformers/all-MiniLM-L6-v2,0.7,1
Genista carinalis,Genista gracilis,0.7516,synonym,sentence-transformers/all-MiniLM-L6-v2,0.7,1
Lotus longisiliquosus,Lotus pilosissimus,0.686,not synonym,sentence-transformers/all-MiniLM-L6-v2,0.7,1
Carmichaelia carmichaeliae,Hippocrepis arenaria,0.1837,not synonym,sentence-transformers/all-MiniLM-L6-v2,0.7,0
Inga pilosula,Inga pilosiuscula,0.8644,synonym,sentence-transformers/all-MiniLM-L6-v2,0.7,1
Flemingia lineata,Hedysarum lineatum,0.401,not synonym,sentence-transformers/all-MiniLM-L6-v2,0.7,1
Julbernardia paniculata,Isoberlinia baumii,0.3627,not synonym,sentence-transformers/all-MiniLM-L6-v2,0.7,1
Securidaca divaricata,Securidaca coriacea,0.8502,synonym,sentence-transformers/all-MiniLM-L6-v2,0.7,1
Securidaca elliptica,Muraltia cynara,0.3063,not synonym,sentence-transformers/all-MiniLM-L6-v2,0.7,0
Flemingia kerrii,Maughania kerrii,0.7523,synonym,sentence-transformers/all-MiniLM-L6-v2,0.7,1
Archidendron rufescens,Pithecellobium rufescens,0.481,not synonym,sentence-transformers/all-MiniLM-L6-v2,0.7,1
Genista hispanica,Listera hispanica,0.6199,not synonym,sentence-transformers/all-MiniLM-L6-v2,0.7,1
Archidendron bubalinum,Millettia nudiflora,0.2549,not synonym,sentence-transformers/all-MiniLM-L6-v2,0.7,0
Polygala baumii,Lupinus macrocarpus,0.1485,not synonym,sentence-transformers/all-MiniLM-L6-v2,0.7,0
Comesperma integerrimum,Bredemeyera integerrima,0.5533,not synonym,sentence-transformers/all-MiniLM-L6-v2,0.7,1
Lotus longisiliquosus,Polygala squarrosa,0.3319,not synonym,sentence-transformers/all-MiniLM-L6-v2,0.7,0
Calliandra angustifolia,Calliandra sodiroi,0.5791,not synonym,sentence-transformers/all-MiniLM-L6-v2,0.7,1
Polygala celosioides,Polygala hoehneana,0.6012,not synonym,sentence-transformers/all-MiniLM-L6-v2,0.7,1
Calliandra purpurea,Calliandra conoensis,0.7188,synonym,sentence-transformers/all-MiniLM-L6-v2,0.7,1
Echinospartum horridum,Lygoplis horridum,0.5298,not synonym,sentence-transformers/all-MiniLM-L6-v2,0.7,1
Archidendron jiringa,Lotus garcini,0.3148,not synonym,sentence-transformers/all-MiniLM-L6-v2,0.7,0
Securidaca longepedunculata,Lophostylis angustifolia,0.1892,not synonym,sentence-transformers/all-MiniLM-L6-v2,0.7,1
Dahlstedtia pentaphylla,Genista barnadesii,0.4228,not synonym,sentence-transformers/all-MiniLM-L6-v2,0.7,0
Ononis minutissima,Ononis barbata,0.6836,not synonym,sentence-transformers/all-MiniLM-L6-v2,0.7,1
Asemeia grandiflora,Archidendron kanehirae,0.2632,not synonym,sentence-transformers/all-MiniLM-L6-v2,0.7,0
Humularia welwitschii,Damapana welwitschii,0.653,not synonym,sentence-transformers/all-MiniLM-L6-v2,0.7,1
Machaerium arboreum,Nissolia acuminata,0.3226,not synonym,sentence-transformers/all-MiniLM-L6-v2,0.7,1
Muraltia ononidifolia,Heisteria ononidifolia,0.6836,not synonym,sentence-transformers/all-MiniLM-L6-v2,0.7,1
Monnina cuneata,Ostryocarpus parviflorus,0.2806,not synonym,sentence-transformers/all-MiniLM-L6-v2,0.7,0
Amphicarpaea ferruginea,Pueraria ferruginea,0.7492,synonym,sentence-transformers/all-MiniLM-L6-v2,0.7,1
Polygala usafuensis,Polygala michoacana,0.6833,not synonym,sentence-transformers/all-MiniLM-L6-v2,0.7,0
Ononis spinosa,Ononis spinescens,0.6515,not synonym,sentence-transformers/all-MiniLM-L6-v2,0.7,1
Muraltia obovata,Acacia terminalis,0.1754,not synonym,sentence-transformers/all-MiniLM-L6-v2,0.7,0
Genista ferox,Lepidocoma rollae,0.1857,not synonym,sentence-transformers/all-MiniLM-L6-v2,0.7,0
Acacia perryi,Moutabea acostae,0.2578,not synonym,sentence-transformers/all-MiniLM-L6-v2,0.7,0
Acacia confusa,Racosperma confusum,0.3815,not synonym,sentence-transformers/all-MiniLM-L6-v2,0.7,1
Kotschya aeschynomenoides,Acanthocladus brasiliensis,0.3249,not synonym,sentence-transformers/all-MiniLM-L6-v2,0.7,0
Muraltia stipulacea,Heisteria micrantha,0.4111,not synonym,sentence-transformers/all-MiniLM-L6-v2,0.7,1
Asemeia monninoides,Polygala lindenii,0.3106,not synonym,sentence-transformers/all-MiniLM-L6-v2,0.7,1
Lupinus oreganus,Lupinus amabilis,0.7555,synonym,sentence-transformers/all-MiniLM-L6-v2,0.7,1
Apios fortunei,Catocoma emarginata,0.1625,not synonym,sentence-transformers/all-MiniLM-L6-v2,0.7,0
Genista segonnei,Cytiscus canariensis,0.0803,not synonym,sentence-transformers/all-MiniLM-L6-v2,0.7,0
Acanthocladus dichromus,Polygala dichroma,0.4755,not synonym,sentence-transformers/all-MiniLM-L6-v2,0.7,1
Nissolia vincentina,Rhadinocarpus multiflorus,0.1822,not synonym,sentence-transformers/all-MiniLM-L6-v2,0.7,1
Quillaja brasiliensis,Albizia mollis,0.2477,not synonym,sentence-transformers/all-MiniLM-L6-v2,0.7,0
Cyclopia latifolia,Nissolia debilis,0.1908,not synonym,sentence-transformers/all-MiniLM-L6-v2,0.7,0
Asemeia ilheotica,Polygala sciophila,0.2736,not synonym,sentence-transformers/all-MiniLM-L6-v2,0.7,1
Archidendron beguinii,Archidendron bequinii,0.8033,synonym,sentence-transformers/all-MiniLM-L6-v2,0.7,1
Calliandra hirsuta,Pithecellobium syringifolium,0.1021,not synonym,sentence-transformers/all-MiniLM-L6-v2,0.7,0
Monnina richardiana,Albizia hausemanii,0.3697,not synonym,sentence-transformers/all-MiniLM-L6-v2,0.7,0
Genista albida,Genista armeniaca,0.6102,not synonym,sentence-transformers/all-MiniLM-L6-v2,0.7,1
Asemeia marquesiana,Mimosa tropezifolia,0.4131,not synonym,sentence-transformers/all-MiniLM-L6-v2,0.7,0
Millettia xylocarpa,Millettia wrightiana,0.5998,not synonym,sentence-transformers/all-MiniLM-L6-v2,0.7,1
Chesneya parviflora,Chesneya macranica,0.7289,synonym,sentence-transformers/all-MiniLM-L6-v2,0.7,1
Cadia purpurea,Panciatica purpurea,0.6999,not synonym,sentence-transformers/all-MiniLM-L6-v2,0.7,1
Ebenus stellata,Ebenidium tragacanthoides,0.4927,not synonym,sentence-transformers/all-MiniLM-L6-v2,0.7,1
Julbernardia globiflora,Flemingia phursia,0.5302,not synonym,sentence-transformers/all-MiniLM-L6-v2,0.7,0
Nissolia spinosa,Monnina cuspidata,0.4597,not synonym,sentence-transformers/all-MiniLM-L6-v2,0.7,0
Millettia chrysophylla,Millettia macrostachya,0.6758,not synonym,sentence-transformers/all-MiniLM-L6-v2,0.7,1
Calobota cytisoides,Lebeckia cytisoides,0.5578,not synonym,sentence-transformers/all-MiniLM-L6-v2,0.7,1
Genista cinerea,Cytisus syriacus,0.151,not synonym,sentence-transformers/all-MiniLM-L6-v2,0.7,0
Flemingia macrophylla,Flemingia ferruginea,0.7119,synonym,sentence-transformers/all-MiniLM-L6-v2,0.7,1
Asemeia violacea,Crotalaria macrophylla,0.3466,not synonym,sentence-transformers/all-MiniLM-L6-v2,0.7,0
Glycine tabacina,Desmodium novohollandicum,0.2333,not synonym,sentence-transformers/all-MiniLM-L6-v2,0.7,1
Heterostemon impar,Heterostemon impar,1.0,synonym,sentence-transformers/all-MiniLM-L6-v2,0.7,1
Polygala patens,Senega patens,0.446,not synonym,sentence-transformers/all-MiniLM-L6-v2,0.7,1
Securidaca pubescens,Caesalpinia gracilis,0.4599,not synonym,sentence-transformers/all-MiniLM-L6-v2,0.7,0
Aubrevillea kerstingii,Monnina ligustrifolia,0.3634,not synonym,sentence-transformers/all-MiniLM-L6-v2,0.7,0
Polygala calcarea,Chorizema denticulatum,0.2488,not synonym,sentence-transformers/all-MiniLM-L6-v2,0.7,0
Chesneya acaulis,Heistera reticulata,0.329,not synonym,sentence-transformers/all-MiniLM-L6-v2,0.7,0
Lotus aegaeus,Nogra simplicifolia,0.3118,not synonym,sentence-transformers/all-MiniLM-L6-v2,0.7,0
Archidendron clypearia,Feuilleea subspicata,0.1515,not synonym,sentence-transformers/all-MiniLM-L6-v2,0.7,0
Moutabea guianensis,Cryptostomum guianense,0.3321,not synonym,sentence-transformers/all-MiniLM-L6-v2,0.7,1
Ononis pinnata,Ononis insignis,0.6704,not synonym,sentence-transformers/all-MiniLM-L6-v2,0.7,1
Flemingia parviflora,Lalage hoveifolia,0.3319,not synonym,sentence-transformers/all-MiniLM-L6-v2,0.7,0
Calliandra staminea,Mimosa staminea,0.6197,not synonym,sentence-transformers/all-MiniLM-L6-v2,0.7,1
Muraltia empetroides,Caesalpinia egena,0.3528,not synonym,sentence-transformers/all-MiniLM-L6-v2,0.7,0
Millettia richardiana,Machaerium papilisetosum,0.2098,not synonym,sentence-transformers/all-MiniLM-L6-v2,0.7,0
Millettia fruticosa,Pongamia fruticosa,0.6494,not synonym,sentence-transformers/all-MiniLM-L6-v2,0.7,1
Camptosema rubicundum,Eutaxia microphylla,0.332,not synonym,sentence-transformers/all-MiniLM-L6-v2,0.7,0
Polygala equisetoides,Senega equisetoides,0.6507,not synonym,sentence-transformers/all-MiniLM-L6-v2,0.7,1
Archidendron muellerianum,Cytisus dalmaticus,0.3043,not synonym,sentence-transformers/all-MiniLM-L6-v2,0.7,0
Lotus hirsutus,Bonjeanea hirsuta,0.4554,not synonym,sentence-transformers/all-MiniLM-L6-v2,0.7,1
Gastrolobium nervosum,Nemcia reticulata,0.4789,not synonym,sentence-transformers/all-MiniLM-L6-v2,0.7,1
Chesneya macrantha,Chesneya potaninii,0.7917,synonym,sentence-transformers/all-MiniLM-L6-v2,0.7,1
Inga lomatophylla,Inga amazonica,0.5267,not synonym,sentence-transformers/all-MiniLM-L6-v2,0.7,1
Machaerium guanaiense,Quillaja smegmadermis,0.3859,not synonym,sentence-transformers/all-MiniLM-L6-v2,0.7,0
Machaerium kegelii,Machaerium steinbachianum,0.5462,not synonym,sentence-transformers/all-MiniLM-L6-v2,0.7,1
Echinospartum lusitanicum,Genista lusitanica,0.305,not synonym,sentence-transformers/all-MiniLM-L6-v2,0.7,1
Glycine tabacina,Leptolobium elongatum,0.209,not synonym,sentence-transformers/all-MiniLM-L6-v2,0.7,1
Muraltia mitior,Heisteria mitior,0.567,not synonym,sentence-transformers/all-MiniLM-L6-v2,0.7,1
Chorizema ilicifolium,Calliandra sericea,0.3582,not synonym,sentence-transformers/all-MiniLM-L6-v2,0.7,0
Calliandra umbellifera,Feuilleea cearana,0.3928,not synonym,sentence-transformers/all-MiniLM-L6-v2,0.7,1
Eleiotis sororia,Eleiotis monophyllos,0.632,not synonym,sentence-transformers/all-MiniLM-L6-v2,0.7,1
Calliandra mollissima,Calliandra chotanoana,0.7005,synonym,sentence-transformers/all-MiniLM-L6-v2,0.7,1
Xanthophyllum griffithii,Banisteroides griffithii,0.5385,not synonym,sentence-transformers/all-MiniLM-L6-v2,0.7,1
Archidendron bigeminum,Archidendron monadelphum,0.6245,not synonym,sentence-transformers/all-MiniLM-L6-v2,0.7,1
Ononis vaginalis,Smithia recurvifolia,0.1977,not synonym,sentence-transformers/all-MiniLM-L6-v2,0.7,0
Archidendron merrillii,Pithecellobium multiflorum,0.1575,not synonym,sentence-transformers/all-MiniLM-L6-v2,0.7,1
Inga stipulacea,Inga chaetophora,0.5817,not synonym,sentence-transformers/all-MiniLM-L6-v2,0.7,1
Ononis cossoniana,Ononis gibraltarica,0.6689,not synonym,sentence-transformers/all-MiniLM-L6-v2,0.7,1
Xanthophyllum flavescens,Xanthophyllum geminiflorum,0.7851,synonym,sentence-transformers/all-MiniLM-L6-v2,0.7,1
Xanthophyllum ellipticum,Xanthophyllum pyrifolium,0.7944,synonym,sentence-transformers/all-MiniLM-L6-v2,0.7,1
Securidaca goudotiana,Genista cirtensis,0.4091,not synonym,sentence-transformers/all-MiniLM-L6-v2,0.7,0
Erythrostemon hintonii,Caesalpinia hintonii,0.5399,not synonym,sentence-transformers/all-MiniLM-L6-v2,0.7,1
Machaerium tounateifolium,Spartium tricuspidatum,0.2834,not synonym,sentence-transformers/all-MiniLM-L6-v2,0.7,0
Lotus angustissimus,Lotus glaberrimus,0.5424,not synonym,sentence-transformers/all-MiniLM-L6-v2,0.7,1
Camptosema coriaceum,Bionia coriacea,0.5718,not synonym,sentence-transformers/all-MiniLM-L6-v2,0.7,1
Lotus dorycnium,Dorycnium humile,0.6866,not synonym,sentence-transformers/all-MiniLM-L6-v2,0.7,1
Hippocrepis emerus,Coronilla florida,0.0761,not synonym,sentence-transformers/all-MiniLM-L6-v2,0.7,1
Inga pezizifera,Feuilleea pezizifera,0.7142,synonym,sentence-transformers/all-MiniLM-L6-v2,0.7,1
Calliandra sessilis,Polygala lioranii,0.2948,not synonym,sentence-transformers/all-MiniLM-L6-v2,0.7,0
Genista linifolia,Inga protracta,0.2214,not synonym,sentence-transformers/all-MiniLM-L6-v2,0.7,0
Hippocrepis squamata,Coronilla squamata,0.5518,not synonym,sentence-transformers/all-MiniLM-L6-v2,0.7,1
Collaea stenophylla,Chaetocalyx vestitus,0.3072,not synonym,sentence-transformers/all-MiniLM-L6-v2,0.7,0
Polygala arcuata,Calliandra goldmanii,0.2514,not synonym,sentence-transformers/all-MiniLM-L6-v2,0.7,0
Gastrolobium pyramidale,Polygala rimulicola,0.4377,not synonym,sentence-transformers/all-MiniLM-L6-v2,0.7,0
Polygala japonica,Polygala taquetii,0.7049,synonym,sentence-transformers/all-MiniLM-L6-v2,0.7,1
Calliandra pedicellata,Polygala hilariana,0.4585,not synonym,sentence-transformers/all-MiniLM-L6-v2,0.7,0
Genista clavata,Spartium sericeum,0.1824,not synonym,sentence-transformers/all-MiniLM-L6-v2,0.7,1
Polygala nambalensis,Polygala congoensis,0.7964,synonym,sentence-transformers/all-MiniLM-L6-v2,0.7,1
Angylocalyx oligophyllus,Angylocalyx claessensii,0.7542,synonym,sentence-transformers/all-MiniLM-L6-v2,0.7,1
Archidendron pellitum,Clitoria fulgens,0.244,not synonym,sentence-transformers/all-MiniLM-L6-v2,0.7,0
Calliandra falcata,Calliandra fulgens,0.7372,synonym,sentence-transformers/all-MiniLM-L6-v2,0.7,1
Hebecarpa americana,Mimosa rubiginosa,0.319,not synonym,sentence-transformers/all-MiniLM-L6-v2,0.7,0
Polygala scutellata,Polygala scutellata,1.0,synonym,sentence-transformers/all-MiniLM-L6-v2,0.7,1
Phlebotaenia cuneata,Comesperma apyllum,0.3582,not synonym,sentence-transformers/all-MiniLM-L6-v2,0.7,0
Lupinus angustifolius,Sophora genistoides,0.2286,not synonym,sentence-transformers/all-MiniLM-L6-v2,0.7,0
Archidendron poilanei,Abarema poilanei,0.5255,not synonym,sentence-transformers/all-MiniLM-L6-v2,0.7,1
Coulteria platyloba,Dalbergia sericea,0.4153,not synonym,sentence-transformers/all-MiniLM-L6-v2,0.7,0
Machaerium reticulatum,Monopetalanthus leonardii,0.291,not synonym,sentence-transformers/all-MiniLM-L6-v2,0.7,0
Muraltia ciliaris,Muraltia anthospermifolia,0.5899,not synonym,sentence-transformers/all-MiniLM-L6-v2,0.7,1
Bossiaea obcordata,Acacia auriculiformis,0.3569,not synonym,sentence-transformers/all-MiniLM-L6-v2,0.7,0
Epirixanthes elongata,Epirixanthes tenella,0.6874,not synonym,sentence-transformers/all-MiniLM-L6-v2,0.7,1
Inga sapindoides,Inga caracasana,0.4021,not synonym,sentence-transformers/all-MiniLM-L6-v2,0.7,1
Flemingia procumbens,Heistera squarrosa,0.2882,not synonym,sentence-transformers/all-MiniLM-L6-v2,0.7,0
Muraltia aspalatha,Genista antiochia,0.3564,not synonym,sentence-transformers/all-MiniLM-L6-v2,0.7,0
Flemingia chappar,Comesperma secundum,0.3329,not synonym,sentence-transformers/all-MiniLM-L6-v2,0.7,0
Muraltia macroceras,Chesneya potaninii,0.3256,not synonym,sentence-transformers/all-MiniLM-L6-v2,0.7,0
Dialium procerum,Dansera procera,0.2525,not synonym,sentence-transformers/all-MiniLM-L6-v2,0.7,1
Polygala paludicola,Calpurnia mucronulata,0.4289,not synonym,sentence-transformers/all-MiniLM-L6-v2,0.7,0
Lupinus nanus,Lupinus nanus,1.0,synonym,sentence-transformers/all-MiniLM-L6-v2,0.7,1
Machaerium brasiliense,Machaerium vestitum,0.6572,not synonym,sentence-transformers/all-MiniLM-L6-v2,0.7,1
Moutabea guianensis,Cryptostomum laurifolium,0.224,not synonym,sentence-transformers/all-MiniLM-L6-v2,0.7,1
Archidendron contortum,Echinospartum barnadesii,0.1944,not synonym,sentence-transformers/all-MiniLM-L6-v2,0.7,0
Hoffmannseggia drepanocarpa,Larrea drepanocarpa,0.6618,not synonym,sentence-transformers/all-MiniLM-L6-v2,0.7,1
Kotschya ochreata,Smithia ochreata,0.6331,not synonym,sentence-transformers/all-MiniLM-L6-v2,0.7,1
Carmichaelia uniflora,Carmichaelia suteri,0.7939,synonym,sentence-transformers/all-MiniLM-L6-v2,0.7,1
Hebecarpa obscura,Inga mapiriensis,0.2914,not synonym,sentence-transformers/all-MiniLM-L6-v2,0.7,0
Acacia paradoxa,Racosperma paradoxum,0.2563,not synonym,sentence-transformers/all-MiniLM-L6-v2,0.7,1
Acanthocladus brasiliensis,Mimosa nutans,0.1754,not synonym,sentence-transformers/all-MiniLM-L6-v2,0.7,0
Flemingia macrophylla,Moghania brevipes,0.3666,not synonym,sentence-transformers/all-MiniLM-L6-v2,0.7,1
Polygala equisetoides,Polygala oxyantha,0.689,not synonym,sentence-transformers/all-MiniLM-L6-v2,0.7,0
Flemingia macrophylla,Flemingia congesta,0.6494,not synonym,sentence-transformers/all-MiniLM-L6-v2,0.7,1
Securidaca bialata,Securidaca orinocensis,0.6378,not synonym,sentence-transformers/all-MiniLM-L6-v2,0.7,1
Bossiaea rhombifolia,Polygala antillensis,0.3379,not synonym,sentence-transformers/all-MiniLM-L6-v2,0.7,0
Eutaxia myrtifolia,Genista ramosissima,0.1697,not synonym,sentence-transformers/all-MiniLM-L6-v2,0.7,0
Archidendron globosum,Platylobium linifolium,0.4258,not synonym,sentence-transformers/all-MiniLM-L6-v2,0.7,0
Ononis arvensis,Ononis hircina,0.7478,synonym,sentence-transformers/all-MiniLM-L6-v2,0.7,1
Gastrolobium dilatatum,Callistachys cuneata,0.2165,not synonym,sentence-transformers/all-MiniLM-L6-v2,0.7,1
Lotus maritimus,Bugranopsis crinita,0.4184,not synonym,sentence-transformers/all-MiniLM-L6-v2,0.7,0
Lotus aegaeus,Lotus aegeus,0.9131,synonym,sentence-transformers/all-MiniLM-L6-v2,0.7,1
Millettia dubia,Millettia claessensii,0.7092,synonym,sentence-transformers/all-MiniLM-L6-v2,0.7,1
Polygala mexicana,Polygala scoparia,0.5577,not synonym,sentence-transformers/all-MiniLM-L6-v2,0.7,1
Coulteria pringlei,Brasilettia pringlei,0.5986,not synonym,sentence-transformers/all-MiniLM-L6-v2,0.7,1
Xanthophyllum incertum,Xanthophyllum acuminatissimum,0.7889,synonym,sentence-transformers/all-MiniLM-L6-v2,0.7,1
Acacia conjunctifolia,Racosperma conjunctifolium,0.3716,not synonym,sentence-transformers/all-MiniLM-L6-v2,0.7,1
Humularia welwitschii,Smithia welwitschii,0.5967,not synonym,sentence-transformers/all-MiniLM-L6-v2,0.7,1
Hippocrepis comosa,Hedysarum diffusum,0.0914,not synonym,sentence-transformers/all-MiniLM-L6-v2,0.7,0
Fairchildia panamensis,Cytisus triangularis,0.2899,not synonym,sentence-transformers/all-MiniLM-L6-v2,0.7,0
Ononis diffusa,Ononis dehnhardtii,0.7501,synonym,sentence-transformers/all-MiniLM-L6-v2,0.7,1
Genista sagittalis,Carmichaelia gracilis,0.2821,not synonym,sentence-transformers/all-MiniLM-L6-v2,0.7,0
Ebenus cretica,Monnina olfersiana,0.4373,not synonym,sentence-transformers/all-MiniLM-L6-v2,0.7,0
Asemeia tobatiensis,Polygala hoehneana,0.2643,not synonym,sentence-transformers/all-MiniLM-L6-v2,0.7,0
Genista lydia,Genista triangularis,0.5744,not synonym,sentence-transformers/all-MiniLM-L6-v2,0.7,1
Millettia rubiginosa,Phaseolodes rubiginosum,0.4955,not synonym,sentence-transformers/all-MiniLM-L6-v2,0.7,1
Lupinus littoralis,Acacia umbrosa,0.1995,not synonym,sentence-transformers/all-MiniLM-L6-v2,0.7,0
Acacia paradoxa,Leptolobium tabacinum,0.2473,not synonym,sentence-transformers/all-MiniLM-L6-v2,0.7,0
Lotus jordanii,Feuilleea tarapotensis,0.3873,not synonym,sentence-transformers/all-MiniLM-L6-v2,0.7,0
Inga sapindoides,Pithecellobium bigeminum,0.4006,not synonym,sentence-transformers/all-MiniLM-L6-v2,0.7,0
Calliandra houstoniana,Machaerium tobagense,0.1511,not synonym,sentence-transformers/all-MiniLM-L6-v2,0.7,0
Bossiaea ornata,Acacia cunninghamii,0.3097,not synonym,sentence-transformers/all-MiniLM-L6-v2,0.7,0
Flemingia strobilifera,Muraltia rubicunda,0.2939,not synonym,sentence-transformers/all-MiniLM-L6-v2,0.7,0
Calobota pungens,Lebeckia pungens,0.4988,not synonym,sentence-transformers/all-MiniLM-L6-v2,0.7,1
Machaerium capote,Maughania wightiana,0.2467,not synonym,sentence-transformers/all-MiniLM-L6-v2,0.7,0
Lupinus angustifolius,Lupinus leucospermus,0.7608,synonym,sentence-transformers/all-MiniLM-L6-v2,0.7,1
Epirixanthes cylindrica,Salomonia cylindrica,0.6325,not synonym,sentence-transformers/all-MiniLM-L6-v2,0.7,1
Acacia mearnsii,Feuilleea benthamiana,0.369,not synonym,sentence-transformers/all-MiniLM-L6-v2,0.7,0
Calliandra surinamensis,Inga fasciculata,0.3772,not synonym,sentence-transformers/all-MiniLM-L6-v2,0.7,1
Calliandra caeciliae,Calliandra densifolia,0.6539,not synonym,sentence-transformers/all-MiniLM-L6-v2,0.7,1
Xanthophyllum vitellinum,Monnina longifolia,0.4192,not synonym,sentence-transformers/all-MiniLM-L6-v2,0.7,1
Millettia glaucescens,Calophaca sericea,0.3055,not synonym,sentence-transformers/all-MiniLM-L6-v2,0.7,0
Lotus aegaeus,Lotus sulphureus,0.6687,not synonym,sentence-transformers/all-MiniLM-L6-v2,0.7,1
Polygala appressa,Senega appressa,0.5375,not synonym,sentence-transformers/all-MiniLM-L6-v2,0.7,1
Moutabea pacifica,Balgoya pacifica,0.7154,synonym,sentence-transformers/all-MiniLM-L6-v2,0.7,1
Comesperma ericinum,Polygala banksii,0.1893,not synonym,sentence-transformers/all-MiniLM-L6-v2,0.7,1
Hoffmannseggia repens,Moparia repens,0.427,not synonym,sentence-transformers/all-MiniLM-L6-v2,0.7,1
Acanthocladus santosii,Toluifera erythroxyla,0.2472,not synonym,sentence-transformers/all-MiniLM-L6-v2,0.7,0
Drepanocarpus cyathiformis,Pterocarpus cyathiformis,0.7431,synonym,sentence-transformers/all-MiniLM-L6-v2,0.7,1
Securidaca rivinifolia,Genista humifusa,0.2618,not synonym,sentence-transformers/all-MiniLM-L6-v2,0.7,0
Gastrolobium spathulatum,Cytisus heterochrous,0.327,not synonym,sentence-transformers/all-MiniLM-L6-v2,0.7,0
Bredemeyera lucida,Polygala riparia,0.4458,not synonym,sentence-transformers/all-MiniLM-L6-v2,0.7,0
Lotus herbaceus,Camptosema bellum,0.3399,not synonym,sentence-transformers/all-MiniLM-L6-v2,0.7,0
Archidendron syringifolium,Pithecellobium syringifolium,0.5757,not synonym,sentence-transformers/all-MiniLM-L6-v2,0.7,1
Lotus arabicus,Entada patens,0.2079,not synonym,sentence-transformers/all-MiniLM-L6-v2,0.7,0
Hebecarpa rivinifolia,Polygala albowiana,0.3831,not synonym,sentence-transformers/all-MiniLM-L6-v2,0.7,1
Chorizema elegans,Hebeandra latifolia,0.2224,not synonym,sentence-transformers/all-MiniLM-L6-v2,0.7,0
Lotus dorycnium,Dorycnium fruticosum,0.6474,not synonym,sentence-transformers/all-MiniLM-L6-v2,0.7,1
Muraltia alopecuroides,Heistera alopecuroides,0.6908,not synonym,sentence-transformers/all-MiniLM-L6-v2,0.7,1
Genista aristata,Calophaca howenii,0.3475,not synonym,sentence-transformers/all-MiniLM-L6-v2,0.7,0
Calliandra angustifolia,Macrolobium limba,0.2255,not synonym,sentence-transformers/all-MiniLM-L6-v2,0.7,0
Machaerium inundatum,Bossiaea gilbertii,0.3216,not synonym,sentence-transformers/all-MiniLM-L6-v2,0.7,0
Caamembeca gigantea,Polygala gigantea,0.6514,not synonym,sentence-transformers/all-MiniLM-L6-v2,0.7,1
Kotschya thymodora,Smithia thymodora,0.5869,not synonym,sentence-transformers/all-MiniLM-L6-v2,0.7,1
Archidendron brevipes,Genistella riphaea,0.1563,not synonym,sentence-transformers/all-MiniLM-L6-v2,0.7,0
Muraltia spinosa,Mundtia glauca,0.3996,not synonym,sentence-transformers/all-MiniLM-L6-v2,0.7,1
Ononis ornithopodioides,Pterocarpus scandens,0.3417,not synonym,sentence-transformers/all-MiniLM-L6-v2,0.7,0
Genista canariensis,Dimorphandra ekmanii,0.2267,not synonym,sentence-transformers/all-MiniLM-L6-v2,0.7,0
Ebenus laguroides,Ebenus montbretii,0.5924,not synonym,sentence-transformers/all-MiniLM-L6-v2,0.7,1
Hoffmannseggia glauca,Larrea glauca,0.5789,not synonym,sentence-transformers/all-MiniLM-L6-v2,0.7,1
Acacia cultriformis,Chaetocalyx ilheoticus,0.1145,not synonym,sentence-transformers/all-MiniLM-L6-v2,0.7,0
Coulteria platyloba,Caesalpinia blasiana,0.3907,not synonym,sentence-transformers/all-MiniLM-L6-v2,0.7,1
Muraltia rubeacea,Feuilleea aeschynomenodes,0.2276,not synonym,sentence-transformers/all-MiniLM-L6-v2,0.7,0
Flemingia trifoliata,Moghania involucrata,0.316,not synonym,sentence-transformers/all-MiniLM-L6-v2,0.7,1
Lebruniodendron leptanthum,Cynometra glabra,0.347,not synonym,sentence-transformers/all-MiniLM-L6-v2,0.7,1
Genista micrantha,Genista odoratissima,0.6527,not synonym,sentence-transformers/all-MiniLM-L6-v2,0.7,1
Calliandra hymenaeoides,Calliandra hymenaeodes,0.9236,synonym,sentence-transformers/all-MiniLM-L6-v2,0.7,1
Calliandra comosa,Inga comosa,0.615,not synonym,sentence-transformers/all-MiniLM-L6-v2,0.7,1
Delonix edule,Delonix edulis,0.8451,synonym,sentence-transformers/all-MiniLM-L6-v2,0.7,1
Xanthophyllum vitellinum,Monnina macrophylla,0.4594,not synonym,sentence-transformers/all-MiniLM-L6-v2,0.7,1
Acacia improcera,Racosperma improcerum,0.3678,not synonym,sentence-transformers/all-MiniLM-L6-v2,0.7,1
Ononis spinosa,Mundulea barclayi,0.1713,not synonym,sentence-transformers/all-MiniLM-L6-v2,0.7,0
Genista anglica,Spartium pusillum,0.2773,not synonym,sentence-transformers/all-MiniLM-L6-v2,0.7,1
Monnina ciliolata,Genista kochii,0.3247,not synonym,sentence-transformers/all-MiniLM-L6-v2,0.7,0
Angylocalyx schumannianus,Lupinus thompsonianus,0.2329,not synonym,sentence-transformers/all-MiniLM-L6-v2,0.7,0
Cyclopia genistoides,Hoffmannseggia andina,0.203,not synonym,sentence-transformers/all-MiniLM-L6-v2,0.7,0
Archidendron poilanei,Genista retamoides,0.1957,not synonym,sentence-transformers/all-MiniLM-L6-v2,0.7,0
Hoffmannseggia humilis,Larrea villosa,0.2437,not synonym,sentence-transformers/all-MiniLM-L6-v2,0.7,1
Flemingia lineata,Boenninghausia vincentina,0.4381,not synonym,sentence-transformers/all-MiniLM-L6-v2,0.7,0
Carmichaelia nana,Polygala orthostigma,0.2906,not synonym,sentence-transformers/all-MiniLM-L6-v2,0.7,0
Muraltia dumosa,Heisteria dumosa,0.6369,not synonym,sentence-transformers/all-MiniLM-L6-v2,0.7,1
Delonix elata,Poinciana playfairii,0.3071,not synonym,sentence-transformers/all-MiniLM-L6-v2,0.7,1
Gastrolobium linearifolium,Genista juzepczukii,0.0967,not synonym,sentence-transformers/all-MiniLM-L6-v2,0.7,0
Muraltia longicuspis,Brachysema speciosum,0.2584,not synonym,sentence-transformers/all-MiniLM-L6-v2,0.7,0
Hippocrepis grosii,Hippocrepis grosii,1.0,synonym,sentence-transformers/all-MiniLM-L6-v2,0.7,1
Coulteria pumila,Flemingia chappar,0.2927,not synonym,sentence-transformers/all-MiniLM-L6-v2,0.7,0
Humularia rosea,Polygala peduncularis,0.2797,not synonym,sentence-transformers/all-MiniLM-L6-v2,0.7,0
Archidendron monopterum,Senega minarum,0.1005,not synonym,sentence-transformers/all-MiniLM-L6-v2,0.7,0
Gymnospora blanchetii,Polygala blanchetii,0.7254,synonym,sentence-transformers/all-MiniLM-L6-v2,0.7,1
Polygala equisetoides,Machaerium brachycarpum,0.1163,not synonym,sentence-transformers/all-MiniLM-L6-v2,0.7,0
Lotus loweanus,Pedrosia loweana,0.4136,not synonym,sentence-transformers/all-MiniLM-L6-v2,0.7,1
Leptocyamus tabacina,Leptocyamus tabacina,1.0,synonym,sentence-transformers/all-MiniLM-L6-v2,0.7,1
Lotus hirsutus,Lotus pilosus,0.714,synonym,sentence-transformers/all-MiniLM-L6-v2,0.7,1
Genista fasselata,Eutaxia ericoides,0.3755,not synonym,sentence-transformers/all-MiniLM-L6-v2,0.7,0
Muraltia tenuifolia,Bossiaea rigida,0.242,not synonym,sentence-transformers/all-MiniLM-L6-v2,0.7,0
Securidaca micheliana,Elsota micheliana,0.7069,synonym,sentence-transformers/all-MiniLM-L6-v2,0.7,1
Monnina rusbyi,Ononis picardii,0.3349,not synonym,sentence-transformers/all-MiniLM-L6-v2,0.7,0
Gastrolobium dilatatum,Poincianella glandulosa,0.3566,not synonym,sentence-transformers/all-MiniLM-L6-v2,0.7,0
Millettia pachycarpa,Phaseoloides pachycarpum,0.4762,not synonym,sentence-transformers/all-MiniLM-L6-v2,0.7,1
Collaea aschersoniana,Galactia aschersoniana,0.7135,synonym,sentence-transformers/all-MiniLM-L6-v2,0.7,1
Lotus broussonetii,Lotus broussonetii,1.0,synonym,sentence-transformers/all-MiniLM-L6-v2,0.7,1
Genista anglica,Telinaria anglica,0.3782,not synonym,sentence-transformers/all-MiniLM-L6-v2,0.7,1
Inga laurina,Feuilleea fagifolia,0.1698,not synonym,sentence-transformers/all-MiniLM-L6-v2,0.7,1
Lotus arenarius,Lotus canescens,0.632,not synonym,sentence-transformers/all-MiniLM-L6-v2,0.7,1
Archidendron molle,Pongamia caerulea,0.0991,not synonym,sentence-transformers/all-MiniLM-L6-v2,0.7,0
Muraltia ericoides,Heisteria poiretii,0.3754,not synonym,sentence-transformers/all-MiniLM-L6-v2,0.7,1
Polygala serpyllifolia,Cytisus genistoides,0.3498,not synonym,sentence-transformers/all-MiniLM-L6-v2,0.7,0
Muraltia origanoides,Machaerium jacarandifolium,0.2359,not synonym,sentence-transformers/all-MiniLM-L6-v2,0.7,0
Brachypterum koolgibberah,Myroxylon punctatum,0.3097,not synonym,sentence-transformers/all-MiniLM-L6-v2,0.7,0
Dialium dinklagei,Dialium staudtii,0.5519,not synonym,sentence-transformers/all-MiniLM-L6-v2,0.7,1
Lotus tenuifolius,Lotus tenuifolius,1.0,synonym,sentence-transformers/all-MiniLM-L6-v2,0.7,1
Genista lydia,Oxylobium heterophyllum,0.0469,not synonym,sentence-transformers/all-MiniLM-L6-v2,0.7,0
Acacia deltoidea,Millettia zollingeri,0.2427,not synonym,sentence-transformers/all-MiniLM-L6-v2,0.7,0
Lotus jolyi,Lotus arguinensis,0.5894,not synonym,sentence-transformers/all-MiniLM-L6-v2,0.7,1
Hoffmannseggia humilis,Telinaria horrida,0.2841,not synonym,sentence-transformers/all-MiniLM-L6-v2,0.7,0
Polygala malesiana,Polygala cardiocarpa,0.626,not synonym,sentence-transformers/all-MiniLM-L6-v2,0.7,1
Calliandra conferta,Caiandra conferta,0.594,not synonym,sentence-transformers/all-MiniLM-L6-v2,0.7,1
Millettia sericea,Millettia turgida,0.689,not synonym,sentence-transformers/all-MiniLM-L6-v2,0.7,1
Genista linifolia,Cytiscus linifolius,0.3512,not synonym,sentence-transformers/all-MiniLM-L6-v2,0.7,1
Erythrostemon coccineus,Inga multiflora,0.1495,not synonym,sentence-transformers/all-MiniLM-L6-v2,0.7,0
Amphicarpaea bracteata,Amphicarpa japonica,0.6828,not synonym,sentence-transformers/all-MiniLM-L6-v2,0.7,1
Kotschya strobilantha,Polygala longa,0.3876,not synonym,sentence-transformers/all-MiniLM-L6-v2,0.7,0
Caamembeca salicifolia,Inga chocoensis,0.3936,not synonym,sentence-transformers/all-MiniLM-L6-v2,0.7,0
Polygala karensium,Polygala spinosa,0.647,not synonym,sentence-transformers/all-MiniLM-L6-v2,0.7,0
Flemingia macrophylla,Polygala buxifolia,0.4361,not synonym,sentence-transformers/all-MiniLM-L6-v2,0.7,0
Archidendron hendersonii,Polygala beiliana,0.2679,not synonym,sentence-transformers/all-MiniLM-L6-v2,0.7,0
Chesneya parviflora,Pseudoberlinia globiflora,0.4359,not synonym,sentence-transformers/all-MiniLM-L6-v2,0.7,0
Flemingia macrophylla,Machaerium ovalifolium,0.2954,not synonym,sentence-transformers/all-MiniLM-L6-v2,0.7,0
Scottia aquifolium,Lotus latifolius,0.2845,not synonym,sentence-transformers/all-MiniLM-L6-v2,0.7,0
Dolichopsis ligulata,Phaseolus dolichicarpus,0.5718,not synonym,sentence-transformers/all-MiniLM-L6-v2,0.7,1
Asemeia violacea,Pteromonnina boliviana,0.3098,not synonym,sentence-transformers/all-MiniLM-L6-v2,0.7,0
Genista canariensis,Pithecellobium pauciflorum,0.2924,not synonym,sentence-transformers/all-MiniLM-L6-v2,0.7,0
Chesneya gansuensis,Brasilettia glabra,0.3163,not synonym,sentence-transformers/all-MiniLM-L6-v2,0.7,0
Humularia rosea,Geissaspis subscabra,0.2318,not synonym,sentence-transformers/all-MiniLM-L6-v2,0.7,1
Archidendron ramiflorum,Pithecellobium palauense,0.2667,not synonym,sentence-transformers/all-MiniLM-L6-v2,0.7,0
Machaerium brasiliense,Anneslia fulgens,0.2632,not synonym,sentence-transformers/all-MiniLM-L6-v2,0.7,0
Amphiodon effusus,Poecilanthe effusa,0.4603,not synonym,sentence-transformers/all-MiniLM-L6-v2,0.7,1
Acacia pachyphylla,Callistachys ovalifolia,0.4491,not synonym,sentence-transformers/all-MiniLM-L6-v2,0.7,0
Decorsea grandidieri,Polygala brizoides,0.2923,not synonym,sentence-transformers/all-MiniLM-L6-v2,0.7,0
Monnina stenophylla,Racosperma hakeoides,0.2606,not synonym,sentence-transformers/all-MiniLM-L6-v2,0.7,0
Archidendron chevalieri,Ortholobium platyphyllum,0.3084,not synonym,sentence-transformers/all-MiniLM-L6-v2,0.7,1
Millettia lenneoides,Lupinus cryptanthus,0.3476,not synonym,sentence-transformers/all-MiniLM-L6-v2,0.7,0
Millettia griffoniana,Derris leptorhachis,0.2089,not synonym,sentence-transformers/all-MiniLM-L6-v2,0.7,1
Archidendron glomeriflorum,Dalea multifoliata,0.229,not synonym,sentence-transformers/all-MiniLM-L6-v2,0.7,0
Monnina cardiocarpa,Ononis deutata,0.2584,not synonym,sentence-transformers/all-MiniLM-L6-v2,0.7,0
Inga pezizifera,Inga urnifera,0.6763,not synonym,sentence-transformers/all-MiniLM-L6-v2,0.7,1
Flemingia kerrii,Moghania kerrii,0.8019,synonym,sentence-transformers/all-MiniLM-L6-v2,0.7,1
Machaerium robiniifolium,Machaerium eggersii,0.6849,not synonym,sentence-transformers/all-MiniLM-L6-v2,0.7,1
Hoita macrostachya,Hoita rhombifolia,0.5715,not synonym,sentence-transformers/all-MiniLM-L6-v2,0.7,1
Calophaca wolgarica,Heisteria juniperifolia,0.1898,not synonym,sentence-transformers/all-MiniLM-L6-v2,0.7,0
Calliandra haematomma,Feuilleea haematomma,0.6241,not synonym,sentence-transformers/all-MiniLM-L6-v2,0.7,1
Comesperma volubile,Bredemeyera volubilis,0.4966,not synonym,sentence-transformers/all-MiniLM-L6-v2,0.7,1
Millettia vatkei,Derris confertiflora,0.3174,not synonym,sentence-transformers/all-MiniLM-L6-v2,0.7,0
Flemingia fluminalis,Senega sericea,0.3287,not synonym,sentence-transformers/all-MiniLM-L6-v2,0.7,0
Calliandra guildingii,Feuilleea guildingii,0.6276,not synonym,sentence-transformers/all-MiniLM-L6-v2,0.7,1
Inga alternifolia,Mimosa circinnatus,0.319,not synonym,sentence-transformers/all-MiniLM-L6-v2,0.7,1
Inga multicaulis,Inga multicaulis,1.0,synonym,sentence-transformers/all-MiniLM-L6-v2,0.7,1
Calliandra laxa,Oxylobium nervosum,0.1749,not synonym,sentence-transformers/all-MiniLM-L6-v2,0.7,0
Alistilus jumellei,Dolichos jumellei,0.6014,not synonym,sentence-transformers/all-MiniLM-L6-v2,0.7,1
Asemeia violacea,Polygala bahiensis,0.2803,not synonym,sentence-transformers/all-MiniLM-L6-v2,0.7,1
Lotus herbaceus,Dorycnium crantzii,0.2841,not synonym,sentence-transformers/all-MiniLM-L6-v2,0.7,1
Acacia microbotrya,Anneslia rubescens,0.2546,not synonym,sentence-transformers/all-MiniLM-L6-v2,0.7,0
Genista linifolia,Bossiaea lenticularis,0.2555,not synonym,sentence-transformers/all-MiniLM-L6-v2,0.7,0
Julbernardia paniculata,Larrea potosina,0.3142,not synonym,sentence-transformers/all-MiniLM-L6-v2,0.7,0
Kotschya micrantha,Smithia micrantha,0.5474,not synonym,sentence-transformers/all-MiniLM-L6-v2,0.7,1
Comesperma xanthocarpum,Racosperma ferocius,0.3754,not synonym,sentence-transformers/all-MiniLM-L6-v2,0.7,0
Camptosema rubicundum,Macrolobium zenkeri,0.2676,not synonym,sentence-transformers/all-MiniLM-L6-v2,0.7,0
Hoffmannseggia repens,Xanthophyllum affine,0.292,not synonym,sentence-transformers/all-MiniLM-L6-v2,0.7,0
Muraltia macropetala,Racosperma auriculiforme,0.1413,not synonym,sentence-transformers/all-MiniLM-L6-v2,0.7,0
Myroxylon peruiferum,Pithecellobium teijsemannii,0.3397,not synonym,sentence-transformers/all-MiniLM-L6-v2,0.7,0
Inga sapindoides,Inga microgyna,0.5089,not synonym,sentence-transformers/all-MiniLM-L6-v2,0.7,1
Lotus hirsutus,Shuteria trisperma,0.2397,not synonym,sentence-transformers/all-MiniLM-L6-v2,0.7,0
Archidendron clypearia,Millettia solheidii,0.2455,not synonym,sentence-transformers/all-MiniLM-L6-v2,0.7,0
Acacia paradoxa,Bredemeyera polygaloides,0.2658,not synonym,sentence-transformers/all-MiniLM-L6-v2,0.7,0
Lotus glacialis,Lotus glacialis,1.0,synonym,sentence-transformers/all-MiniLM-L6-v2,0.7,1
Badiera cubensis,Genista cossoniana,0.2823,not synonym,sentence-transformers/all-MiniLM-L6-v2,0.7,0
Lotus berthelotii,Heinekenia berthelotii,0.6241,not synonym,sentence-transformers/all-MiniLM-L6-v2,0.7,1
Ononis minutissima,Ononis saxatilis,0.7045,synonym,sentence-transformers/all-MiniLM-L6-v2,0.7,1
Calobota lotononoides,Polygala cordobensis,0.3624,not synonym,sentence-transformers/all-MiniLM-L6-v2,0.7,0
Archidendron triplinervium,Abarema triplinervia,0.4535,not synonym,sentence-transformers/all-MiniLM-L6-v2,0.7,1
Genista segonnei,Adenocarpus segonnei,0.4652,not synonym,sentence-transformers/all-MiniLM-L6-v2,0.7,1
Glycine microphylla,Cylindrokelupha chevalieri,0.2204,not synonym,sentence-transformers/all-MiniLM-L6-v2,0.7,0
Salomonia ciliata,Polygala cumulicola,0.5175,not synonym,sentence-transformers/all-MiniLM-L6-v2,0.7,0
Gastrolobium spectabile,Oxylobium spectabile,0.6183,not synonym,sentence-transformers/all-MiniLM-L6-v2,0.7,1
Adenopodia spicata,Entada spicata,0.5105,not synonym,sentence-transformers/all-MiniLM-L6-v2,0.7,1
Securidaca divaricata,Poinciana elata,0.4558,not synonym,sentence-transformers/all-MiniLM-L6-v2,0.7,0
Hebecarpa barbeyana,Polygala intricata,0.2702,not synonym,sentence-transformers/all-MiniLM-L6-v2,0.7,1
Bredemeyera laurifolia,Albizia turgida,0.3426,not synonym,sentence-transformers/all-MiniLM-L6-v2,0.7,0
Acanthocladus moyanoi,Polygala moyanoi,0.6207,not synonym,sentence-transformers/all-MiniLM-L6-v2,0.7,1
Nissolia blanchetiana,Isodesmia blanchetiana,0.667,not synonym,sentence-transformers/all-MiniLM-L6-v2,0.7,1
Xanthophyllum flavescens,Xanthophyllum floriferum,0.8807,synonym,sentence-transformers/all-MiniLM-L6-v2,0.7,1
Chorizema varium,Chorizema chandleri,0.5911,not synonym,sentence-transformers/all-MiniLM-L6-v2,0.7,1
Xanthophyllum vitellinum,Xanthophyllum kunstleri,0.7626,synonym,sentence-transformers/all-MiniLM-L6-v2,0.7,1
Polygala leucantha,Mucuna chienkweiensis,0.4009,not synonym,sentence-transformers/all-MiniLM-L6-v2,0.7,0
Muraltia spinosa,Mundia ecklonii,0.3069,not synonym,sentence-transformers/all-MiniLM-L6-v2,0.7,1
Gilbertiodendron ogoouense,Muraltia sprengelioides,0.3468,not synonym,sentence-transformers/all-MiniLM-L6-v2,0.7,0
Hoffmannseggia humilis,Hoffmannseggia gladiata,0.7381,synonym,sentence-transformers/all-MiniLM-L6-v2,0.7,1
Dialium englerianum,Lotus sulphureus,0.2451,not synonym,sentence-transformers/all-MiniLM-L6-v2,0.7,0
Dysolobium grande,Canavalia grandis,0.4005,not synonym,sentence-transformers/all-MiniLM-L6-v2,0.7,1
Betencourtia martii,Hebecarpa reducta,0.3717,not synonym,sentence-transformers/all-MiniLM-L6-v2,0.7,0
Genista sessilifolia,Spartium sessilifolium,0.5368,not synonym,sentence-transformers/all-MiniLM-L6-v2,0.7,1
Genista tenera,Polygala leptalea,0.2402,not synonym,sentence-transformers/all-MiniLM-L6-v2,0.7,0
Quillaja brasiliensis,Derris microphylla,0.3843,not synonym,sentence-transformers/all-MiniLM-L6-v2,0.7,0
Phlebotaenia cuneata,Polygala phlebotaenia,0.7592,synonym,sentence-transformers/all-MiniLM-L6-v2,0.7,1
Ononis euphrasiifolia,Ononis stricta,0.5882,not synonym,sentence-transformers/all-MiniLM-L6-v2,0.7,1
Betencourtia martioides,Eminia noldeana,0.3858,not synonym,sentence-transformers/all-MiniLM-L6-v2,0.7,0
Stylobasium australe,Salomonia parasitica,0.3787,not synonym,sentence-transformers/all-MiniLM-L6-v2,0.7,0
Ononis biflora,Lotus hispidus,0.3493,not synonym,sentence-transformers/all-MiniLM-L6-v2,0.7,0
Inga martinicensis,Feuilleea martinicensis,0.6708,not synonym,sentence-transformers/all-MiniLM-L6-v2,0.7,1
Hebecarpa palmeri,Polygala palmeri,0.5865,not synonym,sentence-transformers/all-MiniLM-L6-v2,0.7,1
Archidendron robinsonii,Paralbizzia robinsonii,0.5726,not synonym,sentence-transformers/all-MiniLM-L6-v2,0.7,1
Acacia blakelyi,Machaerium mucronulatum,0.2359,not synonym,sentence-transformers/all-MiniLM-L6-v2,0.7,0
Hoffmannseggia repens,Heisteria saturejoides,0.3272,not synonym,sentence-transformers/all-MiniLM-L6-v2,0.7,0
Polygala crotalarioides,Feuilleea bullata,0.3157,not synonym,sentence-transformers/all-MiniLM-L6-v2,0.7,0
Genista spachiana,Teline atleyana,0.3181,not synonym,sentence-transformers/all-MiniLM-L6-v2,0.7,1
Hippocrepis glauca,Hippocrepis comosa,0.7621,synonym,sentence-transformers/all-MiniLM-L6-v2,0.7,1
Dialium englerianum,Dialium engleranum,0.7868,synonym,sentence-transformers/all-MiniLM-L6-v2,0.7,1
Polygala stephaniana,Senega stephaniana,0.5436,not synonym,sentence-transformers/all-MiniLM-L6-v2,0.7,1
Hippocrepis comosa,Hippocrepis burgalensis,0.628,not synonym,sentence-transformers/all-MiniLM-L6-v2,0.7,1
Archidendron bauchei,Anonis rotundifolia,0.3913,not synonym,sentence-transformers/all-MiniLM-L6-v2,0.7,0
Calliandra biflora,Caiandra biflora,0.5987,not synonym,sentence-transformers/all-MiniLM-L6-v2,0.7,1
Millettia chrysophylla,Inga hymenaeoides,0.3512,not synonym,sentence-transformers/all-MiniLM-L6-v2,0.7,0
Millettia sericea,Poincianella pannosa,0.4882,not synonym,sentence-transformers/all-MiniLM-L6-v2,0.7,0
Muraltia longicuspis,Heisteria longicuspis,0.6247,not synonym,sentence-transformers/all-MiniLM-L6-v2,0.7,1
Lupinus chamissonis,Lupinus douglasii,0.7739,synonym,sentence-transformers/all-MiniLM-L6-v2,0.7,1
Gilbertiodendron demonstrans,Macrolobium talbotii,0.3444,not synonym,sentence-transformers/all-MiniLM-L6-v2,0.7,1
Nissolia longiflora,Chaetocalyx hebecarpus,0.2448,not synonym,sentence-transformers/all-MiniLM-L6-v2,0.7,1
Cyclopia maculata,Genistella umbellata,0.3789,not synonym,sentence-transformers/all-MiniLM-L6-v2,0.7,0
Chesneya nubigena,Aspalathus crassicaulis,0.2513,not synonym,sentence-transformers/all-MiniLM-L6-v2,0.7,1
Aotus gracillima,Dillwynia gracillima,0.5266,not synonym,sentence-transformers/all-MiniLM-L6-v2,0.7,1
Caamembeca oleifolia,Chesneya isfaransis,0.4497,not synonym,sentence-transformers/all-MiniLM-L6-v2,0.7,0
Heinekenia petiorhyncha,Chaetocalyx magniflorus,0.1709,not synonym,sentence-transformers/all-MiniLM-L6-v2,0.7,0
Myroxylon peruiferum,Shuteria ferruginea,0.4621,not synonym,sentence-transformers/all-MiniLM-L6-v2,0.7,0
Millettia sericea,Machaerium aculeatum,0.178,not synonym,sentence-transformers/all-MiniLM-L6-v2,0.7,0
Genista januensis,Feuilleea haematomma,0.2552,not synonym,sentence-transformers/all-MiniLM-L6-v2,0.7,0
Millettia rubiginosa,Moghania strobilifera,0.3875,not synonym,sentence-transformers/all-MiniLM-L6-v2,0.7,0
Genista hispanica,Heinekenia petiorhyncha,0.1245,not synonym,sentence-transformers/all-MiniLM-L6-v2,0.7,0
Muraltia macroceras,Heisteria macroceras,0.5576,not synonym,sentence-transformers/all-MiniLM-L6-v2,0.7,1
Calpurnia intrusa,Calobota decutiens,0.55,not synonym,sentence-transformers/all-MiniLM-L6-v2,0.7,0
Acacia paradoxa,Ononis microsperma,0.0983,not synonym,sentence-transformers/all-MiniLM-L6-v2,0.7,0
Muraltia dumosa,Bredemeyera mollis,0.3355,not synonym,sentence-transformers/all-MiniLM-L6-v2,0.7,0
Hebecarpa macradenia,Polygala punctifera,0.3072,not synonym,sentence-transformers/all-MiniLM-L6-v2,0.7,0
Calliandra comosa,Feuilleea comosa,0.5716,not synonym,sentence-transformers/all-MiniLM-L6-v2,0.7,1
Hesperolaburnum platycarpum,Chaetocalyx longiflorus,0.3477,not synonym,sentence-transformers/all-MiniLM-L6-v2,0.7,0
Calliandra laxa,Mimosa laxa,0.6089,not synonym,sentence-transformers/all-MiniLM-L6-v2,0.7,1
Glycine max,Machaerium bracteatum,0.0459,not synonym,sentence-transformers/all-MiniLM-L6-v2,0.7,0
Flemingia macrophylla,Flemingia nana,0.6289,not synonym,sentence-transformers/all-MiniLM-L6-v2,0.7,1
Errazurizia multifoliolata,Dalea multifoliolata,0.5095,not synonym,sentence-transformers/all-MiniLM-L6-v2,0.7,1
Gastrolobium subcordatum,Brachysema subcordatum,0.5373,not synonym,sentence-transformers/all-MiniLM-L6-v2,0.7,1
Archidendron arborescens,Cyclopia galioides,0.257,not synonym,sentence-transformers/all-MiniLM-L6-v2,0.7,0
Archidendron grandiflorum,Pithecellobium tozeri,0.2113,not synonym,sentence-transformers/all-MiniLM-L6-v2,0.7,1
Archidendron syringifolium,Eystathes sylvestris,0.4029,not synonym,sentence-transformers/all-MiniLM-L6-v2,0.7,0
Hebecarpa ovatifolia,Calliandra angustidens,0.3296,not synonym,sentence-transformers/all-MiniLM-L6-v2,0.7,0
Chesneya acaulis,Natrix rotundifolia,0.3246,not synonym,sentence-transformers/all-MiniLM-L6-v2,0.7,0
Inga sessilis,Ebenidium bourgaei,0.3305,not synonym,sentence-transformers/all-MiniLM-L6-v2,0.7,0
Ancistrotropis firmula,Phaseolus crassifolius,0.3787,not synonym,sentence-transformers/all-MiniLM-L6-v2,0.7,1
Caamembeca oxyphylla,Inga monticola,0.2234,not synonym,sentence-transformers/all-MiniLM-L6-v2,0.7,0
Daniellia oblonga,Phaseoloides rubiginosum,0.1034,not synonym,sentence-transformers/all-MiniLM-L6-v2,0.7,0
Delonix floribunda,Aprevalia perrieri,0.4133,not synonym,sentence-transformers/all-MiniLM-L6-v2,0.7,1
Calliandra bella,Feuilleea bella,0.6968,not synonym,sentence-transformers/all-MiniLM-L6-v2,0.7,1
Calobota pungens,Acanthobotrya pungens,0.5396,not synonym,sentence-transformers/all-MiniLM-L6-v2,0.7,1
Calliandra falcata,Inga subvestita,0.2743,not synonym,sentence-transformers/all-MiniLM-L6-v2,0.7,0
Genista tenera,Acacia armata,0.1786,not synonym,sentence-transformers/all-MiniLM-L6-v2,0.7,0
Inga tenuistipula,Flemingia chapper,0.188,not synonym,sentence-transformers/all-MiniLM-L6-v2,0.7,0
Polygala cymosa,Polygala acutifolia,0.7001,synonym,sentence-transformers/all-MiniLM-L6-v2,0.7,1
Muraltia ericoides,Heistera ericoides,0.6517,not synonym,sentence-transformers/all-MiniLM-L6-v2,0.7,1
Monnina crassifolia,Monnina crassifolia,1.0,synonym,sentence-transformers/all-MiniLM-L6-v2,0.7,1
Aphanocalyx hedinii,Cynometra hedinii,0.7116,synonym,sentence-transformers/all-MiniLM-L6-v2,0.7,1
Muraltia alopecuroides,Heistera beiliana,0.1691,not synonym,sentence-transformers/all-MiniLM-L6-v2,0.7,0
Muraltia lancifolia,Comesperma scandens,0.1937,not synonym,sentence-transformers/all-MiniLM-L6-v2,0.7,0
Lotus dorycnium,Melilotus dorycnium,0.5746,not synonym,sentence-transformers/all-MiniLM-L6-v2,0.7,1
Calliandra surinamensis,Calliandra angustidens,0.5624,not synonym,sentence-transformers/all-MiniLM-L6-v2,0.7,1
Atroxima afzeliana,Phaseolus sordidus,0.3195,not synonym,sentence-transformers/all-MiniLM-L6-v2,0.7,0
Candolleodendron brachystachyum,Larrea drummondii,0.1334,not synonym,sentence-transformers/all-MiniLM-L6-v2,0.7,0
Coulteria mollis,Caesalpinia acutifolia,0.1657,not synonym,sentence-transformers/all-MiniLM-L6-v2,0.7,1
Gilbertiodendron ogowense,Acacia selloi,0.3154,not synonym,sentence-transformers/all-MiniLM-L6-v2,0.7,0
Archidendron hendersonii,Maughania philippinensis,0.4198,not synonym,sentence-transformers/all-MiniLM-L6-v2,0.7,0
Securidaca retusa,Geissaspis robynsii,0.379,not synonym,sentence-transformers/all-MiniLM-L6-v2,0.7,0
Lupinus angustifolius,Lupinus canaliculatus,0.7228,synonym,sentence-transformers/all-MiniLM-L6-v2,0.7,1
Genista tenera,Genista congesta,0.7436,synonym,sentence-transformers/all-MiniLM-L6-v2,0.7,1
Lotus dorycnium,Dorycnium implexum,0.6845,not synonym,sentence-transformers/all-MiniLM-L6-v2,0.7,1
Calliandra sessilis,Calliandra axillaris,0.7888,synonym,sentence-transformers/all-MiniLM-L6-v2,0.7,1
Archidendron havilandii,Ortholobium havilandii,0.5807,not synonym,sentence-transformers/all-MiniLM-L6-v2,0.7,1
Genista monspessulana,Genista candicans,0.7611,synonym,sentence-transformers/all-MiniLM-L6-v2,0.7,1
Archidendron turgidum,Albizia croizatiana,0.2051,not synonym,sentence-transformers/all-MiniLM-L6-v2,0.7,1
Muraltia dumosa,Muraltia rubicunda,0.7131,synonym,sentence-transformers/all-MiniLM-L6-v2,0.7,1
Asemeia grandiflora,Polygala flabellata,0.4658,not synonym,sentence-transformers/all-MiniLM-L6-v2,0.7,1
Lotus schoelleri,Hebeandra cestrifolia,0.3517,not synonym,sentence-transformers/all-MiniLM-L6-v2,0.7,0
Millettia sericea,Millettia argentea,0.6746,not synonym,sentence-transformers/all-MiniLM-L6-v2,0.7,1
Microcharis welwitschii,Telinaria virgata,0.2389,not synonym,sentence-transformers/all-MiniLM-L6-v2,0.7,0
Gilbertiodendron splendidum,Berlinia splendida,0.5115,not synonym,sentence-transformers/all-MiniLM-L6-v2,0.7,1
Inga pilosula,Feuilleea quassiifolia,0.4149,not synonym,sentence-transformers/all-MiniLM-L6-v2,0.7,1
Coulteria pumila,Caesalpinia pumila,0.5984,not synonym,sentence-transformers/all-MiniLM-L6-v2,0.7,1
Rhinotropis californica,Polygala cucullata,0.37,not synonym,sentence-transformers/all-MiniLM-L6-v2,0.7,1
Calliandra tergemina,Lupinus nanus,0.2188,not synonym,sentence-transformers/all-MiniLM-L6-v2,0.7,0
Nissolia pringlei,Nissolia diversifolia,0.5828,not synonym,sentence-transformers/all-MiniLM-L6-v2,0.7,1
Erinacea anthyllis,Anthyllis erinacea,0.9843,synonym,sentence-transformers/all-MiniLM-L6-v2,0.7,1
Securidaca divaricata,Camptosema grandiflorum,0.2446,not synonym,sentence-transformers/all-MiniLM-L6-v2,0.7,0
Archidendron beguinii,Badiera berteroana,0.3114,not synonym,sentence-transformers/all-MiniLM-L6-v2,0.7,0
Securidaca rivinifolia,Securidaca scandens,0.5954,not synonym,sentence-transformers/all-MiniLM-L6-v2,0.7,1
Calliandra hirsuta,Calliandra matudai,0.708,synonym,sentence-transformers/all-MiniLM-L6-v2,0.7,1
Polygala serpyllifolia,Polygala mutabilis,0.6042,not synonym,sentence-transformers/all-MiniLM-L6-v2,0.7,1
Nissolia chacoensis,Chaetocalyx chacoensis,0.6853,not synonym,sentence-transformers/all-MiniLM-L6-v2,0.7,1
Hoita macrostachya,Inga marginata,0.3358,not synonym,sentence-transformers/all-MiniLM-L6-v2,0.7,0
Lotus angustissimus,Rhynchosia antennulifera,0.3928,not synonym,sentence-transformers/all-MiniLM-L6-v2,0.7,0
Erythrostemon fimbriatus,Caesalpinia bangii,0.1935,not synonym,sentence-transformers/all-MiniLM-L6-v2,0.7,1
Acacia prominens,Acacia praetervisa,0.8328,synonym,sentence-transformers/all-MiniLM-L6-v2,0.7,1
Polygala riograndensis,Senega riograndensis,0.5372,not synonym,sentence-transformers/all-MiniLM-L6-v2,0.7,1
Ononis arvensis,Mezoneurum procumbens,0.0936,not synonym,sentence-transformers/all-MiniLM-L6-v2,0.7,0
Bredemeyera hebeclada,Genista pontica,0.3831,not synonym,sentence-transformers/all-MiniLM-L6-v2,0.7,0
Machaerium lunatum,Nephrosis aculeata,0.1009,not synonym,sentence-transformers/all-MiniLM-L6-v2,0.7,1
Polygala gracilenta,Polygala tenuifolia,0.6272,not synonym,sentence-transformers/all-MiniLM-L6-v2,0.7,1
Bossiaea dentata,Pterocarpus buxifolius,0.3755,not synonym,sentence-transformers/all-MiniLM-L6-v2,0.7,0
Gastrolobium callistachys,Gastrolobium lineare,0.6482,not synonym,sentence-transformers/all-MiniLM-L6-v2,0.7,1
Lotus biflorus,Polygala kisantuensis,0.251,not synonym,sentence-transformers/all-MiniLM-L6-v2,0.7,0
Archidendron microcarpum,Inga bubalina,-0.0019,not synonym,sentence-transformers/all-MiniLM-L6-v2,0.7,1
Nissolia longiflora,Polygala phoenicistes,0.3071,not synonym,sentence-transformers/all-MiniLM-L6-v2,0.7,0
Ononis pubescens,Ononis balearica,0.6948,not synonym,sentence-transformers/all-MiniLM-L6-v2,0.7,1
Lotus dorycnium,Angylocalyx claessensii,0.2277,not synonym,sentence-transformers/all-MiniLM-L6-v2,0.7,0
Xanthophyllum rufum,Feuilleea contorta,0.2918,not synonym,sentence-transformers/all-MiniLM-L6-v2,0.7,0
Acacia polyadenia,Racosperma polyadenium,0.3613,not synonym,sentence-transformers/all-MiniLM-L6-v2,0.7,1
Gastrolobium coriaceum,Cytisus pulchellus,0.4296,not synonym,sentence-transformers/all-MiniLM-L6-v2,0.7,0
Inga pilosula,Oxylobium tricuspidatum,0.2046,not synonym,sentence-transformers/all-MiniLM-L6-v2,0.7,0
Acanthocladus dichromus,Genista triquetra,0.1678,not synonym,sentence-transformers/all-MiniLM-L6-v2,0.7,0
Polygala caudata,Polygala mariesii,0.7804,synonym,sentence-transformers/all-MiniLM-L6-v2,0.7,1
Monnina exalata,Pteromonnina exalata,0.6544,not synonym,sentence-transformers/all-MiniLM-L6-v2,0.7,1
Millettia comosa,Millettia gagnepainiana,0.7938,synonym,sentence-transformers/all-MiniLM-L6-v2,0.7,1
Monnina salicifolia,Monnina phillyreoides,0.6706,not synonym,sentence-transformers/all-MiniLM-L6-v2,0.7,1
Genista micrantha,Zornia strobilifera,0.2121,not synonym,sentence-transformers/all-MiniLM-L6-v2,0.7,0
Lotus garcinii,Lotus persicus,0.6696,not synonym,sentence-transformers/all-MiniLM-L6-v2,0.7,1
Genista dorycnifolia,Dialium mayumbense,0.1613,not synonym,sentence-transformers/all-MiniLM-L6-v2,0.7,0
Asemeia grandiflora,Polygala wrightii,0.4017,not synonym,sentence-transformers/all-MiniLM-L6-v2,0.7,1
Polygala alpina,Calobota flexuosa,0.427,not synonym,sentence-transformers/all-MiniLM-L6-v2,0.7,0
Securidaca calophylla,Securidaca macrophylla,0.7294,synonym,sentence-transformers/all-MiniLM-L6-v2,0.7,1
Erythrostemon laxus,Poincianella laxa,0.5741,not synonym,sentence-transformers/all-MiniLM-L6-v2,0.7,1
Kotschya aeschynomenoides,Kotschya volkensii,0.5701,not synonym,sentence-transformers/all-MiniLM-L6-v2,0.7,1
Myroxylon balsamum,Myrospermum pereirae,0.3835,not synonym,sentence-transformers/all-MiniLM-L6-v2,0.7,1
Machaerium uncinatum,Feuilleea inicuil,0.2859,not synonym,sentence-transformers/all-MiniLM-L6-v2,0.7,0
Eutaxia virgata,Pithecellobium kuenstleri,0.3291,not synonym,sentence-transformers/all-MiniLM-L6-v2,0.7,0
Chesneya macrantha,Oxytropis grubovii,0.207,not synonym,sentence-transformers/all-MiniLM-L6-v2,0.7,1
Inga sapindoides,Mimosa sapindoides,0.7014,synonym,sentence-transformers/all-MiniLM-L6-v2,0.7,1
Archidendron molle,Pteromonnina philippiana,0.1075,not synonym,sentence-transformers/all-MiniLM-L6-v2,0.7,0
Millettia barteri,Spartium cinereum,0.2885,not synonym,sentence-transformers/all-MiniLM-L6-v2,0.7,0
Inga pilosula,Hippocrepis scabra,0.2985,not synonym,sentence-transformers/all-MiniLM-L6-v2,0.7,0
Echinospartum horridum,Spartium radiatum,0.345,not synonym,sentence-transformers/all-MiniLM-L6-v2,0.7,1
Amburana acreana,Torresea acreana,0.5939,not synonym,sentence-transformers/all-MiniLM-L6-v2,0.7,1
Aphanocalyx heitzii,Solori robusta,0.2943,not synonym,sentence-transformers/all-MiniLM-L6-v2,0.7,0
Hebecarpa costaricensis,Polygala isotricha,0.347,not synonym,sentence-transformers/all-MiniLM-L6-v2,0.7,1
Eysenhardtia platycarpa,Eysenhardtia cobriformis,0.6266,not synonym,sentence-transformers/all-MiniLM-L6-v2,0.7,1
Calliandra hirsuta,Calliandra pubiflora,0.6054,not synonym,sentence-transformers/all-MiniLM-L6-v2,0.7,1
Inga sessilis,Pithecellobium contortum,0.2377,not synonym,sentence-transformers/all-MiniLM-L6-v2,0.7,0
Polygaloides paucifolia,Cytisus everestianus,0.3692,not synonym,sentence-transformers/all-MiniLM-L6-v2,0.7,0
Flemingia macrophylla,Rhynchosia crotalarioides,0.2945,not synonym,sentence-transformers/all-MiniLM-L6-v2,0.7,1
Nissolia latisiliqua,Planarium latisiliquum,0.4098,not synonym,sentence-transformers/all-MiniLM-L6-v2,0.7,1
Archidendron bigeminum,Abarema abeywickramae,0.3072,not synonym,sentence-transformers/all-MiniLM-L6-v2,0.7,1
Echinospartum ibericum,Lotus odoratus,0.2544,not synonym,sentence-transformers/all-MiniLM-L6-v2,0.7,0
Millettia lenneoides,Derris polyphylla,0.4102,not synonym,sentence-transformers/all-MiniLM-L6-v2,0.7,1
Dimorphandra exaltata,Cassia fluminensis,0.3153,not synonym,sentence-transformers/all-MiniLM-L6-v2,0.7,1
Lotus dorycnium,Flemingia hockii,0.214,not synonym,sentence-transformers/all-MiniLM-L6-v2,0.7,0
Machaerium isadelphum,Feuilleea gardneri,0.1529,not synonym,sentence-transformers/all-MiniLM-L6-v2,0.7,0
Gastrolobium plicatum,Polygala nicaeensis,0.3088,not synonym,sentence-transformers/all-MiniLM-L6-v2,0.7,0
Millettia nudiflora,Millettia nudiflora,1.0,synonym,sentence-transformers/all-MiniLM-L6-v2,0.7,1
Acacia paradoxa,Polygala salicina,0.3327,not synonym,sentence-transformers/all-MiniLM-L6-v2,0.7,0
Securidaca pubescens,Elsota pubescens,0.638,not synonym,sentence-transformers/all-MiniLM-L6-v2,0.7,1
Salomonia ciliata,Salomonia angulata,0.7911,synonym,sentence-transformers/all-MiniLM-L6-v2,0.7,1
Dimorphandra polyandra,Dimorphandra hohenkerkii,0.7674,synonym,sentence-transformers/all-MiniLM-L6-v2,0.7,1
Calliandra surinamensis,Gastrolobium verticillatum,0.2087,not synonym,sentence-transformers/all-MiniLM-L6-v2,0.7,0
Bossiaea eriocarpa,Spongiocarpella spinosa,0.4723,not synonym,sentence-transformers/all-MiniLM-L6-v2,0.7,0
Ancylotropis malmeana,Lonchocarpus barteri,0.2859,not synonym,sentence-transformers/all-MiniLM-L6-v2,0.7,0
Muraltia juniperifolia,Gastrolobium whicherensis,0.346,not synonym,sentence-transformers/all-MiniLM-L6-v2,0.7,0
Flemingia helferiana,Moghania helferiana,0.7305,synonym,sentence-transformers/all-MiniLM-L6-v2,0.7,1
Dicraeopetalum stipulare,Calliandra compacta,0.2443,not synonym,sentence-transformers/all-MiniLM-L6-v2,0.7,0
Ononis serrata,Ononis marmorata,0.7331,synonym,sentence-transformers/all-MiniLM-L6-v2,0.7,1
Microcharis phyllogramme,Pithecellobium triplinervium,0.2319,not synonym,sentence-transformers/all-MiniLM-L6-v2,0.7,0
Securidaca trianae,Elsota corymbosa,0.4211,not synonym,sentence-transformers/all-MiniLM-L6-v2,0.7,1
Archidendron ellipticum,Teline stenopetala,0.1332,not synonym,sentence-transformers/all-MiniLM-L6-v2,0.7,0
Acacia paradoxa,Mimosa armata,0.3059,not synonym,sentence-transformers/all-MiniLM-L6-v2,0.7,1
Ebenus sibthorpii,Vulneraria sericea,0.3678,not synonym,sentence-transformers/all-MiniLM-L6-v2,0.7,1
Aphanocalyx hedinii,Hoffmannseggia gracilis,0.2871,not synonym,sentence-transformers/all-MiniLM-L6-v2,0.7,0
Apios carnea,Apios bodinieri,0.5161,not synonym,sentence-transformers/all-MiniLM-L6-v2,0.7,1
Ononis hirta,Ononis ellipticifolia,0.5636,not synonym,sentence-transformers/all-MiniLM-L6-v2,0.7,1
Polygaloides chamaebuxus,Tertria chamaebuxus,0.6121,not synonym,sentence-transformers/all-MiniLM-L6-v2,0.7,1
Betencourtia neesii,Galactia macropoda,0.1923,not synonym,sentence-transformers/all-MiniLM-L6-v2,0.7,1
Lotus purpureus,Muraltia satureioides,0.4153,not synonym,sentence-transformers/all-MiniLM-L6-v2,0.7,0
Calliandra squarrosa,Stiza psiloloba,0.3895,not synonym,sentence-transformers/all-MiniLM-L6-v2,0.7,0
Acacia cyclops,Acacia eglandulosa,0.6332,not synonym,sentence-transformers/all-MiniLM-L6-v2,0.7,1
Aphanocalyx hedinii,Nissolia dodgei,0.2828,not synonym,sentence-transformers/all-MiniLM-L6-v2,0.7,0
Calliandra tergemina,Polygala lupulina,0.2818,not synonym,sentence-transformers/all-MiniLM-L6-v2,0.7,0
Calophaca wolgarica,Cytisus annigricans,0.3367,not synonym,sentence-transformers/all-MiniLM-L6-v2,0.7,1
Gastrolobium celsianum,Brachysema lanceolatum,0.3545,not synonym,sentence-transformers/all-MiniLM-L6-v2,0.7,1
Microcharis garissaensis,Machaerium pilosum,0.2243,not synonym,sentence-transformers/all-MiniLM-L6-v2,0.7,0
Polygala rosea,Polygala gypsophiloides,0.6567,not synonym,sentence-transformers/all-MiniLM-L6-v2,0.7,1
Acacia cultriformis,Dialium trifoliolatum,0.145,not synonym,sentence-transformers/all-MiniLM-L6-v2,0.7,0
Muraltia flanaganii,Moutabea floribunda,0.2266,not synonym,sentence-transformers/all-MiniLM-L6-v2,0.7,0
Acacia excelsa,Acacia pterocarpa,0.6721,not synonym,sentence-transformers/all-MiniLM-L6-v2,0.7,1
Genista polyanthos,Ononis calycina,0.2243,not synonym,sentence-transformers/all-MiniLM-L6-v2,0.7,0
Bredemeyera densiflora,Hippocrepis elongatula,0.3282,not synonym,sentence-transformers/all-MiniLM-L6-v2,0.7,0
Muraltia ononidifolia,Brasilettia platyloba,0.3833,not synonym,sentence-transformers/all-MiniLM-L6-v2,0.7,0
Genista anglica,Polygala adenophylla,0.2715,not synonym,sentence-transformers/all-MiniLM-L6-v2,0.7,0
Hebecarpa caracasana,Banisterodes insigne,0.1849,not synonym,sentence-transformers/all-MiniLM-L6-v2,0.7,0
Ebenus boissieri,Ebenus candidus,0.6227,not synonym,sentence-transformers/all-MiniLM-L6-v2,0.7,1
Monnina marginata,Pithecellobium jiringa,0.3581,not synonym,sentence-transformers/all-MiniLM-L6-v2,0.7,0
Carmichaelia australis,Carmichaelia aligera,0.7903,synonym,sentence-transformers/all-MiniLM-L6-v2,0.7,1
Badiera oblongata,Polygala dimorphophylla,0.2446,not synonym,sentence-transformers/all-MiniLM-L6-v2,0.7,1
Ononis cossoniana,Ononis tingitana,0.7461,synonym,sentence-transformers/all-MiniLM-L6-v2,0.7,1
Julbernardia paniculata,Pseudoberlinia paniculata,0.6349,not synonym,sentence-transformers/all-MiniLM-L6-v2,0.7,1
Millettia merrillii,Millettia capillipes,0.6434,not synonym,sentence-transformers/all-MiniLM-L6-v2,0.7,1
Ononis natrix,Telinaria ramosissima,0.3149,not synonym,sentence-transformers/all-MiniLM-L6-v2,0.7,0
Acacia burdekensis,Berlinia ivorensis,0.3273,not synonym,sentence-transformers/all-MiniLM-L6-v2,0.7,0
Calliandra purpurea,Hebecarpa orthotricha,0.4538,not synonym,sentence-transformers/all-MiniLM-L6-v2,0.7,0
Millettia pachycarpa,Millettia dunnii,0.6613,not synonym,sentence-transformers/all-MiniLM-L6-v2,0.7,1
Genista aspalathoides,Heistera laricifolia,0.4319,not synonym,sentence-transformers/all-MiniLM-L6-v2,0.7,0
Ononis orygalis,Dorycnium crantzii,0.1935,not synonym,sentence-transformers/all-MiniLM-L6-v2,0.7,0
Cadia purpurea,Cadia arabica,0.6638,not synonym,sentence-transformers/all-MiniLM-L6-v2,0.7,1
Amphicarpaea bracteata,Lotus latifolius,0.258,not synonym,sentence-transformers/all-MiniLM-L6-v2,0.7,0
Flemingia stricta,Moghania stricta,0.689,not synonym,sentence-transformers/all-MiniLM-L6-v2,0.7,1
Polygala trichosperma,Albizia croizatiana,0.2559,not synonym,sentence-transformers/all-MiniLM-L6-v2,0.7,0
Hebecarpa obscura,Polygala orthotricha,0.4072,not synonym,sentence-transformers/all-MiniLM-L6-v2,0.7,1
Machaerium hirtum,Monnina euonymoides,0.2187,not synonym,sentence-transformers/all-MiniLM-L6-v2,0.7,0
Securidaca ovalifolia,Elsota ovalifolia,0.6555,not synonym,sentence-transformers/all-MiniLM-L6-v2,0.7,1
Archidendron bubalinum,Monnina ciliolosa,0.3409,not synonym,sentence-transformers/all-MiniLM-L6-v2,0.7,0
Archidendron fallax,Pithecellobium fallax,0.4076,not synonym,sentence-transformers/all-MiniLM-L6-v2,0.7,1
Gonocytisus angulatus,Lugaion angulatum,0.4535,not synonym,sentence-transformers/all-MiniLM-L6-v2,0.7,1
Calliandra tergemina,Mimosa emarginata,0.1945,not synonym,sentence-transformers/all-MiniLM-L6-v2,0.7,1
Polygala karensium,Polygala floribunda,0.7481,synonym,sentence-transformers/all-MiniLM-L6-v2,0.7,1
Genista michelii,Genista aprutia,0.7109,synonym,sentence-transformers/all-MiniLM-L6-v2,0.7,1
Mora excelsa,Dimorphandra guianensis,0.2146,not synonym,sentence-transformers/all-MiniLM-L6-v2,0.7,1
Monnina densa,Inga ornifolia,0.3707,not synonym,sentence-transformers/all-MiniLM-L6-v2,0.7,0
Gonocytisus pterocladus,Genista pteroclada,0.3744,not synonym,sentence-transformers/all-MiniLM-L6-v2,0.7,1
Genista micrantha,Tetrodea comosa,0.4206,not synonym,sentence-transformers/all-MiniLM-L6-v2,0.7,0
Archidendron lucyi,Nissolia leiophylla,0.1523,not synonym,sentence-transformers/all-MiniLM-L6-v2,0.7,0
Bredemeyera brevifolia,Chordospartium stevensonii,0.281,not synonym,sentence-transformers/all-MiniLM-L6-v2,0.7,0
Ononis baetica,Machaerium rectipes,0.1371,not synonym,sentence-transformers/all-MiniLM-L6-v2,0.7,0
Microcharis tritoides,Machaerium splendens,0.2945,not synonym,sentence-transformers/all-MiniLM-L6-v2,0.7,0
Muraltia depressa,Feuilleea flagelliformis,0.2431,not synonym,sentence-transformers/all-MiniLM-L6-v2,0.7,0
Genista umbellata,Tetragonolobus biflorus,0.1886,not synonym,sentence-transformers/all-MiniLM-L6-v2,0.7,0
Muraltia aspalatha,Polygala phylicoides,0.2488,not synonym,sentence-transformers/all-MiniLM-L6-v2,0.7,1
Lotus krylovii,Lotus sergievskiae,0.6443,not synonym,sentence-transformers/all-MiniLM-L6-v2,0.7,1
Calobota cytisoides,Anthyllis capensis,0.3961,not synonym,sentence-transformers/all-MiniLM-L6-v2,0.7,1
Monnina fastigiata,Feuilleea obtusata,0.3811,not synonym,sentence-transformers/all-MiniLM-L6-v2,0.7,0
Millettia aurea,Neodunnia aurea,0.4964,not synonym,sentence-transformers/all-MiniLM-L6-v2,0.7,1
Chesneya cuneata,Caragana cuneata,0.7633,synonym,sentence-transformers/all-MiniLM-L6-v2,0.7,1
Brachypterum robustum,Inga langlassei,0.1107,not synonym,sentence-transformers/all-MiniLM-L6-v2,0.7,0
Chorizema spathulatum,Callistachys spathulata,0.6467,not synonym,sentence-transformers/all-MiniLM-L6-v2,0.7,1
Machaerium stipitatum,Polygala sphaerospora,0.18,not synonym,sentence-transformers/all-MiniLM-L6-v2,0.7,0
Lupinus andinus,Lupinus andinus,1.0,synonym,sentence-transformers/all-MiniLM-L6-v2,0.7,1
Calliandra houstoniana,Calliandra metrosiderifolia,0.6439,not synonym,sentence-transformers/all-MiniLM-L6-v2,0.7,1
Calobota linearifolia,Calliandra matudae,0.3744,not synonym,sentence-transformers/all-MiniLM-L6-v2,0.7,0
Flemingia parviflora,Feuilleea peckoltii,0.4515,not synonym,sentence-transformers/all-MiniLM-L6-v2,0.7,0
Acacia georginae,Racosperma georginae,0.3796,not synonym,sentence-transformers/all-MiniLM-L6-v2,0.7,1
Bossiaea ornata,Lalage hoveaefolia,0.2713,not synonym,sentence-transformers/all-MiniLM-L6-v2,0.7,1
Calliandra quetzal,Dimorphandra macrostachya,0.2098,not synonym,sentence-transformers/all-MiniLM-L6-v2,0.7,0
Hoita macrostachya,Lotodes macrostachyum,0.3887,not synonym,sentence-transformers/all-MiniLM-L6-v2,0.7,1
Comesperma virgatum,Bredemeyera virgata,0.5568,not synonym,sentence-transformers/all-MiniLM-L6-v2,0.7,1
Coulteria platyloba,Brasilettia pilosa,0.2939,not synonym,sentence-transformers/all-MiniLM-L6-v2,0.7,1
Limadendron hostmannii,Cyclolobium hostmannii,0.5854,not synonym,sentence-transformers/all-MiniLM-L6-v2,0.7,1
Eysenhardtia polystachya,Inga tenuirama,0.1432,not synonym,sentence-transformers/all-MiniLM-L6-v2,0.7,0
Carmichaelia hutchinsii,Carmispartium hutchinsii,0.6516,not synonym,sentence-transformers/all-MiniLM-L6-v2,0.7,1
Ononis minutissima,Anonis minutissima,0.6036,not synonym,sentence-transformers/all-MiniLM-L6-v2,0.7,1
Acacia leichhardtii,Phaseoloides xylocarpum,0.3134,not synonym,sentence-transformers/all-MiniLM-L6-v2,0.7,0
Archidendron monopterum,Senega graebiana,0.2239,not synonym,sentence-transformers/all-MiniLM-L6-v2,0.7,0
Inga chocoensis,Polygala americana,0.472,not synonym,sentence-transformers/all-MiniLM-L6-v2,0.7,0
Archidendron lucyi,Pithecolobium lucyi,0.5463,not synonym,sentence-transformers/all-MiniLM-L6-v2,0.7,1
Genista aristata,Cytisus milleri,0.165,not synonym,sentence-transformers/all-MiniLM-L6-v2,0.7,1
Brya ebenus,Abarema occultata,0.3623,not synonym,sentence-transformers/all-MiniLM-L6-v2,0.7,0
Dialium orientale,Dialium reticulatum,0.5115,not synonym,sentence-transformers/all-MiniLM-L6-v2,0.7,1
Monnina bonplandiana,Monnina nemorosa,0.7152,synonym,sentence-transformers/all-MiniLM-L6-v2,0.7,1
Millettia sericea,Phaseolodes sericeum,0.4437,not synonym,sentence-transformers/all-MiniLM-L6-v2,0.7,1
Inga sapindoides,Feuilleea sapindodes,0.5504,not synonym,sentence-transformers/all-MiniLM-L6-v2,0.7,1
Mora ekmanii,Moghania rhodocarpa,0.4021,not synonym,sentence-transformers/all-MiniLM-L6-v2,0.7,0
Xanthophyllum rufum,Banisterodes rufum,0.5037,not synonym,sentence-transformers/all-MiniLM-L6-v2,0.7,1
Asemeia violacea,Polygala brizoides,0.3307,not synonym,sentence-transformers/all-MiniLM-L6-v2,0.7,1
Archidendron gogolense,Catocoma floribunda,0.1724,not synonym,sentence-transformers/all-MiniLM-L6-v2,0.7,0
Archidendron kerrii,Cylindrokelupha kerrii,0.6325,not synonym,sentence-transformers/all-MiniLM-L6-v2,0.7,1
Calliandra hirtiflora,Feuilleea hirtiflora,0.6411,not synonym,sentence-transformers/all-MiniLM-L6-v2,0.7,1
Lotus herbaceus,Lotus intermedius,0.6881,not synonym,sentence-transformers/all-MiniLM-L6-v2,0.7,1
Acacia decora,Racosperma decorum,0.2558,not synonym,sentence-transformers/all-MiniLM-L6-v2,0.7,1
Monnina celastroides,Monnina rupestris,0.6604,not synonym,sentence-transformers/all-MiniLM-L6-v2,0.7,1
Calliandra comosa,Anneslia comosa,0.6225,not synonym,sentence-transformers/all-MiniLM-L6-v2,0.7,1
Archidendron sessile,Albizia sessilis,0.2849,not synonym,sentence-transformers/all-MiniLM-L6-v2,0.7,1
Machaerium brasiliense,Spartium gymnopterum,0.2939,not synonym,sentence-transformers/all-MiniLM-L6-v2,0.7,0
Polygala pseudocoelosioides,Polygala nutkana,0.526,not synonym,sentence-transformers/all-MiniLM-L6-v2,0.7,0
Inga vulpina,Inga vulpina,1.0,synonym,sentence-transformers/all-MiniLM-L6-v2,0.7,1
Genista pubescens,Polygala dichroma,0.2164,not synonym,sentence-transformers/all-MiniLM-L6-v2,0.7,0
Hoffmannseggia eremophila,Zuccagnia mucronata,0.3153,not synonym,sentence-transformers/all-MiniLM-L6-v2,0.7,1
Berlinia bracteosa,Berlinia mayumbensis,0.5743,not synonym,sentence-transformers/all-MiniLM-L6-v2,0.7,1
Millettia glaucescens,Atroxima macrostachya,0.2453,not synonym,sentence-transformers/all-MiniLM-L6-v2,0.7,0
Securidaca macrocarpa,Ononis aggregata,0.2796,not synonym,sentence-transformers/all-MiniLM-L6-v2,0.7,0
Securidaca calophylla,Lotus lamprocarpus,0.3296,not synonym,sentence-transformers/all-MiniLM-L6-v2,0.7,0
Lotus maritimus,Tetragonolobus glaucus,0.2339,not synonym,sentence-transformers/all-MiniLM-L6-v2,0.7,1
Archidendron ellipticum,Quillaja lanceolata,0.1494,not synonym,sentence-transformers/all-MiniLM-L6-v2,0.7,0
Calliandra laxa,Polygala insularis,0.3529,not synonym,sentence-transformers/all-MiniLM-L6-v2,0.7,0
Comesperma ciliatum,Bredemeyera ciliata,0.4956,not synonym,sentence-transformers/all-MiniLM-L6-v2,0.7,1
Xanthophyllum flavescens,Xanthophyllum loheri,0.8113,synonym,sentence-transformers/all-MiniLM-L6-v2,0.7,1
Gilbertiodendron klainei,Diphysa robinioides,0.2405,not synonym,sentence-transformers/all-MiniLM-L6-v2,0.7,0
Glycine tabacina,Kennedynella elongata,0.3617,not synonym,sentence-transformers/all-MiniLM-L6-v2,0.7,1
Inga inundata,Machaerium robiniaefolium,0.1252,not synonym,sentence-transformers/all-MiniLM-L6-v2,0.7,0
Amphicarpaea edgeworthii,Mimosa peruviana,0.3199,not synonym,sentence-transformers/all-MiniLM-L6-v2,0.7,0
Archidendron molle,Flemingia sericans,0.1608,not synonym,sentence-transformers/all-MiniLM-L6-v2,0.7,0
Calliandra fasciculata,Feuilleea benthamiana,0.397,not synonym,sentence-transformers/all-MiniLM-L6-v2,0.7,1
Millettia grandis,Dendrospartum aetnense,0.2043,not synonym,sentence-transformers/all-MiniLM-L6-v2,0.7,0
Machaerium incorruptibile,Chaetocalyx glaziouvii,0.1574,not synonym,sentence-transformers/all-MiniLM-L6-v2,0.7,0
Genista sericea,Cytisus sericeus,0.3548,not synonym,sentence-transformers/all-MiniLM-L6-v2,0.7,1
Hoffmannseggia eremophila,Hoffmannseggia philippiana,0.7266,synonym,sentence-transformers/all-MiniLM-L6-v2,0.7,1
Acacia papulosa,Racosperma papulosum,0.3504,not synonym,sentence-transformers/all-MiniLM-L6-v2,0.7,1
Genista tenera,Acacia fuliginea,0.1296,not synonym,sentence-transformers/all-MiniLM-L6-v2,0.7,0
Lotus jacobaeus,Muraltia brevicornu,0.2422,not synonym,sentence-transformers/all-MiniLM-L6-v2,0.7,0
Kotschya speciosa,Smithia speciosa,0.5178,not synonym,sentence-transformers/all-MiniLM-L6-v2,0.7,1
Inga chartacea,Feuilleea chartacea,0.5804,not synonym,sentence-transformers/all-MiniLM-L6-v2,0.7,1
Echinospartum barnadesii,Smithia prittwitzii,0.3624,not synonym,sentence-transformers/all-MiniLM-L6-v2,0.7,0
Acacia prainii,Acacia prolifera,0.8607,synonym,sentence-transformers/all-MiniLM-L6-v2,0.7,1
Monrosia pterolopha,Pithecellobium conspicuum,0.4024,not synonym,sentence-transformers/all-MiniLM-L6-v2,0.7,0
Cyclopia genistoides,Elsota ovalifolia,0.2512,not synonym,sentence-transformers/all-MiniLM-L6-v2,0.7,0
Glycine tabacina,Chrystolia violacea,0.2323,not synonym,sentence-transformers/all-MiniLM-L6-v2,0.7,1
Inga pilosula,Polygala serpentaria,0.4099,not synonym,sentence-transformers/all-MiniLM-L6-v2,0.7,0
Microcharis longicalyx,Indigofera longicalyx,0.4915,not synonym,sentence-transformers/all-MiniLM-L6-v2,0.7,1
Millettia macrophylla,Diclidanthera breviflora,0.274,not synonym,sentence-transformers/all-MiniLM-L6-v2,0.7,0
Brachypterum robustum,Salomonia setosociliata,0.2562,not synonym,sentence-transformers/all-MiniLM-L6-v2,0.7,0
Aphanocalyx trapnellii,Ononis alopecuroides,0.2555,not synonym,sentence-transformers/all-MiniLM-L6-v2,0.7,0
Chesneya nubigena,Spongiocarpella nubigena,0.6464,not synonym,sentence-transformers/all-MiniLM-L6-v2,0.7,1
Genista triquetra,Maughania macrophylla,0.311,not synonym,sentence-transformers/all-MiniLM-L6-v2,0.7,0
Lupinus hirsutus,Lupinus hirsutus,1.0,synonym,sentence-transformers/all-MiniLM-L6-v2,0.7,1
Asemeia grandiflora,Phaseolus oblongifolius,0.3786,not synonym,sentence-transformers/all-MiniLM-L6-v2,0.7,0
Millettia thonningii,Millettia atite,0.7193,synonym,sentence-transformers/all-MiniLM-L6-v2,0.7,1
Nissolia latisiliqua,Poiretia latisiliquosa,0.6259,not synonym,sentence-transformers/all-MiniLM-L6-v2,0.7,1
Genista stenopetala,Telinaria stenopetala,0.5216,not synonym,sentence-transformers/all-MiniLM-L6-v2,0.7,1
Chesneya villosa,Sphinctolobium floribundum,0.239,not synonym,sentence-transformers/all-MiniLM-L6-v2,0.7,0
Genista januensis,Podalyria aurea,0.3581,not synonym,sentence-transformers/all-MiniLM-L6-v2,0.7,0
Archidendron lucyi,Genista inermis,0.1763,not synonym,sentence-transformers/all-MiniLM-L6-v2,0.7,0
Securidaca longepedunculata,Securidaca oblongifolia,0.6488,not synonym,sentence-transformers/all-MiniLM-L6-v2,0.7,1
Muraltia heisteria,Heisteria pungens,0.657,not synonym,sentence-transformers/all-MiniLM-L6-v2,0.7,1
Lotus mlanjeanus,Machaerium lineatum,0.2263,not synonym,sentence-transformers/all-MiniLM-L6-v2,0.7,0
Inga heterophylla,Brachystegia klainei,0.3559,not synonym,sentence-transformers/all-MiniLM-L6-v2,0.7,0
Caamembeca andina,Polygala bangiana,0.5038,not synonym,sentence-transformers/all-MiniLM-L6-v2,0.7,1
Muraltia mitior,Chorizema spectabile,0.3001,not synonym,sentence-transformers/all-MiniLM-L6-v2,0.7,0
Flemingia nana,Astragalus fernandezianus,0.2803,not synonym,sentence-transformers/all-MiniLM-L6-v2,0.7,0
Erythrostemon pannosus,Paralbizzia turgida,0.3103,not synonym,sentence-transformers/all-MiniLM-L6-v2,0.7,0
Gastrolobium spathulatum,Gastrolobium spathulatum,1.0,synonym,sentence-transformers/all-MiniLM-L6-v2,0.7,1
Millettia grandis,Monnina bifurcata,0.3688,not synonym,sentence-transformers/all-MiniLM-L6-v2,0.7,0
Myroxylon balsamum,Myroxylon punctatum,0.6238,not synonym,sentence-transformers/all-MiniLM-L6-v2,0.7,1
Archidendron jiringa,Inga attenuata,0.3245,not synonym,sentence-transformers/all-MiniLM-L6-v2,0.7,1
Monnina marginata,Aotus gracilis,0.2566,not synonym,sentence-transformers/all-MiniLM-L6-v2,0.7,0
Flemingia gracilis,Elsota diversifolia,0.3439,not synonym,sentence-transformers/all-MiniLM-L6-v2,0.7,0
Calliandra rubescens,Calliandra compacta,0.4959,not synonym,sentence-transformers/all-MiniLM-L6-v2,0.7,1
Millettia xylocarpa,Monnina huallagensis,0.411,not synonym,sentence-transformers/all-MiniLM-L6-v2,0.7,0
Monnina ciliolata,Monnina angustifolia,0.6177,not synonym,sentence-transformers/all-MiniLM-L6-v2,0.7,1
Inga inundata,Pithecellobium inundatum,0.4053,not synonym,sentence-transformers/all-MiniLM-L6-v2,0.7,1
Calliandra purpurea,Berlinia cabrae,0.3644,not synonym,sentence-transformers/all-MiniLM-L6-v2,0.7,0
Machaerium ovalifolium,Ononis ellipticifolia,0.3794,not synonym,sentence-transformers/all-MiniLM-L6-v2,0.7,0
Genista radiata,Elsota welwitschii,0.328,not synonym,sentence-transformers/all-MiniLM-L6-v2,0.7,0
Amphicarpaea bracteata,Amphicarpaea pitcheri,0.6532,not synonym,sentence-transformers/all-MiniLM-L6-v2,0.7,1
Amphicarpaea bracteata,Spartium ellipticum,0.2338,not synonym,sentence-transformers/all-MiniLM-L6-v2,0.7,0
Xanthophyllum lanceatum,Xanthophyllum glaucum,0.8395,synonym,sentence-transformers/all-MiniLM-L6-v2,0.7,1
Inga nuda,Millettia congolensis,0.1711,not synonym,sentence-transformers/all-MiniLM-L6-v2,0.7,0
Inga lomatophylla,Tetragonolobus palaestinus,0.2771,not synonym,sentence-transformers/all-MiniLM-L6-v2,0.7,0
Millettia drastica,Phaseoloides drasticum,0.4275,not synonym,sentence-transformers/all-MiniLM-L6-v2,0.7,1
Cyclopia galioides,Podalyria genistoides,0.3542,not synonym,sentence-transformers/all-MiniLM-L6-v2,0.7,1
Polygala karensium,Polygala yunnanensis,0.6657,not synonym,sentence-transformers/all-MiniLM-L6-v2,0.7,1
Hoffmannseggia drepanocarpa,Pithecellobium lobatum,0.2895,not synonym,sentence-transformers/all-MiniLM-L6-v2,0.7,0
Calliandra rubescens,Calliandra xalapensis,0.5201,not synonym,sentence-transformers/all-MiniLM-L6-v2,0.7,1
Acacia prominens,Cylindrokelupha balansae,0.3241,not synonym,sentence-transformers/all-MiniLM-L6-v2,0.7,0
Calliandra rigida,Feuilleea rigida,0.582,not synonym,sentence-transformers/all-MiniLM-L6-v2,0.7,1
Julbernardia paniculata,Westia paniculata,0.6962,not synonym,sentence-transformers/all-MiniLM-L6-v2,0.7,1
Amphicarpaea ferruginea,Glycine ferruginea,0.6589,not synonym,sentence-transformers/all-MiniLM-L6-v2,0.7,1
Flemingia trifoliata,Lespedeza involucrata,0.2894,not synonym,sentence-transformers/all-MiniLM-L6-v2,0.7,1
Brachypterum eriocarpum,Solori eriocarpa,0.3915,not synonym,sentence-transformers/all-MiniLM-L6-v2,0.7,1
Dialium zenkeri,Smithia strigosa,0.1047,not synonym,sentence-transformers/all-MiniLM-L6-v2,0.7,0
Hoffmannseggia humilis,Albizia sessilis,0.5178,not synonym,sentence-transformers/all-MiniLM-L6-v2,0.7,0
Calliandra selloi,Pteromonnina filifolia,0.2713,not synonym,sentence-transformers/all-MiniLM-L6-v2,0.7,0
Polygala sphenoptera,Cassia fluminensis,0.2666,not synonym,sentence-transformers/all-MiniLM-L6-v2,0.7,0
Acacia paradoxa,Polygala albowiana,0.4666,not synonym,sentence-transformers/all-MiniLM-L6-v2,0.7,0
Erythrostemon nicaraguensis,Lotus borzii,0.1909,not synonym,sentence-transformers/all-MiniLM-L6-v2,0.7,0
Acacia piligera,Monnina eriocarpa,0.3088,not synonym,sentence-transformers/all-MiniLM-L6-v2,0.7,0
Brachypterum cumingii,Deguelia cumingii,0.5029,not synonym,sentence-transformers/all-MiniLM-L6-v2,0.7,1
Acanthocladus brasiliensis,Acacia haematomma,0.4078,not synonym,sentence-transformers/all-MiniLM-L6-v2,0.7,0
Acacia courtii,Racosperma courtii,0.3451,not synonym,sentence-transformers/all-MiniLM-L6-v2,0.7,1
Acacia hubbardiana,Damapana africana,0.3146,not synonym,sentence-transformers/all-MiniLM-L6-v2,0.7,0
Bredemeyera brevifolia,Racosperma echinulum,0.0156,not synonym,sentence-transformers/all-MiniLM-L6-v2,0.7,0
Lupinus luteus,Albizia alternifoliolata,0.2461,not synonym,sentence-transformers/all-MiniLM-L6-v2,0.7,0
Machaerium humboldtianum,Nissolia aculeata,0.2624,not synonym,sentence-transformers/all-MiniLM-L6-v2,0.7,1
Acacia microcalyx,Polygala psammophila,0.24,not synonym,sentence-transformers/all-MiniLM-L6-v2,0.7,0
Lupinus littoralis,Lupinus franciscanus,0.7217,synonym,sentence-transformers/all-MiniLM-L6-v2,0.7,1
Ononis arvensis,Listera anglica,0.3945,not synonym,sentence-transformers/all-MiniLM-L6-v2,0.7,0
Calliandra bella,Acacia bella,0.5751,not synonym,sentence-transformers/all-MiniLM-L6-v2,0.7,1
Hoffmannseggia microphylla,Oxylobium spathulatum,0.2629,not synonym,sentence-transformers/all-MiniLM-L6-v2,0.7,0
Inga maynensis,Inga herthae,0.5875,not synonym,sentence-transformers/all-MiniLM-L6-v2,0.7,1
Nissolia vincentina,Cytisanthus barnadesii,0.2315,not synonym,sentence-transformers/all-MiniLM-L6-v2,0.7,0
Archidendron bigeminum,Lotus americanus,0.2413,not synonym,sentence-transformers/all-MiniLM-L6-v2,0.7,0
Apios chendezhaoana,Sinolegumenea chendezhaoana,0.7035,synonym,sentence-transformers/all-MiniLM-L6-v2,0.7,1
Calliandra laxa,Acacia laxa,0.5016,not synonym,sentence-transformers/all-MiniLM-L6-v2,0.7,1
Dialium kunstleri,Dialium trifoliolatum,0.443,not synonym,sentence-transformers/all-MiniLM-L6-v2,0.7,1
Comesperma nudiusculum,Comesperma megapteryga,0.5699,not synonym,sentence-transformers/all-MiniLM-L6-v2,0.7,1
Calliandra tweedii,Calliandra foliosa,0.5906,not synonym,sentence-transformers/all-MiniLM-L6-v2,0.7,1
Genista pilosa,Telinaria pilosa,0.5545,not synonym,sentence-transformers/all-MiniLM-L6-v2,0.7,1
Brachypterum microphyllum,Acacia bella,0.1475,not synonym,sentence-transformers/all-MiniLM-L6-v2,0.7,0
Heterostemon impar,Mimosa subnervosa,0.2158,not synonym,sentence-transformers/all-MiniLM-L6-v2,0.7,0
Hoffmannseggia prostrata,Hoffmannseggia gracilis,0.7975,synonym,sentence-transformers/all-MiniLM-L6-v2,0.7,1
Archidendron balansae,Pithecellobium balansae,0.4545,not synonym,sentence-transformers/all-MiniLM-L6-v2,0.7,1
Inga inicuil,Polygala scutellata,0.3022,not synonym,sentence-transformers/all-MiniLM-L6-v2,0.7,0
Securidaca calophylla,Monnina calophylla,0.7141,synonym,sentence-transformers/all-MiniLM-L6-v2,0.7,1
Millettia drastica,Millettia seretii,0.7356,synonym,sentence-transformers/all-MiniLM-L6-v2,0.7,1
Brachypterum robustum,Brachypterum polyphyllum,0.712,synonym,sentence-transformers/all-MiniLM-L6-v2,0.7,1
Muraltia aspalatha,Cytisus hillebrandii,0.2466,not synonym,sentence-transformers/all-MiniLM-L6-v2,0.7,0
Genista monspessulana,Monopetalanthus ledermannii,0.259,not synonym,sentence-transformers/all-MiniLM-L6-v2,0.7,0
Calobota angustifolia,Lebeckia angustifolia,0.6035,not synonym,sentence-transformers/all-MiniLM-L6-v2,0.7,1
Lotus villicarpus,Mimosa velutina,0.2992,not synonym,sentence-transformers/all-MiniLM-L6-v2,0.7,0
Genista anglica,Listera anglica,0.3864,not synonym,sentence-transformers/all-MiniLM-L6-v2,0.7,1
Chesneya rytidosperma,Chesneya euphratensis,0.6056,not synonym,sentence-transformers/all-MiniLM-L6-v2,0.7,1
Brachypterum scandens,Xanthophyllum glabrescens,0.2535,not synonym,sentence-transformers/all-MiniLM-L6-v2,0.7,0
Xanthophyllum sylvestre,Eystathes sylvestris,0.3781,not synonym,sentence-transformers/all-MiniLM-L6-v2,0.7,1
Genista canariensis,Teline ramosissima,0.1736,not synonym,sentence-transformers/all-MiniLM-L6-v2,0.7,1
Bossiaea rufa,Bossiaea paucifolia,0.6008,not synonym,sentence-transformers/all-MiniLM-L6-v2,0.7,1
Inga cookii,Calliandra cinerea,0.4062,not synonym,sentence-transformers/all-MiniLM-L6-v2,0.7,0
Polygala subandina,Polygala mendocina,0.7461,synonym,sentence-transformers/all-MiniLM-L6-v2,0.7,1
Bossiaea cinerea,Bossiaea tenuicaulis,0.7978,synonym,sentence-transformers/all-MiniLM-L6-v2,0.7,1
Inga fastuosa,Cylindrokelupha annamense,0.3244,not synonym,sentence-transformers/all-MiniLM-L6-v2,0.7,0
Brachypterum microphyllum,Oxylobium dilatatum,0.3374,not synonym,sentence-transformers/all-MiniLM-L6-v2,0.7,0
Bredemeyera brevifolia,Dimorphandra megistosperma,0.2453,not synonym,sentence-transformers/all-MiniLM-L6-v2,0.7,0
Inga lallensis,Feuilleea lallensis,0.6994,not synonym,sentence-transformers/all-MiniLM-L6-v2,0.7,1
Muraltia ericoides,Inga dumosa,0.2751,not synonym,sentence-transformers/all-MiniLM-L6-v2,0.7,0
Genista tricuspidata,Genista linifolia,0.626,not synonym,sentence-transformers/all-MiniLM-L6-v2,0.7,0
Hebecarpa punctata,Hebecarpa glandulosa,0.801,synonym,sentence-transformers/all-MiniLM-L6-v2,0.7,1
Gastrolobium linearifolium,Anneslia rhodocephala,0.3405,not synonym,sentence-transformers/all-MiniLM-L6-v2,0.7,0
Ebenus argentea,Genista britannica,0.3033,not synonym,sentence-transformers/all-MiniLM-L6-v2,0.7,0
Inga crassiflora,Inga grandiflora,0.6895,not synonym,sentence-transformers/all-MiniLM-L6-v2,0.7,1
Bossiaea cinerea,Flemingia wightiana,0.4147,not synonym,sentence-transformers/all-MiniLM-L6-v2,0.7,0
Asemeia grandiflora,Polygala pubescens,0.3391,not synonym,sentence-transformers/all-MiniLM-L6-v2,0.7,1
Ononis minutissima,Heisteria ononidifolia,0.4086,not synonym,sentence-transformers/all-MiniLM-L6-v2,0.7,0
Aotus ericoides,Monnina floribunda,0.3109,not synonym,sentence-transformers/all-MiniLM-L6-v2,0.7,0
Lotus dorycnium,Dorycnium tomentosum,0.6414,not synonym,sentence-transformers/all-MiniLM-L6-v2,0.7,1
Calliandra hirsuta,Acanthocladus microphylla,0.2708,not synonym,sentence-transformers/all-MiniLM-L6-v2,0.7,0
Lotus biflorus,Tetragonolobus monanthos,0.2131,not synonym,sentence-transformers/all-MiniLM-L6-v2,0.7,1
Genista albida,Anneslia fasciculata,0.174,not synonym,sentence-transformers/all-MiniLM-L6-v2,0.7,0
Inga obtusata,Millettia dasyphylla,0.3336,not synonym,sentence-transformers/all-MiniLM-L6-v2,0.7,0
Gastrolobium acutum,Geissaspis katangensis,0.182,not synonym,sentence-transformers/all-MiniLM-L6-v2,0.7,0
Xanthophyllum flavescens,Caesalpinia texana,0.3812,not synonym,sentence-transformers/all-MiniLM-L6-v2,0.7,0
Muraltia macroceras,Muraltia macroceratia,0.9466,synonym,sentence-transformers/all-MiniLM-L6-v2,0.7,1
Polygala sphenoptera,Acacia bilaura,0.2851,not synonym,sentence-transformers/all-MiniLM-L6-v2,0.7,0
Flemingia nilgheriensis,Inga quassiaefolia,0.3573,not synonym,sentence-transformers/all-MiniLM-L6-v2,0.7,0
Ebenus stellata,Polygala microloncha,0.425,not synonym,sentence-transformers/all-MiniLM-L6-v2,0.7,0
Coulteria glabra,Brasilettia glabra,0.5341,not synonym,sentence-transformers/all-MiniLM-L6-v2,0.7,1
Comesperma calymega,Comesperma spathulatum,0.5993,not synonym,sentence-transformers/all-MiniLM-L6-v2,0.7,1
Acanthocladus dichromus,Anneslia houstoniana,0.2555,not synonym,sentence-transformers/all-MiniLM-L6-v2,0.7,0
Dialium polyanthum,Phaseoloides urophyllum,0.3726,not synonym,sentence-transformers/all-MiniLM-L6-v2,0.7,0
Archidendron merrillii,Hansemannia pachycarpa,0.2816,not synonym,sentence-transformers/all-MiniLM-L6-v2,0.7,0
Dialium bipindense,Dialium connaroides,0.6078,not synonym,sentence-transformers/all-MiniLM-L6-v2,0.7,1
Betencourtia crassifolia,Parryella rotundata,0.3332,not synonym,sentence-transformers/all-MiniLM-L6-v2,0.7,0
Polygala baumii,Securidaca floribunda,0.4167,not synonym,sentence-transformers/all-MiniLM-L6-v2,0.7,0
Millettia piscidia,Anonis pusilla,0.3593,not synonym,sentence-transformers/all-MiniLM-L6-v2,0.7,0
Polygala nicaeensis,Polygala nicaeensis,1.0,synonym,sentence-transformers/all-MiniLM-L6-v2,0.7,1
Monnina linearifolia,Aruna divaricata,0.3644,not synonym,sentence-transformers/all-MiniLM-L6-v2,0.7,0
Genista pilosa,Cytisus pilosus,0.3986,not synonym,sentence-transformers/all-MiniLM-L6-v2,0.7,1
Angylocalyx oligophyllus,Angylocalyx trifoliolatus,0.672,not synonym,sentence-transformers/all-MiniLM-L6-v2,0.7,1
Nogra dalzellii,Galactia simplicifolia,0.3062,not synonym,sentence-transformers/all-MiniLM-L6-v2,0.7,1
Inga sapindoides,Inga rodrigueziana,0.5591,not synonym,sentence-transformers/all-MiniLM-L6-v2,0.7,1
Calliandra caeciliae,Gilbertiodendron taiense,0.3696,not synonym,sentence-transformers/all-MiniLM-L6-v2,0.7,0
Monnina parviflora,Polygala cornuta,0.3858,not synonym,sentence-transformers/all-MiniLM-L6-v2,0.7,0
Securidaca tomentosa,Securidaca rufescens,0.7145,synonym,sentence-transformers/all-MiniLM-L6-v2,0.7,1
Millettia glaucescens,Hebecarpa grandiflora,0.3199,not synonym,sentence-transformers/all-MiniLM-L6-v2,0.7,0
Calliandra pauciflora,Calliandra nipensis,0.5521,not synonym,sentence-transformers/all-MiniLM-L6-v2,0.7,1
Lotus jordanii,Machaerium caicarense,0.314,not synonym,sentence-transformers/all-MiniLM-L6-v2,0.7,0
Polygala celosioides,Polygala pseudocelosioides,0.6862,not synonym,sentence-transformers/all-MiniLM-L6-v2,0.7,1
Muraltia stipulacea,Polygala stipulacea,0.674,not synonym,sentence-transformers/all-MiniLM-L6-v2,0.7,1
Muraltia rubeacea,Heistera metalasiifolia,0.3495,not synonym,sentence-transformers/all-MiniLM-L6-v2,0.7,1
Flemingia grahamiana,Flemingia capitata,0.7024,synonym,sentence-transformers/all-MiniLM-L6-v2,0.7,0
Genista daurica,Genista daurica,1.0,synonym,sentence-transformers/all-MiniLM-L6-v2,0.7,1
Hippocrepis scabra,Lupinus finitus,0.3189,not synonym,sentence-transformers/all-MiniLM-L6-v2,0.7,0
Machaerium goudotii,Mimosa comosa,0.1472,not synonym,sentence-transformers/all-MiniLM-L6-v2,0.7,0
Monnina pterocarpa,Lupinus semiverticillatus,0.2126,not synonym,sentence-transformers/all-MiniLM-L6-v2,0.7,0
Archidendron contortum,Cytisus pubescens,0.1914,not synonym,sentence-transformers/all-MiniLM-L6-v2,0.7,0
Echinospartum boissieri,Genista webbii,0.2813,not synonym,sentence-transformers/all-MiniLM-L6-v2,0.7,1
Inga lomatophylla,Feuilleea speciosa,0.3988,not synonym,sentence-transformers/all-MiniLM-L6-v2,0.7,1
Genista sibirica,Polygala caracasana,0.3752,not synonym,sentence-transformers/all-MiniLM-L6-v2,0.7,0
Nissolia tomentosa,Polygala dimorphophylla,0.19,not synonym,sentence-transformers/all-MiniLM-L6-v2,0.7,0
Acacia hamiltoniana,Mimosa tetraphylla,0.2956,not synonym,sentence-transformers/all-MiniLM-L6-v2,0.7,0
Eysenhardtia orthocarpa,Viborquia orthocarpa,0.6312,not synonym,sentence-transformers/all-MiniLM-L6-v2,0.7,1
Monnina martiana,Senega bonariensis,0.3166,not synonym,sentence-transformers/all-MiniLM-L6-v2,0.7,0
Polygala malesiana,Brasilettia velutina,0.2679,not synonym,sentence-transformers/all-MiniLM-L6-v2,0.7,0
Julbernardia paniculata,Polygala chloroptera,0.3625,not synonym,sentence-transformers/all-MiniLM-L6-v2,0.7,0
Hippocrepis comosa,Drepanocarpus costaricensis,0.1901,not synonym,sentence-transformers/all-MiniLM-L6-v2,0.7,0
Lotus cytisoides,Albizia pentzkeana,0.3082,not synonym,sentence-transformers/all-MiniLM-L6-v2,0.7,0
Rhinotropis maravillasensis,Polygala maravillasensis,0.5034,not synonym,sentence-transformers/all-MiniLM-L6-v2,0.7,1
Xanthophyllum flavescens,Maughania rhodocarpa,0.1903,not synonym,sentence-transformers/all-MiniLM-L6-v2,0.7,0
Acacia microbotrya,Caesalpinia intricata,0.3833,not synonym,sentence-transformers/all-MiniLM-L6-v2,0.7,0
Asemeia extraaxillaris,Dialium praetermissum,0.2265,not synonym,sentence-transformers/all-MiniLM-L6-v2,0.7,0
Calliandra aeschynomenoides,Mundtia capensis,0.2383,not synonym,sentence-transformers/all-MiniLM-L6-v2,0.7,0
Archidendron contortum,Pithecellobium contortum,0.5046,not synonym,sentence-transformers/all-MiniLM-L6-v2,0.7,1
Muraltia ononidifolia,Mundia heterophylla,0.4701,not synonym,sentence-transformers/all-MiniLM-L6-v2,0.7,1
Machaerium eriocarpum,Machaerium spinosum,0.5919,not synonym,sentence-transformers/all-MiniLM-L6-v2,0.7,1
Polygala sphenoptera,Polygala ukambica,0.4858,not synonym,sentence-transformers/all-MiniLM-L6-v2,0.7,1
Ononis fruticosa,Cytisus kunzeanus,0.2866,not synonym,sentence-transformers/all-MiniLM-L6-v2,0.7,0
Asemeia hebeclada,Tetragonolobus conjugatus,0.3347,not synonym,sentence-transformers/all-MiniLM-L6-v2,0.7,0
Archidendron utile,Pteromonnina linearifolia,0.1873,not synonym,sentence-transformers/all-MiniLM-L6-v2,0.7,0
Inga sessilis,Feuilleea sessilis,0.5999,not synonym,sentence-transformers/all-MiniLM-L6-v2,0.7,1
Polygala longifolia,Polygala discolor,0.6237,not synonym,sentence-transformers/all-MiniLM-L6-v2,0.7,1
Delonix decaryi,Poinciana decaryi,0.6,not synonym,sentence-transformers/all-MiniLM-L6-v2,0.7,1
Lupinus sabinianus,Lupinus sabinianus,1.0,synonym,sentence-transformers/all-MiniLM-L6-v2,0.7,1
Archidendron kinubaluense,Ibbetsonia genistoides,0.0335,not synonym,sentence-transformers/all-MiniLM-L6-v2,0.7,0
Padbruggea maingayi,Phaseoloides maingayi,0.3971,not synonym,sentence-transformers/all-MiniLM-L6-v2,0.7,1
Hebecarpa caracasana,Polygala retifera,0.1174,not synonym,sentence-transformers/all-MiniLM-L6-v2,0.7,1
Caamembeca warmingiana,Polygala warmingiana,0.6921,not synonym,sentence-transformers/all-MiniLM-L6-v2,0.7,1
Gastrolobium heterophyllum,Anneslia peninsularis,0.2911,not synonym,sentence-transformers/all-MiniLM-L6-v2,0.7,0
Muraltia alopecuroides,Muraltia squarrosa,0.523,not synonym,sentence-transformers/all-MiniLM-L6-v2,0.7,1
Carmichaelia australis,Carmichaelia solandri,0.7786,synonym,sentence-transformers/all-MiniLM-L6-v2,0.7,1
Genista monspessulana,Cytisus syriacus,0.2518,not synonym,sentence-transformers/all-MiniLM-L6-v2,0.7,1
Genista anglica,Genista inermis,0.6925,not synonym,sentence-transformers/all-MiniLM-L6-v2,0.7,1
Chorizema glycinifolium,Polygala hondurana,0.2597,not synonym,sentence-transformers/all-MiniLM-L6-v2,0.7,0
Chorizema diversifolium,Inga yunckeri,0.0995,not synonym,sentence-transformers/all-MiniLM-L6-v2,0.7,0
Polygala appressa,Westia auriculata,0.4013,not synonym,sentence-transformers/all-MiniLM-L6-v2,0.7,0
Phlebotaenia cowellii,Securidaca atropurpurea,0.3046,not synonym,sentence-transformers/all-MiniLM-L6-v2,0.7,0
Amburana cearensis,Polygala thymifolia,0.2686,not synonym,sentence-transformers/all-MiniLM-L6-v2,0.7,0
Daniellia soyauxii,Oxylobium emarginatum,0.225,not synonym,sentence-transformers/all-MiniLM-L6-v2,0.7,0
Muraltia muraltioides,Muraltia beiliana,0.7466,synonym,sentence-transformers/all-MiniLM-L6-v2,0.7,1
Chorizema nervosum,Chorizema parvifolium,0.6002,not synonym,sentence-transformers/all-MiniLM-L6-v2,0.7,1
Dialium polyanthum,Dialium aubrevillei,0.5858,not synonym,sentence-transformers/all-MiniLM-L6-v2,0.7,1
Hebecarpa barbeyana,Polygala longa,0.2782,not synonym,sentence-transformers/all-MiniLM-L6-v2,0.7,1
Genista morisii,Genista microphylla,0.6193,not synonym,sentence-transformers/all-MiniLM-L6-v2,0.7,1
Genista monspessulana,Torresea cearensis,0.3957,not synonym,sentence-transformers/all-MiniLM-L6-v2,0.7,0
Brachypterum robustum,Dalbergia momsita,0.2379,not synonym,sentence-transformers/all-MiniLM-L6-v2,0.7,1
Xanthophyllum vitellinum,Banisterodes longifolium,0.3683,not synonym,sentence-transformers/all-MiniLM-L6-v2,0.7,1
Inga pleiogyna,Affonsea densiflora,0.4783,not synonym,sentence-transformers/all-MiniLM-L6-v2,0.7,1
Monnina herzogii,Poinciana mexicana,0.4219,not synonym,sentence-transformers/all-MiniLM-L6-v2,0.7,0
Polygala hohenackeriana,Polygala camporum,0.7015,synonym,sentence-transformers/all-MiniLM-L6-v2,0.7,0
Rhinotropis parryi,Polygala parryi,0.6566,not synonym,sentence-transformers/all-MiniLM-L6-v2,0.7,1
Nogra dalzellii,Grona dalzellii,0.7053,synonym,sentence-transformers/all-MiniLM-L6-v2,0.7,1
Inga laurina,Genista tenella,0.4278,not synonym,sentence-transformers/all-MiniLM-L6-v2,0.7,0
Calliandra falcata,Feuilleea falcata,0.6241,not synonym,sentence-transformers/all-MiniLM-L6-v2,0.7,1
Glycine clandestina,Polygala subspinosa,0.1397,not synonym,sentence-transformers/all-MiniLM-L6-v2,0.7,0
Polygala eriocephala,Polygala eriocephala,1.0,synonym,sentence-transformers/all-MiniLM-L6-v2,0.7,1
Archidendron balansae,Cylindrokelupha balansae,0.5308,not synonym,sentence-transformers/all-MiniLM-L6-v2,0.7,1
Mundulea sericea,Tephrosia sericea,0.5529,not synonym,sentence-transformers/all-MiniLM-L6-v2,0.7,1
Calpurnia intrusa,Bredemeyera sphaerocarpa,0.3664,not synonym,sentence-transformers/all-MiniLM-L6-v2,0.7,0
Lupinus pubescens,Polygala jablotzkiana,0.2484,not synonym,sentence-transformers/all-MiniLM-L6-v2,0.7,0
Nissolia acutifolia,Rhadinocarpus acutifolius,0.4616,not synonym,sentence-transformers/all-MiniLM-L6-v2,0.7,1
Chorizema glycinifolium,Chorizema angustifolium,0.8187,synonym,sentence-transformers/all-MiniLM-L6-v2,0.7,1
Calliandra houstoniana,Polygala pauciramosa,0.3149,not synonym,sentence-transformers/all-MiniLM-L6-v2,0.7,0
Calobota sericea,Lebeckia sericea,0.6071,not synonym,sentence-transformers/all-MiniLM-L6-v2,0.7,1
Acacia chrysocephala,Dalbergia robusta,0.2938,not synonym,sentence-transformers/all-MiniLM-L6-v2,0.7,0
Caamembeca salicifolia,Polygala opaca,0.3251,not synonym,sentence-transformers/all-MiniLM-L6-v2,0.7,1
Hoffmannseggia pumilio,Caesalpinia pumilio,0.5714,not synonym,sentence-transformers/all-MiniLM-L6-v2,0.7,1
Xanthophyllum rufum,Xanthophyllum heteropleurum,0.7905,synonym,sentence-transformers/all-MiniLM-L6-v2,0.7,1
Machaerium arboreum,Machaerium acuminatum,0.6167,not synonym,sentence-transformers/all-MiniLM-L6-v2,0.7,1
Archidendron cordifolium,Comesperma gracile,0.1538,not synonym,sentence-transformers/all-MiniLM-L6-v2,0.7,0
Monnina ligustrina,Hebeandra ligustrina,0.6122,not synonym,sentence-transformers/all-MiniLM-L6-v2,0.7,1
Asemeia monninoides,Polygala oleaefolia,0.4434,not synonym,sentence-transformers/all-MiniLM-L6-v2,0.7,0
Moutabea aculeata,Polygala robinsonii,0.3939,not synonym,sentence-transformers/all-MiniLM-L6-v2,0.7,0
Lotus angustissimus,Lotus fallax,0.6765,not synonym,sentence-transformers/all-MiniLM-L6-v2,0.7,1
Camoensia scandens,Acacia pterocarpa,0.2236,not synonym,sentence-transformers/all-MiniLM-L6-v2,0.7,0
Ononis spinosa,Myrospermum sonsonatense,0.2972,not synonym,sentence-transformers/all-MiniLM-L6-v2,0.7,0
Gastrolobium dorrienii,Senega leucantha,0.2952,not synonym,sentence-transformers/all-MiniLM-L6-v2,0.7,0
Gilbertiodendron preussii,Gilbertiodendron taiense,0.7266,synonym,sentence-transformers/all-MiniLM-L6-v2,0.7,1
Hippocrepis squamata,Hippocrepis toletana,0.6097,not synonym,sentence-transformers/all-MiniLM-L6-v2,0.7,1
Hoffmannseggia peninsularis,Larrea peninsularis,0.695,not synonym,sentence-transformers/all-MiniLM-L6-v2,0.7,1
Flemingia macrophylla,Flemingia wightiana,0.6941,not synonym,sentence-transformers/all-MiniLM-L6-v2,0.7,1
Myroxylon peruiferum,Lugaion radiatum,0.3234,not synonym,sentence-transformers/all-MiniLM-L6-v2,0.7,0
Genista tenera,Telinaria virgata,0.3688,not synonym,sentence-transformers/all-MiniLM-L6-v2,0.7,1
Muraltia ciliaris,Muraltia fasciculata,0.7201,synonym,sentence-transformers/all-MiniLM-L6-v2,0.7,1
Archidendron fagifolium,Lonchocarpus comosus,0.2412,not synonym,sentence-transformers/all-MiniLM-L6-v2,0.7,0
Inga heterophylla,Mimosa dealbata,0.4326,not synonym,sentence-transformers/all-MiniLM-L6-v2,0.7,0
Genista germanica,Scorpius clusii,0.2394,not synonym,sentence-transformers/all-MiniLM-L6-v2,0.7,1
Lotus maritimus,Mimosa bigemina,0.2827,not synonym,sentence-transformers/all-MiniLM-L6-v2,0.7,0
Chesneya macrantha,Lotus unibracteatus,0.198,not synonym,sentence-transformers/all-MiniLM-L6-v2,0.7,0
Hoffmannseggia watsonii,Larrea watsonii,0.5936,not synonym,sentence-transformers/all-MiniLM-L6-v2,0.7,1
Calliandra cruegeri,Calliandra affinis,0.718,synonym,sentence-transformers/all-MiniLM-L6-v2,0.7,1
Polygala cymosa,Polygala corymbosa,0.7324,synonym,sentence-transformers/all-MiniLM-L6-v2,0.7,1
Polygala subandina,Polygala grisea,0.7944,synonym,sentence-transformers/all-MiniLM-L6-v2,0.7,1
Millettia sericea,Millettia zollingeriana,0.7084,synonym,sentence-transformers/all-MiniLM-L6-v2,0.7,1
Flemingia macrophylla,Flemingia macrophylla,1.0,synonym,sentence-transformers/all-MiniLM-L6-v2,0.7,1
Acacia georginae,Dalhousiea paucisperma,0.3278,not synonym,sentence-transformers/all-MiniLM-L6-v2,0.7,0
Securidaca lanceolata,Securidaca flexuosa,0.7918,synonym,sentence-transformers/all-MiniLM-L6-v2,0.7,1
Ononis arvensis,Genista scythica,0.1647,not synonym,sentence-transformers/all-MiniLM-L6-v2,0.7,0
Gilbertiodendron diphyllum,Pellegriniodendron diphyllum,0.8664,synonym,sentence-transformers/all-MiniLM-L6-v2,0.7,1
Polygala cymosa,Feuilleea guilleminiana,0.371,not synonym,sentence-transformers/all-MiniLM-L6-v2,0.7,0
Inga multicaulis,Berlinia grandiflora,0.3808,not synonym,sentence-transformers/all-MiniLM-L6-v2,0.7,0
Ancistrotropis clitorioides,Phaseolus modestus,0.4303,not synonym,sentence-transformers/all-MiniLM-L6-v2,0.7,1
Gastrolobium whicherense,Dialium acuminatum,0.2702,not synonym,sentence-transformers/all-MiniLM-L6-v2,0.7,0
Lupinus asa-grayanus,Lupinus cruckshanksii,0.6305,not synonym,sentence-transformers/all-MiniLM-L6-v2,0.7,1
Kotschya aeschynomenoides,Caesalpinia palmeri,0.175,not synonym,sentence-transformers/all-MiniLM-L6-v2,0.7,0
Asemeia violacea,Polygala pubescens,0.293,not synonym,sentence-transformers/all-MiniLM-L6-v2,0.7,1
Cyclopia maculata,Maughania parviflora,0.2973,not synonym,sentence-transformers/all-MiniLM-L6-v2,0.7,0
Muraltia spinosa,Mundtia albiflora,0.3939,not synonym,sentence-transformers/all-MiniLM-L6-v2,0.7,1
Flemingia nilgheriensis,Maughania nilgheriensis,0.6391,not synonym,sentence-transformers/all-MiniLM-L6-v2,0.7,1
Muraltia origanoides,Heisteria reticulata,0.4135,not synonym,sentence-transformers/all-MiniLM-L6-v2,0.7,1
Kotschya strobilantha,Oxylobium retusum,0.2612,not synonym,sentence-transformers/all-MiniLM-L6-v2,0.7,0
Genista michelii,Genista dalmatica,0.7397,synonym,sentence-transformers/all-MiniLM-L6-v2,0.7,1
Machaerium arboreum,Machaerium brachycarpum,0.5533,not synonym,sentence-transformers/all-MiniLM-L6-v2,0.7,1
Archidendron pellitum,Pithecellobium pellitum,0.4034,not synonym,sentence-transformers/all-MiniLM-L6-v2,0.7,1
Hippocrepis emerus,Coronilla austriaca,0.1223,not synonym,sentence-transformers/all-MiniLM-L6-v2,0.7,1
Comesperma calymega,Comesperma varians,0.5316,not synonym,sentence-transformers/all-MiniLM-L6-v2,0.7,1
Comesperma ericinum,Lotus coronillifolius,0.224,not synonym,sentence-transformers/all-MiniLM-L6-v2,0.7,0
Dialium platysepalum,Dialium kingii,0.7061,synonym,sentence-transformers/all-MiniLM-L6-v2,0.7,1
Acanthocladus dichromus,Securidaca sellowiana,0.2656,not synonym,sentence-transformers/all-MiniLM-L6-v2,0.7,0
Ononis deutata,Lotus patens,0.231,not synonym,sentence-transformers/all-MiniLM-L6-v2,0.7,0
Genista lydia,Phyllodoce armata,0.1993,not synonym,sentence-transformers/all-MiniLM-L6-v2,0.7,0
Inga fastuosa,Feuilleea fastuosa,0.6429,not synonym,sentence-transformers/all-MiniLM-L6-v2,0.7,1
Rhinotropis californica,Polygala californica,0.555,not synonym,sentence-transformers/all-MiniLM-L6-v2,0.7,1
Archidendron robinsonii,Cylindrokelupha platyphylla,0.323,not synonym,sentence-transformers/all-MiniLM-L6-v2,0.7,1
Archidendron dalatense,Albizia dalatensis,0.3094,not synonym,sentence-transformers/all-MiniLM-L6-v2,0.7,1
Lotus jacobaeus,Spartium parviflorum,0.3225,not synonym,sentence-transformers/all-MiniLM-L6-v2,0.7,0
Inga obtusata,Inga obtusa,0.9736,synonym,sentence-transformers/all-MiniLM-L6-v2,0.7,1
Inga uraguensis,Feuilleea uruguensis,0.5115,not synonym,sentence-transformers/all-MiniLM-L6-v2,0.7,1
Monnina ciliolata,Monnina caerulea,0.7609,synonym,sentence-transformers/all-MiniLM-L6-v2,0.7,1
Polygala asperuloides,Polygala sherardioides,0.7589,synonym,sentence-transformers/all-MiniLM-L6-v2,0.7,1
Drepanocarpus cyathiformis,Nissolia multiflora,0.2808,not synonym,sentence-transformers/all-MiniLM-L6-v2,0.7,0
Caamembeca spectabilis,Polygala spectabilis,0.6522,not synonym,sentence-transformers/all-MiniLM-L6-v2,0.7,1
Polygala timoutou,Angylocalyx gossweileri,0.4065,not synonym,sentence-transformers/all-MiniLM-L6-v2,0.7,0
Acacia neorigida,Moutabea dibotrya,0.2745,not synonym,sentence-transformers/all-MiniLM-L6-v2,0.7,0
Genista horrida,Lotus digitatus,0.1462,not synonym,sentence-transformers/all-MiniLM-L6-v2,0.7,0
Genista canariensis,Cytisus canariensis,0.5991,not synonym,sentence-transformers/all-MiniLM-L6-v2,0.7,1
Asemeia grandiflora,Caesalpinia argentina,0.422,not synonym,sentence-transformers/all-MiniLM-L6-v2,0.7,0
Genista monspessulana,Mullaghera edulis,0.3255,not synonym,sentence-transformers/all-MiniLM-L6-v2,0.7,0
Genista germanica,Genista spinosa,0.5345,not synonym,sentence-transformers/all-MiniLM-L6-v2,0.7,1
Hoffmannseggia drepanocarpa,Chaetocalyx wislizeni,0.2857,not synonym,sentence-transformers/all-MiniLM-L6-v2,0.7,0
Lotus herbaceus,Angylocalyx vermeulenii,0.3618,not synonym,sentence-transformers/all-MiniLM-L6-v2,0.7,0
Acacia abbreviata,Racosperma abbreviatum,0.2895,not synonym,sentence-transformers/all-MiniLM-L6-v2,0.7,1
Inga pilosula,Cyclopia cordifolia,0.2723,not synonym,sentence-transformers/all-MiniLM-L6-v2,0.7,0
Polygala asperuloides,Polygala venulosa,0.5931,not synonym,sentence-transformers/all-MiniLM-L6-v2,0.7,1
Monnina leptostachya,Giganthemum scandens,0.2314,not synonym,sentence-transformers/all-MiniLM-L6-v2,0.7,0
Muraltia pappeana,Cryptolobus americanus,0.1656,not synonym,sentence-transformers/all-MiniLM-L6-v2,0.7,0
Acacia pelophila,Heistera obovata,0.2956,not synonym,sentence-transformers/all-MiniLM-L6-v2,0.7,0
Ononis pendula,Monnina angustifolia,0.2157,not synonym,sentence-transformers/all-MiniLM-L6-v2,0.7,0
Coulteria velutina,Caesalpinia velutina,0.5422,not synonym,sentence-transformers/all-MiniLM-L6-v2,0.7,1
Polygala subandina,Acacia plagiophylla,0.4288,not synonym,sentence-transformers/all-MiniLM-L6-v2,0.7,0
Hippocrepis ciliata,Hippocrepis ambigua,0.7418,synonym,sentence-transformers/all-MiniLM-L6-v2,0.7,1
Asemeia violacea,Polygala planellasi,0.2761,not synonym,sentence-transformers/all-MiniLM-L6-v2,0.7,1
Genista sibirica,Carpolobia parvifolia,0.1133,not synonym,sentence-transformers/all-MiniLM-L6-v2,0.7,0
Chesneya depressa,Chesniella depressa,0.8552,synonym,sentence-transformers/all-MiniLM-L6-v2,0.7,1
Ononis broteroana,Ononis lusitanica,0.6906,not synonym,sentence-transformers/all-MiniLM-L6-v2,0.7,1
Lotus garcinii,Lotus nubicus,0.6945,not synonym,sentence-transformers/all-MiniLM-L6-v2,0.7,1
Monnina pterocarpa,Abarema scutifera,0.3305,not synonym,sentence-transformers/all-MiniLM-L6-v2,0.7,0
Genista monspessulana,Cytisus pubescens,0.1541,not synonym,sentence-transformers/all-MiniLM-L6-v2,0.7,1
Glycine monantha,Racosperma gillii,0.1391,not synonym,sentence-transformers/all-MiniLM-L6-v2,0.7,0
Acacia obtusifolia,Acacia cardiophylla,0.6968,not synonym,sentence-transformers/all-MiniLM-L6-v2,0.7,0
Monnina xalapensis,Securidaca scandens,0.1795,not synonym,sentence-transformers/all-MiniLM-L6-v2,0.7,0
Aphanocalyx richardsiae,Carmichaelia nana,0.2545,not synonym,sentence-transformers/all-MiniLM-L6-v2,0.7,0
Dahlstedtia muehlbergiana,Derris muehlbergiana,0.7416,synonym,sentence-transformers/all-MiniLM-L6-v2,0.7,1
Kotschya uniflora,Inga endlichii,0.3322,not synonym,sentence-transformers/all-MiniLM-L6-v2,0.7,0
Dysolobium lucens,Vigna lucens,0.4846,not synonym,sentence-transformers/all-MiniLM-L6-v2,0.7,1
Archidendron glomeriflorum,Pithecellobium glomeriflorum,0.617,not synonym,sentence-transformers/all-MiniLM-L6-v2,0.7,1
Erythrostemon exostemma,Poincianella exostemma,0.5733,not synonym,sentence-transformers/all-MiniLM-L6-v2,0.7,1
Inga lateriflora,Feuilleea lateriflora,0.5872,not synonym,sentence-transformers/all-MiniLM-L6-v2,0.7,1
Genista tricuspidata,Genista mogadorensis,0.614,not synonym,sentence-transformers/all-MiniLM-L6-v2,0.7,1
Archidendron glabrum,Pithecellobium kubaryanum,0.1496,not synonym,sentence-transformers/all-MiniLM-L6-v2,0.7,1
Genista germanica,Inga elliptica,0.3736,not synonym,sentence-transformers/all-MiniLM-L6-v2,0.7,0
Machaerium cirrhiferum,Machaerium merrillii,0.6971,not synonym,sentence-transformers/all-MiniLM-L6-v2,0.7,1
Badiera fuertesii,Polygala fuertesii,0.5573,not synonym,sentence-transformers/all-MiniLM-L6-v2,0.7,1
Calobota psiloloba,Lebeckia psiloloba,0.6572,not synonym,sentence-transformers/all-MiniLM-L6-v2,0.7,1
Dysolobium dolichoides,Lotus mearnsii,0.3086,not synonym,sentence-transformers/all-MiniLM-L6-v2,0.7,0
Muraltia alopecuroides,Mundia candolleana,0.1978,not synonym,sentence-transformers/all-MiniLM-L6-v2,0.7,1
Bredemeyera laurifolia,Bredemeyera laurifolia,1.0,synonym,sentence-transformers/all-MiniLM-L6-v2,0.7,1
Ononis arvensis,Ononis procurrens,0.7168,synonym,sentence-transformers/all-MiniLM-L6-v2,0.7,1
Erythrostemon gilliesii,Erythrostemon gilliesii,1.0,synonym,sentence-transformers/all-MiniLM-L6-v2,0.7,1
Archidendron lucidum,Teline atleyana,0.1457,not synonym,sentence-transformers/all-MiniLM-L6-v2,0.7,0
Acacia hakeoides,Acacia hakeoides,1.0,synonym,sentence-transformers/all-MiniLM-L6-v2,0.7,1
Polygala japonica,Anneslia pauciflora,0.4252,not synonym,sentence-transformers/all-MiniLM-L6-v2,0.7,0
Ancistrotropis robusta,Heisteria poiretii,0.3253,not synonym,sentence-transformers/all-MiniLM-L6-v2,0.7,0
Amphicarpaea bracteata,Feuilleea laxiflora,0.3723,not synonym,sentence-transformers/all-MiniLM-L6-v2,0.7,0
Genista canariensis,Monnina densa,0.2282,not synonym,sentence-transformers/all-MiniLM-L6-v2,0.7,0
Acanthocladus brasiliensis,Millettia litoralis,0.2647,not synonym,sentence-transformers/all-MiniLM-L6-v2,0.7,0
Monnina lehmanniana,Monnina andreana,0.6535,not synonym,sentence-transformers/all-MiniLM-L6-v2,0.7,1
Calliandra conferta,Pithecellobium beguinii,0.3405,not synonym,sentence-transformers/all-MiniLM-L6-v2,0.7,0
Securidaca rivinifolia,Elsota rivinifolia,0.6852,not synonym,sentence-transformers/all-MiniLM-L6-v2,0.7,1
Lotus dorycnium,Feuilleea tenuiflora,0.2358,not synonym,sentence-transformers/all-MiniLM-L6-v2,0.7,0
Bossiaea rufa,Bossiaea virgata,0.6762,not synonym,sentence-transformers/all-MiniLM-L6-v2,0.7,1
Genista microcephala,Genista tripolitana,0.4233,not synonym,sentence-transformers/all-MiniLM-L6-v2,0.7,1
Centrolobium ochroxylum,Millettia atenensis,0.2787,not synonym,sentence-transformers/all-MiniLM-L6-v2,0.7,0
Inga acrocephala,Chesneya grubovii,0.3486,not synonym,sentence-transformers/all-MiniLM-L6-v2,0.7,0
Flemingia grahamiana,Eriosema erythrocarpon,0.1365,not synonym,sentence-transformers/all-MiniLM-L6-v2,0.7,1
Gonocytisus angulatus,Monnina caerulea,0.1693,not synonym,sentence-transformers/all-MiniLM-L6-v2,0.7,0
Dahlstedtia peckoltii,Derris peckoltii,0.6874,not synonym,sentence-transformers/all-MiniLM-L6-v2,0.7,1
Collaea pascuorum,Lupinus submontanus,0.3363,not synonym,sentence-transformers/all-MiniLM-L6-v2,0.7,0
Inga hispida,Caesalpinia prostrata,0.3529,not synonym,sentence-transformers/all-MiniLM-L6-v2,0.7,0
Glycine tabacina,Calobota cytisoides,0.2805,not synonym,sentence-transformers/all-MiniLM-L6-v2,0.7,0
Polygala wettsteinii,Caiandra eriophylla,0.2997,not synonym,sentence-transformers/all-MiniLM-L6-v2,0.7,0
Apios americana,Gonancylis thyrsoidea,0.0966,not synonym,sentence-transformers/all-MiniLM-L6-v2,0.7,1
Genista tricuspidata,Genista cirtensis,0.6816,not synonym,sentence-transformers/all-MiniLM-L6-v2,0.7,1
Amphicarpaea bracteata,Lobomon sarmentosum,0.2883,not synonym,sentence-transformers/all-MiniLM-L6-v2,0.7,1
Lotus tenellus,Ulex hispanicus,0.3178,not synonym,sentence-transformers/all-MiniLM-L6-v2,0.7,0
Acacia coriacea,Racosperma coriaceum,0.3653,not synonym,sentence-transformers/all-MiniLM-L6-v2,0.7,1
Inga edwallii,Affonsea schwebeliana,0.3214,not synonym,sentence-transformers/all-MiniLM-L6-v2,0.7,1
Genista spachiana,Teline bracteolata,0.3491,not synonym,sentence-transformers/all-MiniLM-L6-v2,0.7,1
Lotus parviflorus,Lotus fallax,0.6582,not synonym,sentence-transformers/all-MiniLM-L6-v2,0.7,1
Muraltia filiformis,Nemcia pauciflora,0.4675,not synonym,sentence-transformers/all-MiniLM-L6-v2,0.7,0
Polygala trichosperma,Heisteria anthospermifolia,0.324,not synonym,sentence-transformers/all-MiniLM-L6-v2,0.7,0
Asemeia acuminata,Polygala fimbriata,0.3261,not synonym,sentence-transformers/all-MiniLM-L6-v2,0.7,1
Ononis megalostachys,Bugranopsis megalostachys,0.6787,not synonym,sentence-transformers/all-MiniLM-L6-v2,0.7,1
Genista aristata,Cytisus mutabilis,0.0571,not synonym,sentence-transformers/all-MiniLM-L6-v2,0.7,0
Hoffmannseggia humilis,Larrea potosina,0.3333,not synonym,sentence-transformers/all-MiniLM-L6-v2,0.7,1
Glycine latrobeana,Racosperma leucocladum,0.135,not synonym,sentence-transformers/all-MiniLM-L6-v2,0.7,0
Ononis sieberi,Ononis pendula,0.6887,not synonym,sentence-transformers/all-MiniLM-L6-v2,0.7,1
Dalhousiea bracteata,Triclisperma paucifolia,0.3835,not synonym,sentence-transformers/all-MiniLM-L6-v2,0.7,0
Kotschya strigosa,Damapana strigosa,0.6568,not synonym,sentence-transformers/all-MiniLM-L6-v2,0.7,1
Rhinotropis lindheimeri,Polygala lindheimeri,0.6209,not synonym,sentence-transformers/all-MiniLM-L6-v2,0.7,1
Chesneya parviflora,Chesneya gaubaeana,0.7287,synonym,sentence-transformers/all-MiniLM-L6-v2,0.7,1
Dialium procerum,Polygala spinescens,0.1653,not synonym,sentence-transformers/all-MiniLM-L6-v2,0.7,0
Cyclopia subternata,Pithecellobium lovellii,0.4043,not synonym,sentence-transformers/all-MiniLM-L6-v2,0.7,0
Muraltia spinosa,Polygala viminea,0.2906,not synonym,sentence-transformers/all-MiniLM-L6-v2,0.7,1
Muraltia lancifolia,Heisteria lancifolia,0.6349,not synonym,sentence-transformers/all-MiniLM-L6-v2,0.7,1
Calpurnia aurea,Monnina fastigiata,0.3061,not synonym,sentence-transformers/all-MiniLM-L6-v2,0.7,0
Dialium englerianum,Dialium simsii,0.6165,not synonym,sentence-transformers/all-MiniLM-L6-v2,0.7,1
Lotus dorycnium,Dorycnium pentaphyllum,0.6536,not synonym,sentence-transformers/all-MiniLM-L6-v2,0.7,1
Flemingia macrophylla,Maughania tomentosa,0.2908,not synonym,sentence-transformers/all-MiniLM-L6-v2,0.7,1
Acacia hubbardiana,Racosperma hubbardianum,0.5134,not synonym,sentence-transformers/all-MiniLM-L6-v2,0.7,1
Rhinotropis lindheimeri,Heinekenia peliorhyncha,0.2194,not synonym,sentence-transformers/all-MiniLM-L6-v2,0.7,0
Polygala tamariscea,Polygala tamariscea,1.0,synonym,sentence-transformers/all-MiniLM-L6-v2,0.7,1
Cyclopia genistoides,Millettia ivorensis,0.2822,not synonym,sentence-transformers/all-MiniLM-L6-v2,0.7,0
Calliandra houstoniana,Anneslia houstoniana,0.6633,not synonym,sentence-transformers/all-MiniLM-L6-v2,0.7,1
Genista microphylla,Teline microphylla,0.5748,not synonym,sentence-transformers/all-MiniLM-L6-v2,0.7,1
Flemingia lacei,Moghania lacei,0.7297,synonym,sentence-transformers/all-MiniLM-L6-v2,0.7,1
Flemingia macrophylla,Flemingia bhottea,0.6362,not synonym,sentence-transformers/all-MiniLM-L6-v2,0.7,1
Acacia gillii,Racosperma gillii,0.46,not synonym,sentence-transformers/all-MiniLM-L6-v2,0.7,1
Amphiodon effusus,Badiera diversifolia,0.2838,not synonym,sentence-transformers/all-MiniLM-L6-v2,0.7,0
Flemingia lacei,Maughania lacei,0.7066,synonym,sentence-transformers/all-MiniLM-L6-v2,0.7,1
Betencourtia neesii,Galactia neesii,0.5816,not synonym,sentence-transformers/all-MiniLM-L6-v2,0.7,1
Archidendron globosum,Abarema globosa,0.4215,not synonym,sentence-transformers/all-MiniLM-L6-v2,0.7,1
Lotus broussonetii,Mimosa sessilis,0.2958,not synonym,sentence-transformers/all-MiniLM-L6-v2,0.7,0
Calliandra angustifolia,Mundtia desertorum,0.3568,not synonym,sentence-transformers/all-MiniLM-L6-v2,0.7,0
Inga lallensis,Muraltia abietina,0.4298,not synonym,sentence-transformers/all-MiniLM-L6-v2,0.7,0
Acacia chinchillensis,Racosperma chinchillense,0.4361,not synonym,sentence-transformers/all-MiniLM-L6-v2,0.7,1
Polygala timoutou,Racosperma paradoxum,0.1626,not synonym,sentence-transformers/all-MiniLM-L6-v2,0.7,0
Lotus strictus,Lotus thermalis,0.6713,not synonym,sentence-transformers/all-MiniLM-L6-v2,0.7,1
Daniellia pynaertii,Racosperma lacertense,0.2673,not synonym,sentence-transformers/all-MiniLM-L6-v2,0.7,0
Carmichaelia australis,Carmichaelia acuminata,0.7459,synonym,sentence-transformers/all-MiniLM-L6-v2,0.7,1
Quillaja brasiliensis,Caesalpinia laxa,0.463,not synonym,sentence-transformers/all-MiniLM-L6-v2,0.7,0
Calliandra tergemina,Nissolia hirsuta,0.2002,not synonym,sentence-transformers/all-MiniLM-L6-v2,0.7,0
Salomonia cantoniensis,Lupinus microphyllus,0.3215,not synonym,sentence-transformers/all-MiniLM-L6-v2,0.7,0
Amphicarpaea ferruginea,Polygala mosquitiensis,0.4295,not synonym,sentence-transformers/all-MiniLM-L6-v2,0.7,0
Calliandra tergemina,Dorycnium jordanii,0.3699,not synonym,sentence-transformers/all-MiniLM-L6-v2,0.7,0
Nissolia klugii,Chaetocalyx klugii,0.5387,not synonym,sentence-transformers/all-MiniLM-L6-v2,0.7,1
Bossiaea riparia,Bossiaea riparia,1.0,synonym,sentence-transformers/all-MiniLM-L6-v2,0.7,1
Asemeia monticola,Polygala montana,0.4232,not synonym,sentence-transformers/all-MiniLM-L6-v2,0.7,1
Kotschya goetzei,Spartium humile,0.1126,not synonym,sentence-transformers/all-MiniLM-L6-v2,0.7,0
Ancistrotropis peduncularis,Calliandra metrosiderifolia,0.2078,not synonym,sentence-transformers/all-MiniLM-L6-v2,0.7,0
Delonix boiviniana,Nylandtia scoparia,0.2397,not synonym,sentence-transformers/all-MiniLM-L6-v2,0.7,0
Machaerium incorruptibile,Gastrolobium cordatum,0.3136,not synonym,sentence-transformers/all-MiniLM-L6-v2,0.7,0
Monnina rusbyi,Pteromonnina rusbyi,0.6913,not synonym,sentence-transformers/all-MiniLM-L6-v2,0.7,1
Machaerium lanceolatum,Machaerium secundiflorum,0.6824,not synonym,sentence-transformers/all-MiniLM-L6-v2,0.7,1
Machaerium myrianthum,Machaerium myrianthum,1.0,synonym,sentence-transformers/all-MiniLM-L6-v2,0.7,1
Archidendron pachycarpum,Lotus candidissimus,0.2579,not synonym,sentence-transformers/all-MiniLM-L6-v2,0.7,0
Millettia dubia,Racosperma gilbertii,0.2824,not synonym,sentence-transformers/all-MiniLM-L6-v2,0.7,0
Securidaca longifolia,Securidaca rosea,0.6257,not synonym,sentence-transformers/all-MiniLM-L6-v2,0.7,1
Polygala asperuloides,Senega distans,0.1145,not synonym,sentence-transformers/all-MiniLM-L6-v2,0.7,1
Archidendron clypearia,Feuilleea trinervia,0.1659,not synonym,sentence-transformers/all-MiniLM-L6-v2,0.7,0
Polygala cneorum,Polygala pseudostricta,0.8078,synonym,sentence-transformers/all-MiniLM-L6-v2,0.7,1
Lotus pedunculatus,Lotus nummularius,0.6272,not synonym,sentence-transformers/all-MiniLM-L6-v2,0.7,1
Lupinus prunophilus,Lupinus biddlei,0.6216,not synonym,sentence-transformers/all-MiniLM-L6-v2,0.7,1
Hoffmannseggia erecta,Dorycnium libanoticum,0.1752,not synonym,sentence-transformers/all-MiniLM-L6-v2,0.7,0
Berlinia tomentella,Mimosa expansa,0.3905,not synonym,sentence-transformers/all-MiniLM-L6-v2,0.7,0
Polygaloides chamaebuxus,Macrolobium grandistipulatum,0.4496,not synonym,sentence-transformers/all-MiniLM-L6-v2,0.7,0
Calliandra houstoniana,Acacia metrosiderifolia,0.3452,not synonym,sentence-transformers/all-MiniLM-L6-v2,0.7,1
Chorizema ilicifolium,Pithecellobium fagifolium,0.5758,not synonym,sentence-transformers/all-MiniLM-L6-v2,0.7,0
Muraltia divaricata,Heisteria incompta,0.2944,not synonym,sentence-transformers/all-MiniLM-L6-v2,0.7,1
Ononis arvensis,Ononis vulgaris,0.694,not synonym,sentence-transformers/all-MiniLM-L6-v2,0.7,1
Chorizema obtusifolium,Dorycnium axilliflorum,0.34,not synonym,sentence-transformers/all-MiniLM-L6-v2,0.7,0
Comesperma nudiusculum,Pithecellobium pachycarpum,0.3419,not synonym,sentence-transformers/all-MiniLM-L6-v2,0.7,0
Acacia cultriformis,Acacia cultrata,0.8926,synonym,sentence-transformers/all-MiniLM-L6-v2,0.7,1
Heterostemon ellipticus,Pultenaea villosa,0.2996,not synonym,sentence-transformers/all-MiniLM-L6-v2,0.7,0
Archidendron molle,Chesneya microphylla,0.1493,not synonym,sentence-transformers/all-MiniLM-L6-v2,0.7,0
Salomonia ciliata,Salomonia canarana,0.7629,synonym,sentence-transformers/all-MiniLM-L6-v2,0.7,1
Securidaca marginata,Elsota marginata,0.7142,synonym,sentence-transformers/all-MiniLM-L6-v2,0.7,1
Muraltia scoparia,Nylandtia scoparia,0.632,not synonym,sentence-transformers/all-MiniLM-L6-v2,0.7,1
Archidendron balansae,Millettia macrostachya,0.2119,not synonym,sentence-transformers/all-MiniLM-L6-v2,0.7,0
Ononis rotundifolia,Ferrum-equinum multiflorum,0.2907,not synonym,sentence-transformers/all-MiniLM-L6-v2,0.7,0
Genista hispanica,Moghania sericans,0.3136,not synonym,sentence-transformers/all-MiniLM-L6-v2,0.7,0
Calliandra surinamensis,Feuilleea fasciculata,0.3446,not synonym,sentence-transformers/all-MiniLM-L6-v2,0.7,1
Lotus angustissimus,Hebecarpa racemosa,0.2392,not synonym,sentence-transformers/all-MiniLM-L6-v2,0.7,0
Glycine jamaicensis,Glycine jamaicensis,1.0,synonym,sentence-transformers/all-MiniLM-L6-v2,0.7,1
Asemeia violacea,Polygala angustifolia,0.34,not synonym,sentence-transformers/all-MiniLM-L6-v2,0.7,1
Echinospartum horridum,Cytisus tragacanthiformis,0.4183,not synonym,sentence-transformers/all-MiniLM-L6-v2,0.7,1
Archidendron ellipticum,Calliandra foliosa,0.2705,not synonym,sentence-transformers/all-MiniLM-L6-v2,0.7,0
Calliandra rubescens,Acacia rubescens,0.6567,not synonym,sentence-transformers/all-MiniLM-L6-v2,0.7,1
Muraltia zeyheri,Heistera zeyheri,0.666,not synonym,sentence-transformers/all-MiniLM-L6-v2,0.7,1
Aotus ericoides,Glycine atomaria,0.3353,not synonym,sentence-transformers/all-MiniLM-L6-v2,0.7,0
Archidendron microcarpum,Entada rotundifolia,0.0189,not synonym,sentence-transformers/all-MiniLM-L6-v2,0.7,0
Polygaloides paucifolia,Heistera conferta,0.2416,not synonym,sentence-transformers/all-MiniLM-L6-v2,0.7,0
Xanthophyllum obscurum,Banisterodes obscurum,0.4553,not synonym,sentence-transformers/all-MiniLM-L6-v2,0.7,1
Myroxylon peruiferum,Toluifera erythroxyla,0.3703,not synonym,sentence-transformers/all-MiniLM-L6-v2,0.7,1
Xanthophyllum obscurum,Lotus cervinus,0.3925,not synonym,sentence-transformers/all-MiniLM-L6-v2,0.7,0
Camptosema tomentosum,Bionia tomentosa,0.6022,not synonym,sentence-transformers/all-MiniLM-L6-v2,0.7,1
Polygala birmanica,Polygala heteroptera,0.6391,not synonym,sentence-transformers/all-MiniLM-L6-v2,0.7,1
Lotus angustissimus,Lotus gracilis,0.6206,not synonym,sentence-transformers/all-MiniLM-L6-v2,0.7,1
Acacia confluens,Racosperma confluens,0.2113,not synonym,sentence-transformers/all-MiniLM-L6-v2,0.7,1
Aphanocalyx ledermannii,Monopetalanthus ledermannii,0.4743,not synonym,sentence-transformers/all-MiniLM-L6-v2,0.7,1
Erythrostemon nelsonii,Poincianella nelsonii,0.6449,not synonym,sentence-transformers/all-MiniLM-L6-v2,0.7,1
Genista humifusa,Genista sachokiana,0.6731,not synonym,sentence-transformers/all-MiniLM-L6-v2,0.7,1
Brachypterum robustum,Solori robusta,0.4394,not synonym,sentence-transformers/all-MiniLM-L6-v2,0.7,1
Flemingia procumbens,Moghania procumbens,0.6893,not synonym,sentence-transformers/all-MiniLM-L6-v2,0.7,1
Acacia echinuliflora,Racosperma echinuliflorum,0.3512,not synonym,sentence-transformers/all-MiniLM-L6-v2,0.7,1
Polygala ludwigiana,Heistera laxa,0.4044,not synonym,sentence-transformers/all-MiniLM-L6-v2,0.7,1
Asemeia violacea,Polygala martii,0.3255,not synonym,sentence-transformers/all-MiniLM-L6-v2,0.7,1
Inga sapindoides,Inga donaeana,0.5772,not synonym,sentence-transformers/all-MiniLM-L6-v2,0.7,1
Archidendron lucyi,Archidendron schlechteri,0.7147,synonym,sentence-transformers/all-MiniLM-L6-v2,0.7,1
Chorizema genistoides,Anneslia laevis,0.048,not synonym,sentence-transformers/all-MiniLM-L6-v2,0.7,0
Muraltia spinosa,Mundia spinosa,0.6391,not synonym,sentence-transformers/all-MiniLM-L6-v2,0.7,1
Calliandra palmeri,Anneslia palmeri,0.7274,synonym,sentence-transformers/all-MiniLM-L6-v2,0.7,1
Ebenus bourgaei,Monnina revoluta,0.4849,not synonym,sentence-transformers/all-MiniLM-L6-v2,0.7,0
Polygala rugelii,Lonchocarpus macrostachyus,0.2976,not synonym,sentence-transformers/all-MiniLM-L6-v2,0.7,0
Gastrolobium racemosum,Bredemeyera ciliata,0.251,not synonym,sentence-transformers/all-MiniLM-L6-v2,0.7,0
Amphicarpaea bracteata,Lotus intermedius,0.2048,not synonym,sentence-transformers/all-MiniLM-L6-v2,0.7,0
Genista hispanica,Telinaria hispanica,0.6398,not synonym,sentence-transformers/all-MiniLM-L6-v2,0.7,1
Lotus graecus,Bonjeanea kotschyi,0.3024,not synonym,sentence-transformers/all-MiniLM-L6-v2,0.7,1
Muraltia serpylloides,Heisteria serpylloides,0.6422,not synonym,sentence-transformers/all-MiniLM-L6-v2,0.7,1
Bossiaea spinosa,Delonix leucantha,0.3348,not synonym,sentence-transformers/all-MiniLM-L6-v2,0.7,0
Acacia bynoeana,Acacia pumila,0.8047,synonym,sentence-transformers/all-MiniLM-L6-v2,0.7,1
Gastrolobium retusum,Flemingia procumbens,0.2737,not synonym,sentence-transformers/all-MiniLM-L6-v2,0.7,0
Muraltia ericoides,Inga pulcherrima,0.2344,not synonym,sentence-transformers/all-MiniLM-L6-v2,0.7,0
Hoita strobilina,Zygia jiringa,0.2435,not synonym,sentence-transformers/all-MiniLM-L6-v2,0.7,0
Carmichaelia kirkii,Carmichaelia gracilis,0.769,synonym,sentence-transformers/all-MiniLM-L6-v2,0.7,1
Gilbertiodendron unijugum,Myroxylon robiniifolium,0.3671,not synonym,sentence-transformers/all-MiniLM-L6-v2,0.7,0
Inga brevipes,Feuilleea alata,0.3747,not synonym,sentence-transformers/all-MiniLM-L6-v2,0.7,1
Calobota psiloloba,Stiza psiloloba,0.6567,not synonym,sentence-transformers/all-MiniLM-L6-v2,0.7,1
Muraltia stipulacea,Heisteria stipulacea,0.6645,not synonym,sentence-transformers/all-MiniLM-L6-v2,0.7,1
Archidendron occultatum,Archidendron solomonense,0.6426,not synonym,sentence-transformers/all-MiniLM-L6-v2,0.7,0
Ononis minutissima,Telinaria holopetala,0.2006,not synonym,sentence-transformers/all-MiniLM-L6-v2,0.7,0
Flemingia rollae,Vigna subhastata,0.2121,not synonym,sentence-transformers/all-MiniLM-L6-v2,0.7,0
Muraltia heisteria,Muraltia conferta,0.656,not synonym,sentence-transformers/all-MiniLM-L6-v2,0.7,1
Erythrostemon pannosus,Poinciana californica,0.2797,not synonym,sentence-transformers/all-MiniLM-L6-v2,0.7,1
Ammopiptanthus mongolicus,Piptanthus chinensis,0.4534,not synonym,sentence-transformers/all-MiniLM-L6-v2,0.7,1
Delonix elata,Amburana claudii,0.315,not synonym,sentence-transformers/all-MiniLM-L6-v2,0.7,0
Acacia genistifolia,Cytisus atleyanus,0.2338,not synonym,sentence-transformers/all-MiniLM-L6-v2,0.7,0
Gilbertiodendron imenoense,Macrolobium imenoense,0.4691,not synonym,sentence-transformers/all-MiniLM-L6-v2,0.7,1
Monnina fastigiata,Monnina angustata,0.7445,synonym,sentence-transformers/all-MiniLM-L6-v2,0.7,1
Calliandra asplenioides,Glycine bracteata,0.3764,not synonym,sentence-transformers/all-MiniLM-L6-v2,0.7,0
Lotus conimbricensis,Inga coriacea,0.3439,not synonym,sentence-transformers/all-MiniLM-L6-v2,0.7,0
Archidendron crateradenum,Erythrostemon gilliesii,0.2214,not synonym,sentence-transformers/all-MiniLM-L6-v2,0.7,0
Millettia piscidia,Podalyria genistoides,0.2827,not synonym,sentence-transformers/all-MiniLM-L6-v2,0.7,0
Calliandra houstoniana,Pithecellobium arborescens,0.2337,not synonym,sentence-transformers/all-MiniLM-L6-v2,0.7,0
Calliandra gardneri,Feuilleea purdiei,0.2964,not synonym,sentence-transformers/all-MiniLM-L6-v2,0.7,0
Betencourtia neesii,Platylobium scolopendrium,0.0857,not synonym,sentence-transformers/all-MiniLM-L6-v2,0.7,0
Monnina wrightii,Monnina brachystachya,0.6434,not synonym,sentence-transformers/all-MiniLM-L6-v2,0.7,1
Calliandra asplenioides,Hippocrepis biflora,0.1832,not synonym,sentence-transformers/all-MiniLM-L6-v2,0.7,0
Berlinia grandiflora,Huchimingia podocarpa,0.2698,not synonym,sentence-transformers/all-MiniLM-L6-v2,0.7,0
Ononis minutissima,Bonaga minutissima,0.5734,not synonym,sentence-transformers/all-MiniLM-L6-v2,0.7,1
Diphysa carthagenensis,Diphysa robinioides,0.6036,not synonym,sentence-transformers/all-MiniLM-L6-v2,0.7,1
Millettia thonningii,Phaseoloides thonningii,0.528,not synonym,sentence-transformers/all-MiniLM-L6-v2,0.7,1
Polygala trichosperma,Polygala nelsonii,0.6342,not synonym,sentence-transformers/all-MiniLM-L6-v2,0.7,1
Archidendron lucidum,Albizia championii,0.2923,not synonym,sentence-transformers/all-MiniLM-L6-v2,0.7,1
Acacia prominens,Racosperma prominens,0.1841,not synonym,sentence-transformers/all-MiniLM-L6-v2,0.7,1
Archidendron bubalinum,Ortholobium bubalinum,0.6431,not synonym,sentence-transformers/all-MiniLM-L6-v2,0.7,1
Muraltia alopecuroides,Muraltia burchellii,0.4491,not synonym,sentence-transformers/all-MiniLM-L6-v2,0.7,1
Betencourtia martii,Galactia martii,0.6358,not synonym,sentence-transformers/all-MiniLM-L6-v2,0.7,1
Polygala calcarea,Polygala vulgaris,0.7448,synonym,sentence-transformers/all-MiniLM-L6-v2,0.7,1
Lotus longisiliquosus,Lotus judaicus,0.7476,synonym,sentence-transformers/all-MiniLM-L6-v2,0.7,1
Cyclopia genistoides,Cyclopia galioides,0.8008,synonym,sentence-transformers/all-MiniLM-L6-v2,0.7,1
Nogra dalzellii,Grona simplicifolia,0.3964,not synonym,sentence-transformers/all-MiniLM-L6-v2,0.7,1
Ononis arvensis,Ononis spinosiformis,0.6376,not synonym,sentence-transformers/all-MiniLM-L6-v2,0.7,1
Caamembeca spectabilis,Polygala anatina,0.4105,not synonym,sentence-transformers/all-MiniLM-L6-v2,0.7,1
Calliandra parvifolia,Polygala tenuis,0.3779,not synonym,sentence-transformers/all-MiniLM-L6-v2,0.7,0
Microcharis disjuncta,Lotus requienii,0.1978,not synonym,sentence-transformers/all-MiniLM-L6-v2,0.7,0
Comesperma retusum,Nemcia brownii,0.3486,not synonym,sentence-transformers/all-MiniLM-L6-v2,0.7,0
Ononis pallida,Elsota tenuifolia,0.2746,not synonym,sentence-transformers/all-MiniLM-L6-v2,0.7,0
Securidaca calophylla,Salomonia stricta,0.3665,not synonym,sentence-transformers/all-MiniLM-L6-v2,0.7,0
Millettia lenneoides,Gastrolobium emarginatum,0.2974,not synonym,sentence-transformers/all-MiniLM-L6-v2,0.7,0
Ononis rosea,Bugranopsis rosea,0.6111,not synonym,sentence-transformers/all-MiniLM-L6-v2,0.7,1
Erythrostemon fimbriatus,Delonix edulis,0.2389,not synonym,sentence-transformers/all-MiniLM-L6-v2,0.7,0
Lotus dorycnium,Dorycnium dorycnium,0.7748,synonym,sentence-transformers/all-MiniLM-L6-v2,0.7,1
Chorizema nanum,Lotus tetraptera,0.1041,not synonym,sentence-transformers/all-MiniLM-L6-v2,0.7,0
Calliandra californica,Anneslia mucronulata,0.3929,not synonym,sentence-transformers/all-MiniLM-L6-v2,0.7,1
Calliandra falcata,Lebeckia dinteri,0.4379,not synonym,sentence-transformers/all-MiniLM-L6-v2,0.7,0
Securidaca micheliana,Racosperma glutinosissimum,0.1818,not synonym,sentence-transformers/all-MiniLM-L6-v2,0.7,0
Acacia elata,Racosperma elatum,0.2587,not synonym,sentence-transformers/all-MiniLM-L6-v2,0.7,1
Monnina amarella,Pteromonnina amarella,0.6858,not synonym,sentence-transformers/all-MiniLM-L6-v2,0.7,1
Millettia lenneoides,Deguelia polystachya,0.2622,not synonym,sentence-transformers/all-MiniLM-L6-v2,0.7,1
Gastrolobium papilio,Brachysema papilio,0.5109,not synonym,sentence-transformers/all-MiniLM-L6-v2,0.7,1
Genista sericea,Telinaria sericea,0.5269,not synonym,sentence-transformers/all-MiniLM-L6-v2,0.7,1
Flemingia trifoliastrum,Maughania trifoliastrum,0.6906,not synonym,sentence-transformers/all-MiniLM-L6-v2,0.7,1
Acacia evenulosa,Xanthophyllum sarawakensis,0.3392,not synonym,sentence-transformers/all-MiniLM-L6-v2,0.7,0
Dysolobium lucens,Canavalia lucens,0.5651,not synonym,sentence-transformers/all-MiniLM-L6-v2,0.7,1
Mundtia spinosa,Ononis chevalieri,0.2905,not synonym,sentence-transformers/all-MiniLM-L6-v2,0.7,0
Coulteria mollis,Dorycnium microcarpum,0.1802,not synonym,sentence-transformers/all-MiniLM-L6-v2,0.7,0
Atroxima afzeliana,Elsota rivinifolia,0.3968,not synonym,sentence-transformers/all-MiniLM-L6-v2,0.7,0
Archidendron aruense,Lupinus biddlei,0.2634,not synonym,sentence-transformers/all-MiniLM-L6-v2,0.7,0
Lotus jordanii,Feuilleea stipularis,0.3867,not synonym,sentence-transformers/all-MiniLM-L6-v2,0.7,0
Salomonia ciliata,Salomonia oblongifolia,0.7001,synonym,sentence-transformers/all-MiniLM-L6-v2,0.7,1
Lotus hebranicus,Lotus deserti,0.6415,not synonym,sentence-transformers/all-MiniLM-L6-v2,0.7,1
Acacia concurrens,Camptosema paraguariense,0.2261,not synonym,sentence-transformers/all-MiniLM-L6-v2,0.7,0
Calobota cuspidosa,Lebeckia cuspidosa,0.5982,not synonym,sentence-transformers/all-MiniLM-L6-v2,0.7,1
Dialium guineense,Codarium acutifolium,0.264,not synonym,sentence-transformers/all-MiniLM-L6-v2,0.7,1
Flemingia trifoliata,Pithecellobium pahangense,0.2689,not synonym,sentence-transformers/all-MiniLM-L6-v2,0.7,0
Polygala scutellata,Cadia pubescens,0.3345,not synonym,sentence-transformers/all-MiniLM-L6-v2,0.7,0
Lotus ornithopodioides,Lotea ornithopodioides,0.732,synonym,sentence-transformers/all-MiniLM-L6-v2,0.7,1
Microcharis latifolia,Indigofera lobata,0.3121,not synonym,sentence-transformers/all-MiniLM-L6-v2,0.7,1
Asemeia monninoides,Polygala monninoides,0.6744,not synonym,sentence-transformers/all-MiniLM-L6-v2,0.7,1
Chesneya vaginalis,Chesneya vaginalis,1.0,synonym,sentence-transformers/all-MiniLM-L6-v2,0.7,1
Dicraeopetalum mahafaliense,Inga longituba,0.2407,not synonym,sentence-transformers/all-MiniLM-L6-v2,0.7,0
Lotus hirsutus,Bonjeanea venusta,0.4048,not synonym,sentence-transformers/all-MiniLM-L6-v2,0.7,1
Acacia auronitens,Racosperma auronitens,0.5252,not synonym,sentence-transformers/all-MiniLM-L6-v2,0.7,1
Securidaca tomentosa,Racosperma botrydion,0.1729,not synonym,sentence-transformers/all-MiniLM-L6-v2,0.7,0
Gastrolobium capitatum,Poincianella acapulcensis,0.2587,not synonym,sentence-transformers/all-MiniLM-L6-v2,0.7,0
Archidendron minahassae,Phaseolodes aboense,0.1935,not synonym,sentence-transformers/all-MiniLM-L6-v2,0.7,0
Polygala timoutoides,Teline tribracteolata,0.3894,not synonym,sentence-transformers/all-MiniLM-L6-v2,0.7,0
Ononis tridentata,Ononis crassifolia,0.6334,not synonym,sentence-transformers/all-MiniLM-L6-v2,0.7,1
Ononis stenophylla,Polygala heliostigma,0.3784,not synonym,sentence-transformers/all-MiniLM-L6-v2,0.7,0
Calliandra parvifolia,Feuilleea multifoliolata,0.2935,not synonym,sentence-transformers/all-MiniLM-L6-v2,0.7,1
Archidendron globosum,Inga globosa,0.4174,not synonym,sentence-transformers/all-MiniLM-L6-v2,0.7,1
Muraltia angulosa,Heisteria angulosa,0.5904,not synonym,sentence-transformers/all-MiniLM-L6-v2,0.7,1
Caamembeca salicifolia,Polygala cestrifolia,0.5789,not synonym,sentence-transformers/all-MiniLM-L6-v2,0.7,1
Dialium guineense,Polygala striata,0.1401,not synonym,sentence-transformers/all-MiniLM-L6-v2,0.7,0
Polygala squamifolia,Polygala squamifolia,1.0,synonym,sentence-transformers/all-MiniLM-L6-v2,0.7,1
Cyclopia meyeriana,Geissaspis kassneri,0.3246,not synonym,sentence-transformers/all-MiniLM-L6-v2,0.7,0
Millettia richardiana,Polygala anatina,0.3402,not synonym,sentence-transformers/all-MiniLM-L6-v2,0.7,0
Machaerium nigrum,Cytisus ferox,0.3281,not synonym,sentence-transformers/all-MiniLM-L6-v2,0.7,0
Myroxylon peruiferum,Toluifera pedicellata,0.4819,not synonym,sentence-transformers/all-MiniLM-L6-v2,0.7,1
Calliandra falcata,Caamembeca formosa,0.3996,not synonym,sentence-transformers/all-MiniLM-L6-v2,0.7,0
Hebecarpa caracasana,Discolobium elongatum,0.1161,not synonym,sentence-transformers/all-MiniLM-L6-v2,0.7,0
Muraltia rubeacea,Heisteria metalasiifolia,0.3448,not synonym,sentence-transformers/all-MiniLM-L6-v2,0.7,1
Polygala usafuensis,Polygala riparia,0.7174,synonym,sentence-transformers/all-MiniLM-L6-v2,0.7,1
Muraltia alopecuroides,Indigofera longicalyx,0.3126,not synonym,sentence-transformers/all-MiniLM-L6-v2,0.7,0
Lotus berthelotii,Oxylobium melinocaule,0.2149,not synonym,sentence-transformers/all-MiniLM-L6-v2,0.7,0
Gilbertiodendron demonstrans,Macrolobium dinklagei,0.2763,not synonym,sentence-transformers/all-MiniLM-L6-v2,0.7,1
Chesneya kopetdaghensis,Chesneya kopetdagensis,0.7806,synonym,sentence-transformers/all-MiniLM-L6-v2,0.7,1
Aphanocalyx pteridophyllus,Monopetalanthus pteridophyllus,0.5663,not synonym,sentence-transformers/all-MiniLM-L6-v2,0.7,1
Kotschya lutea,Smithia lutea,0.4594,not synonym,sentence-transformers/all-MiniLM-L6-v2,0.7,1
Ononis mitissima,Bugranopsis mitissima,0.5808,not synonym,sentence-transformers/all-MiniLM-L6-v2,0.7,1
Lupinus littoralis,Poinciana pannosa,0.2626,not synonym,sentence-transformers/all-MiniLM-L6-v2,0.7,0
Flemingia wightiana,Moghania ferruginea,0.5069,not synonym,sentence-transformers/all-MiniLM-L6-v2,0.7,1
Machaerium inundatum,Listera germanica,0.3695,not synonym,sentence-transformers/all-MiniLM-L6-v2,0.7,0
Machaerium hirtum,Machaerium pilosum,0.776,synonym,sentence-transformers/all-MiniLM-L6-v2,0.7,1
Genista millii,Genista pontica,0.6809,not synonym,sentence-transformers/all-MiniLM-L6-v2,0.7,1
Librevillea klainei,Spartium capitatum,0.1791,not synonym,sentence-transformers/all-MiniLM-L6-v2,0.7,0
Cyclopia laxiflora,Feuilleea cruegeri,0.2517,not synonym,sentence-transformers/all-MiniLM-L6-v2,0.7,0
Genista canariensis,Lophostylis angustifolia,0.3477,not synonym,sentence-transformers/all-MiniLM-L6-v2,0.7,0
Ononis cossoniana,Archidendron mollis,0.2201,not synonym,sentence-transformers/all-MiniLM-L6-v2,0.7,0
Caamembeca martinellii,Polygala martinellii,0.6449,not synonym,sentence-transformers/all-MiniLM-L6-v2,0.7,1
Bredemeyera lucida,Comesperma mansonii,0.2533,not synonym,sentence-transformers/all-MiniLM-L6-v2,0.7,1
Genista humifusa,Genista commixta,0.7378,synonym,sentence-transformers/all-MiniLM-L6-v2,0.7,1
Brya ebenus,Feuilleea densiflora,0.3413,not synonym,sentence-transformers/all-MiniLM-L6-v2,0.7,0
Ononis ramosissima,Anneslia quetzal,0.3762,not synonym,sentence-transformers/all-MiniLM-L6-v2,0.7,0
Muraltia alopecuroides,Acacia cultriformis,0.0867,not synonym,sentence-transformers/all-MiniLM-L6-v2,0.7,0
Hippocrepis comosa,Ononis marmorata,0.258,not synonym,sentence-transformers/all-MiniLM-L6-v2,0.7,0
Myroxylon balsamum,Toluifera pereirae,0.2418,not synonym,sentence-transformers/all-MiniLM-L6-v2,0.7,1
Muraltia longicuspis,Muraltia affinis,0.7037,synonym,sentence-transformers/all-MiniLM-L6-v2,0.7,1
Monnina arbuscula,Cytisanthus numidicus,0.2272,not synonym,sentence-transformers/all-MiniLM-L6-v2,0.7,0
Muraltia heisteria,Muraltia confusa,0.7105,synonym,sentence-transformers/all-MiniLM-L6-v2,0.7,1
Chorizema racemosum,Ononis hispanica,0.2813,not synonym,sentence-transformers/all-MiniLM-L6-v2,0.7,0
Archidendron multifoliolatum,Abarema multifoliolata,0.5685,not synonym,sentence-transformers/all-MiniLM-L6-v2,0.7,1
Dysolobium grande,Mucuna ckienkweiensis,0.3165,not synonym,sentence-transformers/all-MiniLM-L6-v2,0.7,1
Archidendron molle,Millettia stapfiana,0.2677,not synonym,sentence-transformers/all-MiniLM-L6-v2,0.7,0
Muraltia striata,Polygala striata,0.6337,not synonym,sentence-transformers/all-MiniLM-L6-v2,0.7,1
Eleiotis rottleri,Eleiotis trifoliolata,0.6092,not synonym,sentence-transformers/all-MiniLM-L6-v2,0.7,1
Machaerium hirtum,Machaerium glabratum,0.7112,synonym,sentence-transformers/all-MiniLM-L6-v2,0.7,1
Humularia bifoliolata,Toluifera balsamum,0.4058,not synonym,sentence-transformers/all-MiniLM-L6-v2,0.7,0
Aphanocalyx richardsiae,Monopetalanthus richardsiae,0.4306,not synonym,sentence-transformers/all-MiniLM-L6-v2,0.7,1
Erythrostemon palmeri,Oxylobium batillum,0.2242,not synonym,sentence-transformers/all-MiniLM-L6-v2,0.7,0
Acacia provincialis,Nemcia heterophylla,0.1868,not synonym,sentence-transformers/all-MiniLM-L6-v2,0.7,0
Nissolia tomentosa,Chaetocalyx polyphyllus,0.1643,not synonym,sentence-transformers/all-MiniLM-L6-v2,0.7,1
Genista morisii,Genista parvifolia,0.5189,not synonym,sentence-transformers/all-MiniLM-L6-v2,0.7,1
Monnina arbuscula,Polygala versicolor,0.191,not synonym,sentence-transformers/all-MiniLM-L6-v2,0.7,0
Hebecarpa caracasana,Polygala durandii,0.3236,not synonym,sentence-transformers/all-MiniLM-L6-v2,0.7,1
Erythrostemon palmeri,Caesalpinia arida,0.3321,not synonym,sentence-transformers/all-MiniLM-L6-v2,0.7,1
Securidaca lanceolata,Inga venosa,0.4189,not synonym,sentence-transformers/all-MiniLM-L6-v2,0.7,0
Kotschya lutea,Lonchocarpus bahianus,0.3103,not synonym,sentence-transformers/all-MiniLM-L6-v2,0.7,0
Coulteria velutina,Brasilettia velutina,0.5795,not synonym,sentence-transformers/all-MiniLM-L6-v2,0.7,1
Securidaca diversifolia,Securidaca venosa,0.6138,not synonym,sentence-transformers/all-MiniLM-L6-v2,0.7,1
Kotschya africana,Polygala aculeata,0.3366,not synonym,sentence-transformers/all-MiniLM-L6-v2,0.7,0
Flemingia pauciflora,Moghania pauciflora,0.7292,synonym,sentence-transformers/all-MiniLM-L6-v2,0.7,1
Machaerium punctatum,Dillwynia incerta,0.2171,not synonym,sentence-transformers/all-MiniLM-L6-v2,0.7,0
Calliandra glyphoxylon,Affonsea lucyi,0.077,not synonym,sentence-transformers/all-MiniLM-L6-v2,0.7,0
Calliandra taxifolia,Feuilleea prostrata,0.3182,not synonym,sentence-transformers/all-MiniLM-L6-v2,0.7,1
Ancylotropis insignis,Hebeandra euonymoides,0.2664,not synonym,sentence-transformers/all-MiniLM-L6-v2,0.7,0
Archidendron parviflorum,Archidendron warenense,0.6333,not synonym,sentence-transformers/all-MiniLM-L6-v2,0.7,1
Polygala sphenoptera,Polygala filifera,0.5989,not synonym,sentence-transformers/all-MiniLM-L6-v2,0.7,1
Inga pilosula,Inga setifera,0.5375,not synonym,sentence-transformers/all-MiniLM-L6-v2,0.7,1
Dimorphandra macrostachya,Dimorphandra macrostachya,1.0,synonym,sentence-transformers/all-MiniLM-L6-v2,0.7,1
Monnina pterocarpa,Geissaspis minima,0.2564,not synonym,sentence-transformers/all-MiniLM-L6-v2,0.7,0
Securidaca diversifolia,Securidaca lamarckii,0.5511,not synonym,sentence-transformers/all-MiniLM-L6-v2,0.7,1
Acacia convallium,Polygala minutiflora,0.3463,not synonym,sentence-transformers/all-MiniLM-L6-v2,0.7,0
Ononis arvensis,Acacia triangularis,0.1754,not synonym,sentence-transformers/all-MiniLM-L6-v2,0.7,0
Genista polyanthus,Flemingia congesta,0.222,not synonym,sentence-transformers/all-MiniLM-L6-v2,0.7,0
Gastrolobium coriaceum,Nemcia coriacea,0.5456,not synonym,sentence-transformers/all-MiniLM-L6-v2,0.7,1
Flemingia grahamiana,Maughania grahamiana,0.7006,synonym,sentence-transformers/all-MiniLM-L6-v2,0.7,1
Lotus angustissimus,Ononis cicerifolia,0.4339,not synonym,sentence-transformers/all-MiniLM-L6-v2,0.7,0
Dimorphandra conjugata,Mimosa quassiifolia,0.147,not synonym,sentence-transformers/all-MiniLM-L6-v2,0.7,0
Daniellia pynaertii,Dorycnium hispanicum,0.428,not synonym,sentence-transformers/all-MiniLM-L6-v2,0.7,0
Calliandra selloi,Genistoides tuberculata,0.1949,not synonym,sentence-transformers/all-MiniLM-L6-v2,0.7,0
Nissolia latisiliqua,Chaetocalyx latisiliquus,0.4545,not synonym,sentence-transformers/all-MiniLM-L6-v2,0.7,1
Archidendron lovelliae,Pithecellobium lovellii,0.4936,not synonym,sentence-transformers/all-MiniLM-L6-v2,0.7,1
Ononis arvensis,Brachysema undulatum,0.2327,not synonym,sentence-transformers/all-MiniLM-L6-v2,0.7,0
Diphysa thurberi,Myroxylon pereirae,0.3683,not synonym,sentence-transformers/all-MiniLM-L6-v2,0.7,0
Angylocalyx schumannianus,Bonjeanea italica,0.2799,not synonym,sentence-transformers/all-MiniLM-L6-v2,0.7,0
Genista lydia,Feuilleea bonplandiana,0.2201,not synonym,sentence-transformers/all-MiniLM-L6-v2,0.7,0
Inga sapindoides,Inga antioquensis,0.5445,not synonym,sentence-transformers/all-MiniLM-L6-v2,0.7,1
Chesneya isfarensis,Chesneya isfaransis,0.8365,synonym,sentence-transformers/all-MiniLM-L6-v2,0.7,1
Genista canariensis,Spartium terminale,0.2006,not synonym,sentence-transformers/all-MiniLM-L6-v2,0.7,1
Polygala crotalarioides,Polygala crotalarioides,1.0,synonym,sentence-transformers/all-MiniLM-L6-v2,0.7,1
Julbernardia globiflora,Oxylobium sericeum,0.2966,not synonym,sentence-transformers/all-MiniLM-L6-v2,0.7,0
Hoffmannseggia peninsularis,Caesalpinia peninsularis,0.6845,not synonym,sentence-transformers/all-MiniLM-L6-v2,0.7,1
Dialium platysepalum,Chorizema ericifolium,0.2776,not synonym,sentence-transformers/all-MiniLM-L6-v2,0.7,0
Erythrostemon macvaughii,Caesalpinia macvaughii,0.5708,not synonym,sentence-transformers/all-MiniLM-L6-v2,0.7,1
Dimorphandra exaltata,Chrysoxylon vinhatico,0.3018,not synonym,sentence-transformers/all-MiniLM-L6-v2,0.7,1
Hoita macrostachya,Hoita douglasii,0.6309,not synonym,sentence-transformers/all-MiniLM-L6-v2,0.7,1
Brachypterum involutum,Solori involuta,0.4119,not synonym,sentence-transformers/all-MiniLM-L6-v2,0.7,1
Machaerium arboreum,Polygala andina,0.2186,not synonym,sentence-transformers/all-MiniLM-L6-v2,0.7,0
Lotus angustissimus,Lotus pilosissimus,0.6243,not synonym,sentence-transformers/all-MiniLM-L6-v2,0.7,0
Brachypterum robustum,Spartium angulatum,0.2404,not synonym,sentence-transformers/all-MiniLM-L6-v2,0.7,0
Lotus graecus,Desmodium dependens,0.2119,not synonym,sentence-transformers/all-MiniLM-L6-v2,0.7,0
Asemeia ilheotica,Xanthophyllum longifolium,0.2976,not synonym,sentence-transformers/all-MiniLM-L6-v2,0.7,0
Archidendron bigeminum,Astragalus nubigenus,0.2286,not synonym,sentence-transformers/all-MiniLM-L6-v2,0.7,0
Chesneya rytidosperma,Chesneya olivieri,0.5929,not synonym,sentence-transformers/all-MiniLM-L6-v2,0.7,1
Hoffmannseggia watsonii,Caesalpinia yucatanensis,0.299,not synonym,sentence-transformers/all-MiniLM-L6-v2,0.7,0
Lotus angustissimus,Lotus corbierei,0.603,not synonym,sentence-transformers/all-MiniLM-L6-v2,0.7,1
Genista tridentata,Genistella riphaea,0.5239,not synonym,sentence-transformers/all-MiniLM-L6-v2,0.7,1
Hoita strobilina,Lotodes strobilinum,0.2937,not synonym,sentence-transformers/all-MiniLM-L6-v2,0.7,1
Monnina stenophylla,Pithecellobium merrillii,0.4706,not synonym,sentence-transformers/all-MiniLM-L6-v2,0.7,0
Lupinus ccorilazensis,Lupinus ccorilazensis,1.0,synonym,sentence-transformers/all-MiniLM-L6-v2,0.7,1
Delonix baccal,Westia grandiflora,0.2621,not synonym,sentence-transformers/all-MiniLM-L6-v2,0.7,0
Gastrolobium nervosum,Hoita rhombifolia,0.2128,not synonym,sentence-transformers/all-MiniLM-L6-v2,0.7,0
Monnina wrightii,Amphilophium effusus,0.2701,not synonym,sentence-transformers/all-MiniLM-L6-v2,0.7,0
Calpurnia sericea,Dicraeopetalum mahafaliensis,0.3518,not synonym,sentence-transformers/all-MiniLM-L6-v2,0.7,0
Archidendron xichouense,Hoffmannseggia glabra,0.1764,not synonym,sentence-transformers/all-MiniLM-L6-v2,0.7,0
Lupinus onustus,Huttonella curta,0.2602,not synonym,sentence-transformers/all-MiniLM-L6-v2,0.7,0
Hoffmannseggia viscosa,Caesalpinia ternata,0.237,not synonym,sentence-transformers/all-MiniLM-L6-v2,0.7,1
Calliandra purpurea,Centrolobium patinense,0.3788,not synonym,sentence-transformers/all-MiniLM-L6-v2,0.7,0
Millettia macrophylla,Phaseoloides hookerianum,0.322,not synonym,sentence-transformers/all-MiniLM-L6-v2,0.7,1
Ononis pendula,Ononis schouwii,0.7087,synonym,sentence-transformers/all-MiniLM-L6-v2,0.7,1
Calobota sericea,Smithia princeana,0.4071,not synonym,sentence-transformers/all-MiniLM-L6-v2,0.7,0
Monnina herbacea,Podalyria laevigata,0.408,not synonym,sentence-transformers/all-MiniLM-L6-v2,0.7,0
Machaerium biovulatum,Machaerium langlassei,0.6104,not synonym,sentence-transformers/all-MiniLM-L6-v2,0.7,1
Acacia cultriformis,Acacia scapuliformis,0.7889,synonym,sentence-transformers/all-MiniLM-L6-v2,0.7,1
Lotus hirsutus,Racosperma hopperianum,0.1344,not synonym,sentence-transformers/all-MiniLM-L6-v2,0.7,0
Humularia drepanocephala,Coronilla comosa,0.2193,not synonym,sentence-transformers/all-MiniLM-L6-v2,0.7,0
Nissolia microptera,Dorycnium torulosum,0.1508,not synonym,sentence-transformers/all-MiniLM-L6-v2,0.7,0
Polygala mexicana,Genistella polymorpha,0.5965,not synonym,sentence-transformers/all-MiniLM-L6-v2,0.7,0
Bredemeyera laurifolia,Bredemeyera hilaireana,0.5945,not synonym,sentence-transformers/all-MiniLM-L6-v2,0.7,1
Xanthophyllum vitellinum,Lotus crantzii,0.4095,not synonym,sentence-transformers/all-MiniLM-L6-v2,0.7,0
Muraltia ericoides,Heisteria ericoides,0.6437,not synonym,sentence-transformers/all-MiniLM-L6-v2,0.7,1
Gonocytisus angulatus,Genista angulata,0.3131,not synonym,sentence-transformers/all-MiniLM-L6-v2,0.7,1
Flemingia strobilifera,Hedysarum strobiliferum,0.5357,not synonym,sentence-transformers/all-MiniLM-L6-v2,0.7,1
Acacia genistifolia,Acacia daviesiafolia,0.7946,synonym,sentence-transformers/all-MiniLM-L6-v2,0.7,1
Polygala exilis,Teline gomerae,0.1816,not synonym,sentence-transformers/all-MiniLM-L6-v2,0.7,0
Dahlstedtia glaziovii,Derris glaziovii,0.7494,synonym,sentence-transformers/all-MiniLM-L6-v2,0.7,1
Calliandra parvifolia,Calliandra myriophylla,0.6055,not synonym,sentence-transformers/all-MiniLM-L6-v2,0.7,1
Acacia pinguiculosa,Racosperma pinguiculosum,0.4131,not synonym,sentence-transformers/all-MiniLM-L6-v2,0.7,1
Muraltia scoparia,Polygala globosa,0.2455,not synonym,sentence-transformers/all-MiniLM-L6-v2,0.7,0
Ammopiptanthus nanus,Bossiaea lanceolata,0.3159,not synonym,sentence-transformers/all-MiniLM-L6-v2,0.7,0
Millettia glaucescens,Phaseoloides glaucescens,0.5815,not synonym,sentence-transformers/all-MiniLM-L6-v2,0.7,1
Cyclopia maculata,Cyclopia tenuifolia,0.75,synonym,sentence-transformers/all-MiniLM-L6-v2,0.7,1
Berlinia craibiana,Pithecellobium trifoliolatum,0.3087,not synonym,sentence-transformers/all-MiniLM-L6-v2,0.7,0
Rhinotropis desertorum,Polygala weddelliana,0.4109,not synonym,sentence-transformers/all-MiniLM-L6-v2,0.7,0
Julbernardia brieyi,Mundtia albiflora,0.3699,not synonym,sentence-transformers/all-MiniLM-L6-v2,0.7,0
Moutabea aculeata,Moutabea longifolia,0.676,not synonym,sentence-transformers/all-MiniLM-L6-v2,0.7,1
Chesneya cuneata,Gueldenstaedtia cuneata,0.6844,not synonym,sentence-transformers/all-MiniLM-L6-v2,0.7,1
Ougeinia oojeinensis,Polygala corallicola,0.2994,not synonym,sentence-transformers/all-MiniLM-L6-v2,0.7,0
Flemingia wightiana,Maughania ferruginea,0.4456,not synonym,sentence-transformers/all-MiniLM-L6-v2,0.7,1
Dysolobium pilosum,Dolichos pilosus,0.4997,not synonym,sentence-transformers/all-MiniLM-L6-v2,0.7,1
Daniellia ogea,Machaerium whitfordii,0.1774,not synonym,sentence-transformers/all-MiniLM-L6-v2,0.7,0
Polygala longifolia,Myrospermum erythroxylum,0.3247,not synonym,sentence-transformers/all-MiniLM-L6-v2,0.7,0
Calliandra calycina,Calliandra robusta,0.5193,not synonym,sentence-transformers/all-MiniLM-L6-v2,0.7,1
Muraltia alopecuroides,Muraltia candolleana,0.5013,not synonym,sentence-transformers/all-MiniLM-L6-v2,0.7,1
Xanthophyllum ellipticum,Banisteroides ellipticum,0.655,not synonym,sentence-transformers/all-MiniLM-L6-v2,0.7,1
Aotus procumbens,Erinacea hispanica,0.2783,not synonym,sentence-transformers/all-MiniLM-L6-v2,0.7,0
Lupinus tassilicus,Lupinus luthereaui,0.7373,synonym,sentence-transformers/all-MiniLM-L6-v2,0.7,1
Genista tricuspidata,Genista echinata,0.6452,not synonym,sentence-transformers/all-MiniLM-L6-v2,0.7,1
Hebecarpa obscura,Sophora aurea,0.4297,not synonym,sentence-transformers/all-MiniLM-L6-v2,0.7,0
Genista germanica,Passaea ornithopoides,0.2777,not synonym,sentence-transformers/all-MiniLM-L6-v2,0.7,0
Badiera cubensis,Polygala montana,0.3276,not synonym,sentence-transformers/all-MiniLM-L6-v2,0.7,1
Cadia commersoniana,Cryptostomum coriaceum,0.2887,not synonym,sentence-transformers/all-MiniLM-L6-v2,0.7,0
Dolichopsis monticola,Dolichos monticola,0.7629,synonym,sentence-transformers/all-MiniLM-L6-v2,0.7,1
Inga panurensis,Acacia prosopoides,0.2893,not synonym,sentence-transformers/all-MiniLM-L6-v2,0.7,0
Polygala malesiana,Heterosamara malesiana,0.6621,not synonym,sentence-transformers/all-MiniLM-L6-v2,0.7,1
Ebenus plumosa,Ebenidium plumosum,0.6678,not synonym,sentence-transformers/all-MiniLM-L6-v2,0.7,1
Ononis rotundifolia,Lupinus leucospermus,0.2788,not synonym,sentence-transformers/all-MiniLM-L6-v2,0.7,0
Genista echinus,Genista echinus,1.0,synonym,sentence-transformers/all-MiniLM-L6-v2,0.7,1
Acacia obtecta,Racosperma obtectum,0.1846,not synonym,sentence-transformers/all-MiniLM-L6-v2,0.7,1
Machaerium reticulatum,Lygoplis horridum,0.1201,not synonym,sentence-transformers/all-MiniLM-L6-v2,0.7,0
Eleiotis rottleri,Inga java,0.2416,not synonym,sentence-transformers/all-MiniLM-L6-v2,0.7,0
Inga heterophylla,Mimosa parae,0.4085,not synonym,sentence-transformers/all-MiniLM-L6-v2,0.7,1
Genista clavata,Lobomon sarmentosum,0.292,not synonym,sentence-transformers/all-MiniLM-L6-v2,0.7,0
Aphanocalyx pteridophyllus,Lupinus luthereaui,0.1267,not synonym,sentence-transformers/all-MiniLM-L6-v2,0.7,0
Acacia lentiginea,Racosperma lentigineum,0.3369,not synonym,sentence-transformers/all-MiniLM-L6-v2,0.7,1
Inga tenuistipula,Polygala acuminata,0.3195,not synonym,sentence-transformers/all-MiniLM-L6-v2,0.7,0
Polygala sinaica,Polygala decaisnei,0.6595,not synonym,sentence-transformers/all-MiniLM-L6-v2,0.7,1
Inga chocoensis,Inga chocoensis,1.0,synonym,sentence-transformers/all-MiniLM-L6-v2,0.7,1
Hebecarpa costaricensis,Polygala hebecarpa,0.7262,synonym,sentence-transformers/all-MiniLM-L6-v2,0.7,1
Myroxylon balsamum,Myrospermum balsamiferum,0.6717,not synonym,sentence-transformers/all-MiniLM-L6-v2,0.7,1
Genista canariensis,Elsota goudotiana,0.3436,not synonym,sentence-transformers/all-MiniLM-L6-v2,0.7,0
Hippocrepis comosa,Hippocrepis helvetica,0.7433,synonym,sentence-transformers/all-MiniLM-L6-v2,0.7,1
Monnina crassifolia,Inga stenocarpa,0.2888,not synonym,sentence-transformers/all-MiniLM-L6-v2,0.7,0
Phlebotaenia cuneata,Polygala cuneata,0.6324,not synonym,sentence-transformers/all-MiniLM-L6-v2,0.7,1
Polygala papuana,Polygala sinuata,0.8005,synonym,sentence-transformers/all-MiniLM-L6-v2,0.7,0
Lupinus angustifolius,Lupinus sylvestris,0.7669,synonym,sentence-transformers/all-MiniLM-L6-v2,0.7,1
Muraltia crassifolia,Polygala polyphylla,0.3325,not synonym,sentence-transformers/all-MiniLM-L6-v2,0.7,1
Carmichaelia australis,Pithecellobium dewitianum,0.3074,not synonym,sentence-transformers/all-MiniLM-L6-v2,0.7,0
Salomonia ciliata,Dalea multifoliolata,0.4501,not synonym,sentence-transformers/all-MiniLM-L6-v2,0.7,0
Calliandra staminea,Skaphium lanceatum,0.2762,not synonym,sentence-transformers/all-MiniLM-L6-v2,0.7,0
Genista albida,Racosperma campylophyllum,0.2095,not synonym,sentence-transformers/all-MiniLM-L6-v2,0.7,0
Genista fasselata,Cytisus tragacanthiformis,0.19,not synonym,sentence-transformers/all-MiniLM-L6-v2,0.7,0
Polygala hohenackeriana,Polygala jablotskiana,0.6487,not synonym,sentence-transformers/all-MiniLM-L6-v2,0.7,1
Gastrolobium plicatum,Bredemeyera kunthiana,0.1784,not synonym,sentence-transformers/all-MiniLM-L6-v2,0.7,0
Asemeia tobatiensis,Polygala pseudocelosioides,0.3532,not synonym,sentence-transformers/all-MiniLM-L6-v2,0.7,0
Monnina polystachya,Polygala pachyrrhiza,0.6367,not synonym,sentence-transformers/all-MiniLM-L6-v2,0.7,0
Acacia paradoxa,Heterosamara malesiana,0.2987,not synonym,sentence-transformers/all-MiniLM-L6-v2,0.7,0
Securidaca longepedunculata,Machaerium paraguariense,0.2649,not synonym,sentence-transformers/all-MiniLM-L6-v2,0.7,0
Archidendron aruense,Archidendron laxiflorum,0.6834,not synonym,sentence-transformers/all-MiniLM-L6-v2,0.7,1
Humularia rosea,Geissaspis robynsii,0.4496,not synonym,sentence-transformers/all-MiniLM-L6-v2,0.7,1
Machaerium dubium,Machaerium caicarense,0.7125,synonym,sentence-transformers/all-MiniLM-L6-v2,0.7,1
Myroxylon balsamum,Heisteria macrocarpa,0.3328,not synonym,sentence-transformers/all-MiniLM-L6-v2,0.7,0
Humularia ledermannii,Geissaspis ledermannii,0.7595,synonym,sentence-transformers/all-MiniLM-L6-v2,0.7,1
Genista humifusa,Cytisus chrysobotrys,0.0977,not synonym,sentence-transformers/all-MiniLM-L6-v2,0.7,0
Myroxylon balsamum,Myrospermum punctatum,0.3797,not synonym,sentence-transformers/all-MiniLM-L6-v2,0.7,1
Carpolobia alba,Carpolobia parvifolia,0.7287,synonym,sentence-transformers/all-MiniLM-L6-v2,0.7,1
Muraltia empetroides,Polygala piliophora,0.3971,not synonym,sentence-transformers/all-MiniLM-L6-v2,0.7,0
Chorizema cordatum,Chorizema flavum,0.748,synonym,sentence-transformers/all-MiniLM-L6-v2,0.7,1
Genista majorica,Phaseolus uleanus,0.2499,not synonym,sentence-transformers/all-MiniLM-L6-v2,0.7,0
Asemeia securidaca,Polygala securidaca,0.6358,not synonym,sentence-transformers/all-MiniLM-L6-v2,0.7,1
Genista lydia,Genista leptophylla,0.5272,not synonym,sentence-transformers/all-MiniLM-L6-v2,0.7,1
Securidaca calophylla,Securidaca decora,0.6064,not synonym,sentence-transformers/all-MiniLM-L6-v2,0.7,1
Genista lydia,Moghania teijsmanniana,0.2205,not synonym,sentence-transformers/all-MiniLM-L6-v2,0.7,0
Inga umbratica,Inga brevialata,0.621,not synonym,sentence-transformers/all-MiniLM-L6-v2,0.7,1
Calliandra taxifolia,Feuilleea expansa,0.2559,not synonym,sentence-transformers/all-MiniLM-L6-v2,0.7,1
Archidendron clypearia,Senega patens,0.1313,not synonym,sentence-transformers/all-MiniLM-L6-v2,0.7,0
Acacia binervata,Acacia umbrosa,0.7213,synonym,sentence-transformers/all-MiniLM-L6-v2,0.7,1
Lotus cytisoides,Lotus diffusus,0.6984,not synonym,sentence-transformers/all-MiniLM-L6-v2,0.7,1
Genista numidica,Lotus azoricus,0.2353,not synonym,sentence-transformers/all-MiniLM-L6-v2,0.7,0
Millettia lasiantha,Millettia lasiantha,1.0,synonym,sentence-transformers/all-MiniLM-L6-v2,0.7,1
Machaerium reticulatum,Nissolia acuminata,0.3112,not synonym,sentence-transformers/all-MiniLM-L6-v2,0.7,1
Genista carinalis,Genista incerta,0.7505,synonym,sentence-transformers/all-MiniLM-L6-v2,0.7,1
Archidendron chevalieri,Abarema yunnanense,0.0738,not synonym,sentence-transformers/all-MiniLM-L6-v2,0.7,1
Hebecarpa rectipilis,Berlinia delevoyi,0.2604,not synonym,sentence-transformers/all-MiniLM-L6-v2,0.7,0
Comesperma sylvestre,Polygala paucifolia,0.204,not synonym,sentence-transformers/all-MiniLM-L6-v2,0.7,0
Calliandra surinamensis,Genista eriocarpa,0.1691,not synonym,sentence-transformers/all-MiniLM-L6-v2,0.7,0
Archidendron multifoliolatum,Pithecellobium multifoliolatum,0.5394,not synonym,sentence-transformers/all-MiniLM-L6-v2,0.7,1
Muraltia stipulacea,Hoffmannseggia platycarpa,0.2623,not synonym,sentence-transformers/all-MiniLM-L6-v2,0.7,0
Hippocrepis scabra,Hippocrepis bourgaei,0.7234,synonym,sentence-transformers/all-MiniLM-L6-v2,0.7,1
Carmichaelia carmichaeliae,Notospartium carmichaeliae,0.724,synonym,sentence-transformers/all-MiniLM-L6-v2,0.7,1
Lotus dorycnium,Dorycnium decumbens,0.6208,not synonym,sentence-transformers/all-MiniLM-L6-v2,0.7,1
Genista ausetana,Genista javalambrensis,0.5631,not synonym,sentence-transformers/all-MiniLM-L6-v2,0.7,1
Calliandra sincorana,Calliandra exsudans,0.63,not synonym,sentence-transformers/all-MiniLM-L6-v2,0.7,1
Lotus maritimus,Genista discolor,0.2013,not synonym,sentence-transformers/all-MiniLM-L6-v2,0.7,0
Hoffmannseggia glauca,Heisteria leptorhiza,0.3458,not synonym,sentence-transformers/all-MiniLM-L6-v2,0.7,0
Acacia leptophleba,Racosperma leptophlebum,0.3854,not synonym,sentence-transformers/all-MiniLM-L6-v2,0.7,1
Calobota halenbergensis,Lebeckia halenbergensis,0.633,not synonym,sentence-transformers/all-MiniLM-L6-v2,0.7,1
Machaerium pittieri,Machaerium latifolium,0.6839,not synonym,sentence-transformers/all-MiniLM-L6-v2,0.7,1
Amphicarpaea ferruginea,Calliandra robusta,0.2287,not synonym,sentence-transformers/all-MiniLM-L6-v2,0.7,0
Genista pubescens,Genista pubescens,1.0,synonym,sentence-transformers/all-MiniLM-L6-v2,0.7,1
Calliandra tergemina,Ebenus erinacea,0.1656,not synonym,sentence-transformers/all-MiniLM-L6-v2,0.7,0
Muraltia stipulacea,Cytisus heterocanthus,0.2706,not synonym,sentence-transformers/all-MiniLM-L6-v2,0.7,0
Chorizema dicksonii,Chorizema costatum,0.7331,synonym,sentence-transformers/all-MiniLM-L6-v2,0.7,1
Caamembeca andina,Machaerium langlassei,0.3629,not synonym,sentence-transformers/all-MiniLM-L6-v2,0.7,0
Gastrolobium retusum,Callistachys retusa,0.5883,not synonym,sentence-transformers/all-MiniLM-L6-v2,0.7,1
Glycine tomentella,Securidaca orinocensis,0.2213,not synonym,sentence-transformers/all-MiniLM-L6-v2,0.7,0
Xanthophyllum flavescens,Xanthophyllum pallidum,0.8106,synonym,sentence-transformers/all-MiniLM-L6-v2,0.7,1
Microcharis remotiflora,Indigofera remotiflora,0.4756,not synonym,sentence-transformers/all-MiniLM-L6-v2,0.7,1
Adenopodia rotundifolia,Poincianella exostemma,0.1933,not synonym,sentence-transformers/all-MiniLM-L6-v2,0.7,0
Archidendron bigeminum,Pithecellobium bigeminum,0.4435,not synonym,sentence-transformers/all-MiniLM-L6-v2,0.7,1
Genista hispanica,Ulex hispanicus,0.5584,not synonym,sentence-transformers/all-MiniLM-L6-v2,0.7,1
Hippocrepis ciliata,Pithecellobium lobatum,0.3138,not synonym,sentence-transformers/all-MiniLM-L6-v2,0.7,0
Ononis rotundifolia,Chrystolia violacea,0.4154,not synonym,sentence-transformers/all-MiniLM-L6-v2,0.7,0
Hanslia ormocarpoides,Meibomia ormocarpodes,0.5464,not synonym,sentence-transformers/all-MiniLM-L6-v2,0.7,1
Lotus maritimus,Caesalpinia arenosa,0.3806,not synonym,sentence-transformers/all-MiniLM-L6-v2,0.7,0
Brachypterum koolgibberah,Feuilleea aspleniodes,0.2807,not synonym,sentence-transformers/all-MiniLM-L6-v2,0.7,0
Aotus procumbens,Monnina killipii,0.2554,not synonym,sentence-transformers/all-MiniLM-L6-v2,0.7,0
Epirixanthes elongata,Flemingia ferruginea,0.3547,not synonym,sentence-transformers/all-MiniLM-L6-v2,0.7,0
Calliandra coriacea,Feuilleea velutina,0.3477,not synonym,sentence-transformers/all-MiniLM-L6-v2,0.7,0
Acacia cyclops,Ononis rigida,0.2789,not synonym,sentence-transformers/all-MiniLM-L6-v2,0.7,0
Polygala japonica,Polygala hondoensis,0.6791,not synonym,sentence-transformers/all-MiniLM-L6-v2,0.7,1
Dysolobium pilosum,Dolichovigna rhombifolia,0.438,not synonym,sentence-transformers/all-MiniLM-L6-v2,0.7,1
Muraltia origanoides,Andradia arborea,0.5544,not synonym,sentence-transformers/all-MiniLM-L6-v2,0.7,0
Ebenus bourgeaui,Ebenidium bourgeaui,0.6838,not synonym,sentence-transformers/all-MiniLM-L6-v2,0.7,1
Salomonia ciliata,Polygala ciliata,0.7122,synonym,sentence-transformers/all-MiniLM-L6-v2,0.7,1
Machaerium hirtum,Diclidanthera orinocensis,0.2518,not synonym,sentence-transformers/all-MiniLM-L6-v2,0.7,0
Acacia paradoxa,Acacia falcifolia,0.7041,synonym,sentence-transformers/all-MiniLM-L6-v2,0.7,1
Echinospartum barnadesii,Phaseolus grandis,0.3936,not synonym,sentence-transformers/all-MiniLM-L6-v2,0.7,0
Calliandra rubescens,Anneslia rubescens,0.6727,not synonym,sentence-transformers/all-MiniLM-L6-v2,0.7,1
Xanthophyllum flavescens,Carmichaelia solandri,0.3922,not synonym,sentence-transformers/all-MiniLM-L6-v2,0.7,0
Nissolia vincentina,Chaetocalyx vincentinus,0.4041,not synonym,sentence-transformers/all-MiniLM-L6-v2,0.7,1
Delonix decaryi,Pterocarpus ebenus,0.2291,not synonym,sentence-transformers/all-MiniLM-L6-v2,0.7,0
Calliandra haematomma,Lupinus hellerae,0.196,not synonym,sentence-transformers/all-MiniLM-L6-v2,0.7,0
Archidendron glabrum,Archidendron kubaryanum,0.5819,not synonym,sentence-transformers/all-MiniLM-L6-v2,0.7,1
Monnina wrightii,Robinia fruticosa,0.4705,not synonym,sentence-transformers/all-MiniLM-L6-v2,0.7,0
Machaerium brasiliense,Bredemeyera mansonii,0.3542,not synonym,sentence-transformers/all-MiniLM-L6-v2,0.7,0
Comesperma volubile,Comesperma paucifolium,0.6588,not synonym,sentence-transformers/all-MiniLM-L6-v2,0.7,1
Gilbertiodendron unijugum,Archidendron aruense,0.3047,not synonym,sentence-transformers/all-MiniLM-L6-v2,0.7,0
Inga meissneriana,Feuilleea meissneriana,0.6815,not synonym,sentence-transformers/all-MiniLM-L6-v2,0.7,1
Mora paraensis,Dimorphandra paraensis,0.5439,not synonym,sentence-transformers/all-MiniLM-L6-v2,0.7,1
Millettia sericea,Caesalpinia chicamana,0.3713,not synonym,sentence-transformers/all-MiniLM-L6-v2,0.7,0
Muraltia pubescens,Cytisus paniculatus,0.1675,not synonym,sentence-transformers/all-MiniLM-L6-v2,0.7,0
Ononis natrix,Bonjeanea graeca,0.2903,not synonym,sentence-transformers/all-MiniLM-L6-v2,0.7,0
Machaerium arboreum,Machaerium stenophyllum,0.4709,not synonym,sentence-transformers/all-MiniLM-L6-v2,0.7,1
Chorizema obtusifolium,Phaseolus ligulatus,0.2588,not synonym,sentence-transformers/all-MiniLM-L6-v2,0.7,0
Polygala garcini,Pterocarpus lunatus,0.2947,not synonym,sentence-transformers/all-MiniLM-L6-v2,0.7,0
Gonocytisus pterocladus,Inga paludicola,0.1177,not synonym,sentence-transformers/all-MiniLM-L6-v2,0.7,0
Glycine clandestina,Anneslia haematomma,0.0323,not synonym,sentence-transformers/all-MiniLM-L6-v2,0.7,0
Inga chartacea,Inga bolivariana,0.5005,not synonym,sentence-transformers/all-MiniLM-L6-v2,0.7,1
Lotus tetragonolobus,Scandalida tetragonoloba,0.5204,not synonym,sentence-transformers/all-MiniLM-L6-v2,0.7,1
Securidaca trianae,Lotus granadensis,0.272,not synonym,sentence-transformers/all-MiniLM-L6-v2,0.7,0
Inga sapindoides,Inga rensonii,0.6161,not synonym,sentence-transformers/all-MiniLM-L6-v2,0.7,1
Chesneya rytidosperma,Genista tricuspidata,0.3248,not synonym,sentence-transformers/all-MiniLM-L6-v2,0.7,0
Decorsea grandidieri,Phaseolus grandidieri,0.5662,not synonym,sentence-transformers/all-MiniLM-L6-v2,0.7,1
Glycine tomentella,Glycine tomentaella,0.8581,synonym,sentence-transformers/all-MiniLM-L6-v2,0.7,1
Acacia auriculiformis,Acacia auriculaeformis,0.9175,synonym,sentence-transformers/all-MiniLM-L6-v2,0.7,1
Carmichaelia australis,Maughania lineata,0.3338,not synonym,sentence-transformers/all-MiniLM-L6-v2,0.7,0
Bossiaea heterophylla,Racosperma aureocrinitum,0.2211,not synonym,sentence-transformers/all-MiniLM-L6-v2,0.7,0
Erythrostemon epifanioi,Caesalpinia epifanioi,0.5088,not synonym,sentence-transformers/all-MiniLM-L6-v2,0.7,1
Machaerium arboreum,Moghania chappar,0.0915,not synonym,sentence-transformers/all-MiniLM-L6-v2,0.7,0
Herpyza grandiflora,Racosperma havilandiorum,0.1148,not synonym,sentence-transformers/all-MiniLM-L6-v2,0.7,0
Acacia dealbata,Kennedia splendens,0.223,not synonym,sentence-transformers/all-MiniLM-L6-v2,0.7,0
Flemingia trifoliata,Cytisanthus radiatus,0.3266,not synonym,sentence-transformers/all-MiniLM-L6-v2,0.7,0
Lotus edulis,Polygala collina,0.2322,not synonym,sentence-transformers/all-MiniLM-L6-v2,0.7,0
Erythrostemon palmeri,Caesalpinia palmeri,0.559,not synonym,sentence-transformers/all-MiniLM-L6-v2,0.7,1
Flemingia grahamiana,Calobota pulchella,0.2814,not synonym,sentence-transformers/all-MiniLM-L6-v2,0.7,0
Comesperma ericinum,Lotus microcarpus,0.2402,not synonym,sentence-transformers/all-MiniLM-L6-v2,0.7,0
Muraltia spinosa,Pithecellobium nicobaricum,0.3088,not synonym,sentence-transformers/all-MiniLM-L6-v2,0.7,0
Dolichopsis paraguariensis,Goldmania paraguariensis,0.4534,not synonym,sentence-transformers/all-MiniLM-L6-v2,0.7,1
Archidendron microcarpum,Chaetocalyx longilobus,0.1563,not synonym,sentence-transformers/all-MiniLM-L6-v2,0.7,0
Inga laurina,Feuilleea tweediei,0.3849,not synonym,sentence-transformers/all-MiniLM-L6-v2,0.7,0
Monnina richardiana,Monnina salicifolia,0.6958,not synonym,sentence-transformers/all-MiniLM-L6-v2,0.7,1
Ononis mitissima,Cylindrokelupha tonkinensis,0.2527,not synonym,sentence-transformers/all-MiniLM-L6-v2,0.7,0
Gastrolobium ebracteolatum,Chamaespartium sagittale,0.2518,not synonym,sentence-transformers/all-MiniLM-L6-v2,0.7,0
Myroxylon balsamum,Ononis mitis,0.2671,not synonym,sentence-transformers/all-MiniLM-L6-v2,0.7,0
Acacia lacertensis,Calliandra brevipes,0.2599,not synonym,sentence-transformers/all-MiniLM-L6-v2,0.7,0
Ononis pubescens,Ononis calycina,0.6782,not synonym,sentence-transformers/all-MiniLM-L6-v2,0.7,1
Acacia genistifolia,Acacia prostrata,0.7814,synonym,sentence-transformers/all-MiniLM-L6-v2,0.7,1
Polygala exilis,Dolichos schomburgkii,0.2302,not synonym,sentence-transformers/all-MiniLM-L6-v2,0.7,0
Machaerium brasiliense,Machaerium densicomum,0.6212,not synonym,sentence-transformers/all-MiniLM-L6-v2,0.7,1
Archidendron ellipticum,Feuilleea elliptica,0.4198,not synonym,sentence-transformers/all-MiniLM-L6-v2,0.7,1
Acacia ingramii,Badiera heterophylla,0.2535,not synonym,sentence-transformers/all-MiniLM-L6-v2,0.7,0
Millettia sericea,Millettia zollingeri,0.6926,not synonym,sentence-transformers/all-MiniLM-L6-v2,0.7,1
Genista monspessulana,Telinaria candicans,0.4166,not synonym,sentence-transformers/all-MiniLM-L6-v2,0.7,1
Angylocalyx pynaertii,Heisteria micrantha,0.287,not synonym,sentence-transformers/all-MiniLM-L6-v2,0.7,0
Acacia pedina,Racosperma pedinum,0.2469,not synonym,sentence-transformers/all-MiniLM-L6-v2,0.7,1
Muraltia ericoides,Acanthobotrya linearifolia,0.3338,not synonym,sentence-transformers/all-MiniLM-L6-v2,0.7,0
Dialium guineense,Hoffmanseggia tenella,0.1959,not synonym,sentence-transformers/all-MiniLM-L6-v2,0.7,0
Salomonia ciliata,Genista micrantha,0.361,not synonym,sentence-transformers/all-MiniLM-L6-v2,0.7,0
Dolichopsis monticola,Oryxis monticola,0.5943,not synonym,sentence-transformers/all-MiniLM-L6-v2,0.7,1
Gastrolobium dilatatum,Swartzia pinnata,0.3369,not synonym,sentence-transformers/all-MiniLM-L6-v2,0.7,0
Calliandra selloi,Muraltia ericifolia,0.3151,not synonym,sentence-transformers/all-MiniLM-L6-v2,0.7,0
Cyclopia maculata,Gompholobium maculatum,0.4213,not synonym,sentence-transformers/all-MiniLM-L6-v2,0.7,1
Apios priceana,Glycine priceana,0.5538,not synonym,sentence-transformers/all-MiniLM-L6-v2,0.7,1
Millettia caudata,Dolichos rhombifolius,0.3267,not synonym,sentence-transformers/all-MiniLM-L6-v2,0.7,0
Hebecarpa ovatifolia,Polygala ovatifolia,0.6544,not synonym,sentence-transformers/all-MiniLM-L6-v2,0.7,1
Ononis pinnata,Ononis rosifolia,0.5746,not synonym,sentence-transformers/all-MiniLM-L6-v2,0.7,1
Gonocytisus angulatus,Phaseolodes xylocarpum,0.1667,not synonym,sentence-transformers/all-MiniLM-L6-v2,0.7,0
Inga ciliata,Polygala unguiculata,0.4555,not synonym,sentence-transformers/all-MiniLM-L6-v2,0.7,0
Angylocalyx pynaertii,Angylocalyx zenkeri,0.6676,not synonym,sentence-transformers/all-MiniLM-L6-v2,0.7,1
Machaerium arboreum,Muraltia inconstans,0.1269,not synonym,sentence-transformers/all-MiniLM-L6-v2,0.7,0
Polygala karensium,Polygala lancilimba,0.7278,synonym,sentence-transformers/all-MiniLM-L6-v2,0.7,1
Dahlstedtia peckoltii,Muraltia incompta,0.4795,not synonym,sentence-transformers/all-MiniLM-L6-v2,0.7,0
Ononis curtipendula,Ononis curtipendula,1.0,synonym,sentence-transformers/all-MiniLM-L6-v2,0.7,1
Rhinotropis cornuta,Dorycnium herbaceum,0.3628,not synonym,sentence-transformers/all-MiniLM-L6-v2,0.7,0
Archidendron globosum,Pithecellobium globosum,0.5301,not synonym,sentence-transformers/all-MiniLM-L6-v2,0.7,1
Acacia echinula,Caesalpinia caudata,0.4455,not synonym,sentence-transformers/all-MiniLM-L6-v2,0.7,0
Genista aspalathoides,Spartium aspalatoides,0.4734,not synonym,sentence-transformers/all-MiniLM-L6-v2,0.7,1
Hoffmannseggia glandulosa,Cyclopia dregeana,0.3841,not synonym,sentence-transformers/all-MiniLM-L6-v2,0.7,0
Machaerium arboreum,Machaerium arboreum,1.0,synonym,sentence-transformers/all-MiniLM-L6-v2,0.7,1
Brachypterum robustum,Heisteria mixta,0.215,not synonym,sentence-transformers/all-MiniLM-L6-v2,0.7,0
Ononis filicaulis,Ononis filicaulis,1.0,synonym,sentence-transformers/all-MiniLM-L6-v2,0.7,1
Calliandra hirsuta,Pithecellobium siltepecense,0.2578,not synonym,sentence-transformers/all-MiniLM-L6-v2,0.7,1
Chesneya rytidosperma,Mundulea revoluta,0.3959,not synonym,sentence-transformers/all-MiniLM-L6-v2,0.7,0
Betencourtia martii,Galactia angustifolia,0.3807,not synonym,sentence-transformers/all-MiniLM-L6-v2,0.7,1
Genista tenera,Galactia tenera,0.578,not synonym,sentence-transformers/all-MiniLM-L6-v2,0.7,1
Ancylotropis insignis,Monnina piauhensis,0.2137,not synonym,sentence-transformers/all-MiniLM-L6-v2,0.7,1
Apios americana,Cytisus capensis,0.2064,not synonym,sentence-transformers/all-MiniLM-L6-v2,0.7,0
Flemingia macrophylla,Millettia eberhardtii,0.5571,not synonym,sentence-transformers/all-MiniLM-L6-v2,0.7,0
Archidendron glabrum,Monnina scandens,0.2441,not synonym,sentence-transformers/all-MiniLM-L6-v2,0.7,0
Nissolia brasiliensis,Senega cneorum,0.3117,not synonym,sentence-transformers/all-MiniLM-L6-v2,0.7,0
Polygala longifolia,Machaerium erianthum,0.1156,not synonym,sentence-transformers/all-MiniLM-L6-v2,0.7,0
Chesneya mongolica,Xanthophyllum kingii,0.3829,not synonym,sentence-transformers/all-MiniLM-L6-v2,0.7,0
Lotus fulgurans,Anthyllis fulgurans,0.5937,not synonym,sentence-transformers/all-MiniLM-L6-v2,0.7,1
Lotus dorycnium,Dorycnium elongatum,0.6895,not synonym,sentence-transformers/all-MiniLM-L6-v2,0.7,1
Cadia purpurea,Pteromonnina retusa,0.4823,not synonym,sentence-transformers/all-MiniLM-L6-v2,0.7,0
Calliandra hirsuta,Dolichos formosanus,0.2555,not synonym,sentence-transformers/all-MiniLM-L6-v2,0.7,0
Inga longiflora,Feuilleea ignota,0.2951,not synonym,sentence-transformers/all-MiniLM-L6-v2,0.7,1
Archidendron lucidum,Acacia prolifera,0.2258,not synonym,sentence-transformers/all-MiniLM-L6-v2,0.7,0
Eminia antennulifera,Eminia major,0.6597,not synonym,sentence-transformers/all-MiniLM-L6-v2,0.7,1
Acacia leichhardtii,Racosperma leichhardtii,0.4484,not synonym,sentence-transformers/all-MiniLM-L6-v2,0.7,1
Archidendron jiringa,Albizia acradena,0.2249,not synonym,sentence-transformers/all-MiniLM-L6-v2,0.7,0
Amphicarpaea bracteata,Glycine bracteata,0.6621,not synonym,sentence-transformers/all-MiniLM-L6-v2,0.7,1
Archidendron contortum,Inga finlaysoniana,0.2382,not synonym,sentence-transformers/all-MiniLM-L6-v2,0.7,1
Dialium tessmannii,Telinaria hispanica,0.286,not synonym,sentence-transformers/all-MiniLM-L6-v2,0.7,0
Dysolobium dolichoides,Phaseolus dolichoides,0.6764,not synonym,sentence-transformers/all-MiniLM-L6-v2,0.7,1
Ononis rotundifolia,Genista everestiana,0.2144,not synonym,sentence-transformers/all-MiniLM-L6-v2,0.7,0
Polygala papuana,Bredemeyera papuana,0.7222,synonym,sentence-transformers/all-MiniLM-L6-v2,0.7,1
Gastrolobium dorrienii,Oxylobium emarginatum,0.4585,not synonym,sentence-transformers/all-MiniLM-L6-v2,0.7,1
Polygala timoutou,Chamaebuxus coriacea,0.2831,not synonym,sentence-transformers/all-MiniLM-L6-v2,0.7,0
Amphicarpaea bracteata,Mimosa plana,0.2804,not synonym,sentence-transformers/all-MiniLM-L6-v2,0.7,0
Chesneya villosa,Morolobium monopterum,0.1104,not synonym,sentence-transformers/all-MiniLM-L6-v2,0.7,0
Machaerium aristulatum,Hebeandra myrtilloides,0.351,not synonym,sentence-transformers/all-MiniLM-L6-v2,0.7,0
Polygala sedoides,Senega sedoides,0.4956,not synonym,sentence-transformers/all-MiniLM-L6-v2,0.7,1
Flemingia sootepensis,Maughania sootepensis,0.6693,not synonym,sentence-transformers/all-MiniLM-L6-v2,0.7,1
Ononis diffusa,Ononis litoralis,0.7646,synonym,sentence-transformers/all-MiniLM-L6-v2,0.7,1
Asemeia violacea,Polygala rottleriana,0.3977,not synonym,sentence-transformers/all-MiniLM-L6-v2,0.7,1
Lotus conimbricensis,Anneslea purpurea,0.2349,not synonym,sentence-transformers/all-MiniLM-L6-v2,0.7,0
Acacia cyclops,Acacia cyclops,1.0,synonym,sentence-transformers/all-MiniLM-L6-v2,0.7,1
Genista splendens,Caesalpinia viscosa,0.2269,not synonym,sentence-transformers/all-MiniLM-L6-v2,0.7,0
Comesperma ericinum,Elsota acuminata,0.3048,not synonym,sentence-transformers/all-MiniLM-L6-v2,0.7,0
Eysenhardtia texana,Monnina piurensis,0.2972,not synonym,sentence-transformers/all-MiniLM-L6-v2,0.7,0
Lotus jordanii,Pteromonnina richardiana,0.3327,not synonym,sentence-transformers/all-MiniLM-L6-v2,0.7,0
Gastrolobium pusillum,Oxylobium tricuspidatum,0.4297,not synonym,sentence-transformers/all-MiniLM-L6-v2,0.7,1
Glycine max,Polygala moyanoi,0.1258,not synonym,sentence-transformers/all-MiniLM-L6-v2,0.7,0
Humularia bequaertii,Humularia purpureo-caerulea,0.7503,synonym,sentence-transformers/all-MiniLM-L6-v2,0.7,1
Genista canariensis,Racosperma abbreviatum,0.2142,not synonym,sentence-transformers/all-MiniLM-L6-v2,0.7,0
Xanthophyllum flavescens,Oxylobium spectabile,0.2358,not synonym,sentence-transformers/all-MiniLM-L6-v2,0.7,0
Monnina celastroides,Calliandra tweediei,0.1904,not synonym,sentence-transformers/all-MiniLM-L6-v2,0.7,0
Bredemeyera divaricata,Bredemeyera altissima,0.7302,synonym,sentence-transformers/all-MiniLM-L6-v2,0.7,1
Flemingia macrophylla,Lotus aurantiacus,0.2502,not synonym,sentence-transformers/all-MiniLM-L6-v2,0.7,0
Muraltia macroceras,Polygala hondoensis,0.3966,not synonym,sentence-transformers/all-MiniLM-L6-v2,0.7,0
Calliandra falcata,Calliandra amblyphylla,0.6675,not synonym,sentence-transformers/all-MiniLM-L6-v2,0.7,1
Discolobium paucijugum,Discolobium paucijugum,1.0,synonym,sentence-transformers/all-MiniLM-L6-v2,0.7,1
Acacia auronitens,Betencourtia rhynchosioides,0.2596,not synonym,sentence-transformers/all-MiniLM-L6-v2,0.7,0
Calliandra purpurea,Calliandra fulgens,0.6886,not synonym,sentence-transformers/all-MiniLM-L6-v2,0.7,0
Nogra dalzellii,Lotus aristatus,0.2939,not synonym,sentence-transformers/all-MiniLM-L6-v2,0.7,0
Gastrolobium racemosum,Abarema cordifolia,0.2303,not synonym,sentence-transformers/all-MiniLM-L6-v2,0.7,0
Millettia lenneoides,Racosperma pedinum,0.3217,not synonym,sentence-transformers/all-MiniLM-L6-v2,0.7,0
Genista majorica,Anthyllis multicaulis,0.1562,not synonym,sentence-transformers/all-MiniLM-L6-v2,0.7,1
Hesperolaburnum platycarpum,Cytisus platycarpus,0.4408,not synonym,sentence-transformers/all-MiniLM-L6-v2,0.7,1
Lotus dorycnium,Ononis insignis,0.1931,not synonym,sentence-transformers/all-MiniLM-L6-v2,0.7,0
Hebecarpa punctata,Polygala greggii,0.3669,not synonym,sentence-transformers/all-MiniLM-L6-v2,0.7,1
Acacia lasiopus,Chamaebuxus karensium,0.3864,not synonym,sentence-transformers/all-MiniLM-L6-v2,0.7,0
Kartalinia acaulis,Lotodes acaule,0.1233,not synonym,sentence-transformers/all-MiniLM-L6-v2,0.7,1
Archidendron novoguineense,Pithecellobium novoguineense,0.4216,not synonym,sentence-transformers/all-MiniLM-L6-v2,0.7,1
Machaerium polyphyllum,Inga jimeneziana,0.0628,not synonym,sentence-transformers/all-MiniLM-L6-v2,0.7,0
Archidendron bigeminum,Feuilleea jiringa,0.1535,not synonym,sentence-transformers/all-MiniLM-L6-v2,0.7,0
Gastrolobium ebracteolatum,Callistachys linearis,0.2246,not synonym,sentence-transformers/all-MiniLM-L6-v2,0.7,1
Microcharis tenuirostris,Nemcia atropurpurea,0.1886,not synonym,sentence-transformers/all-MiniLM-L6-v2,0.7,0
Lotus garcinii,Racosperma genistifolium,0.0644,not synonym,sentence-transformers/all-MiniLM-L6-v2,0.7,0
Gilbertiodendron preussii,Macrolobium preussii,0.592,not synonym,sentence-transformers/all-MiniLM-L6-v2,0.7,1
Securidaca bialata,Elsota bialata,0.6187,not synonym,sentence-transformers/all-MiniLM-L6-v2,0.7,1
Acacia aculeatissima,Genista adzharica,0.2258,not synonym,sentence-transformers/all-MiniLM-L6-v2,0.7,0
Millettia dubia,Mimosa gualanensis,0.4752,not synonym,sentence-transformers/all-MiniLM-L6-v2,0.7,0
Nissolia vincentina,Chaetocalyx retusus,0.1914,not synonym,sentence-transformers/all-MiniLM-L6-v2,0.7,1
Lotus tenellus,Lotus leptophyllus,0.6483,not synonym,sentence-transformers/all-MiniLM-L6-v2,0.7,1
Muraltia tenuifolia,Glycine formosa,0.2487,not synonym,sentence-transformers/all-MiniLM-L6-v2,0.7,0
Calliandra hirsuta,Ononis serrata,0.4267,not synonym,sentence-transformers/all-MiniLM-L6-v2,0.7,0
Ononis arvensis,Genista capitata,0.1701,not synonym,sentence-transformers/all-MiniLM-L6-v2,0.7,0
Genista anglica,Indigofera spathulata,0.3003,not synonym,sentence-transformers/all-MiniLM-L6-v2,0.7,0
Inga obtusata,Inga obtusata,1.0,synonym,sentence-transformers/all-MiniLM-L6-v2,0.7,1
Millettia weizhii,Glycine monantha,0.2418,not synonym,sentence-transformers/all-MiniLM-L6-v2,0.7,0
Inga stenoptera,Senega timoutou,0.3444,not synonym,sentence-transformers/all-MiniLM-L6-v2,0.7,0
Calliandra mollissima,Paradaniellia oliveri,0.3843,not synonym,sentence-transformers/all-MiniLM-L6-v2,0.7,0
Genista microcephala,Collaea neesii,0.3237,not synonym,sentence-transformers/all-MiniLM-L6-v2,0.7,0
Monnina macrostachya,Pteromonnina macrostachya,0.6729,not synonym,sentence-transformers/all-MiniLM-L6-v2,0.7,1
Lotus jacobaeus,Lotus atropurpureus,0.6575,not synonym,sentence-transformers/all-MiniLM-L6-v2,0.7,1
Nemcia epacridoides,Gastrolobium epacridoides,0.6334,not synonym,sentence-transformers/all-MiniLM-L6-v2,0.7,1
Chesneya macrantha,Poinciana tomentosa,0.4106,not synonym,sentence-transformers/all-MiniLM-L6-v2,0.7,0
Polygala amboniensis,Polygala sennii,0.6806,not synonym,sentence-transformers/all-MiniLM-L6-v2,0.7,1
Bredemeyera myrtifolia,Bredemeyera huberiana,0.5403,not synonym,sentence-transformers/all-MiniLM-L6-v2,0.7,1
Betencourtia crassifolia,Galactia crassifolia,0.6067,not synonym,sentence-transformers/all-MiniLM-L6-v2,0.7,1
Chesneya acaulis,Astragalus fernandezianus,0.392,not synonym,sentence-transformers/all-MiniLM-L6-v2,0.7,1
Genista micrantha,Daniellia punchii,0.373,not synonym,sentence-transformers/all-MiniLM-L6-v2,0.7,0
Calliandra quetzal,Feuilleea ruiziana,0.3156,not synonym,sentence-transformers/all-MiniLM-L6-v2,0.7,0
Genista balearica,Hoffmannseggia texensis,0.1958,not synonym,sentence-transformers/all-MiniLM-L6-v2,0.7,0
Millettia splendens,Inga sanctae-annae,0.2277,not synonym,sentence-transformers/all-MiniLM-L6-v2,0.7,0
Cyclopia meyeriana,Calliandra yucunensis,0.3681,not synonym,sentence-transformers/all-MiniLM-L6-v2,0.7,0
Comesperma volubile,Comesperma tortuosum,0.7089,synonym,sentence-transformers/all-MiniLM-L6-v2,0.7,1
Asemeia martiana,Heistera alopecuroides,0.3286,not synonym,sentence-transformers/all-MiniLM-L6-v2,0.7,0
Nissolia vincentina,Chaetocalyx scandens,0.1102,not synonym,sentence-transformers/all-MiniLM-L6-v2,0.7,1
Flemingia pauciflora,Maughania pauciflora,0.7,synonym,sentence-transformers/all-MiniLM-L6-v2,0.7,1
Genista cinerea,Spartium cinereum,0.2819,not synonym,sentence-transformers/all-MiniLM-L6-v2,0.7,1
Gilbertiodendron grandiflorum,Gilbertiodendron straussianum,0.7714,synonym,sentence-transformers/all-MiniLM-L6-v2,0.7,1
Acacia blakelyi,Racosperma blakelyi,0.4399,not synonym,sentence-transformers/all-MiniLM-L6-v2,0.7,1
Machaerium isadelphum,Muraltia macrocarpa,0.1598,not synonym,sentence-transformers/all-MiniLM-L6-v2,0.7,0
Muraltia trinervia,Polygala trinervia,0.4191,not synonym,sentence-transformers/all-MiniLM-L6-v2,0.7,1
Muraltia satureioides,Muraltia satureioides,1.0,synonym,sentence-transformers/all-MiniLM-L6-v2,0.7,1
Genista monspessulana,Derris cumingii,0.4672,not synonym,sentence-transformers/all-MiniLM-L6-v2,0.7,0
Inga lallensis,Inga sodiroi,0.6091,not synonym,sentence-transformers/all-MiniLM-L6-v2,0.7,1
Securidaca macrocarpa,Elsota macrocarpa,0.6762,not synonym,sentence-transformers/all-MiniLM-L6-v2,0.7,1
Rhinotropis lindheimeri,Geissaspis corbisieri,0.3939,not synonym,sentence-transformers/all-MiniLM-L6-v2,0.7,0
Machaerium uncinatum,Cynometra leptantha,0.2815,not synonym,sentence-transformers/all-MiniLM-L6-v2,0.7,0
Caamembeca ulei,Polygala opima,0.2743,not synonym,sentence-transformers/all-MiniLM-L6-v2,0.7,1
Hoffmannseggia oxycarpa,Geissaspis gossweileri,0.3489,not synonym,sentence-transformers/all-MiniLM-L6-v2,0.7,0
Gastrolobium sericeum,Podolobium sericeum,0.7156,synonym,sentence-transformers/all-MiniLM-L6-v2,0.7,1
Calobota linearifolia,Carmichaelia pilosa,0.3308,not synonym,sentence-transformers/all-MiniLM-L6-v2,0.7,0
Gastrolobium rubrum,Hippocrepis comosa,0.1643,not synonym,sentence-transformers/all-MiniLM-L6-v2,0.7,0
Heterostemon impar,Varennea polystachya,0.1643,not synonym,sentence-transformers/all-MiniLM-L6-v2,0.7,0
Gastrolobium linearifolium,Callistachys oxylobioides,0.396,not synonym,sentence-transformers/all-MiniLM-L6-v2,0.7,1
Machaerium hirtum,Machaerium bolivianum,0.7152,synonym,sentence-transformers/all-MiniLM-L6-v2,0.7,1
Securidaca rivinifolia,Securidaca rivinaefolia,0.7344,synonym,sentence-transformers/all-MiniLM-L6-v2,0.7,1
Hoita orbicularis,Nemcia axillaris,0.3425,not synonym,sentence-transformers/all-MiniLM-L6-v2,0.7,0
Hoffmannseggia drummondii,Caesalpinia texensis,0.3749,not synonym,sentence-transformers/all-MiniLM-L6-v2,0.7,1
Muraltia alopecuroides,Muraltia candollei,0.48,not synonym,sentence-transformers/all-MiniLM-L6-v2,0.7,1
Nogra dalzellii,Nogra simplicifolia,0.5987,not synonym,sentence-transformers/all-MiniLM-L6-v2,0.7,1
Inga sapindoides,Kennedya microphylla,0.2306,not synonym,sentence-transformers/all-MiniLM-L6-v2,0.7,0
Erythrostemon gilliesii,Polygala parryi,0.3052,not synonym,sentence-transformers/all-MiniLM-L6-v2,0.7,0
Lotus garcinii,Inga chaetophora,0.4692,not synonym,sentence-transformers/all-MiniLM-L6-v2,0.7,0
Machaerium isadelphum,Lebeckia subternata,0.2045,not synonym,sentence-transformers/all-MiniLM-L6-v2,0.7,0
Chorizema nanum,Pultenaea nana,0.4499,not synonym,sentence-transformers/all-MiniLM-L6-v2,0.7,1
Inga pilosula,Inga macrophylla,0.6006,not synonym,sentence-transformers/all-MiniLM-L6-v2,0.7,1
Comesperma drummondii,Racosperma calanthum,0.2943,not synonym,sentence-transformers/all-MiniLM-L6-v2,0.7,0
Acacia helicophylla,Hippocrepis montgronyana,0.1502,not synonym,sentence-transformers/all-MiniLM-L6-v2,0.7,0
Lotus hirsutus,Pithecellobium kinubaluense,0.2797,not synonym,sentence-transformers/all-MiniLM-L6-v2,0.7,0
Machaerium arboreum,Polygala platycarpa,0.1535,not synonym,sentence-transformers/all-MiniLM-L6-v2,0.7,0
Xanthophyllum lanceatum,Xanthophyllum microcarpum,0.7312,synonym,sentence-transformers/all-MiniLM-L6-v2,0.7,1
Coulteria mollis,Adenocalyx racemosus,0.1468,not synonym,sentence-transformers/all-MiniLM-L6-v2,0.7,1
Chesneya macrantha,Spongiocarpella potaninii,0.4825,not synonym,sentence-transformers/all-MiniLM-L6-v2,0.7,1
Machaerium nigrum,Nissolia fruticosa,0.3772,not synonym,sentence-transformers/all-MiniLM-L6-v2,0.7,1
Amphiodon effusus,Poecilanthe ovalifolia,0.3002,not synonym,sentence-transformers/all-MiniLM-L6-v2,0.7,1
Dahlstedtia peckoltii,Lonchocarpus peckoltii,0.6228,not synonym,sentence-transformers/all-MiniLM-L6-v2,0.7,1
Muraltia trinervia,Brachysema bracteolosum,0.1909,not synonym,sentence-transformers/all-MiniLM-L6-v2,0.7,0
Genista stenopetala,Orthotropis pungens,0.1547,not synonym,sentence-transformers/all-MiniLM-L6-v2,0.7,0
Muraltia ericoides,Muraltia linophylla,0.6715,not synonym,sentence-transformers/all-MiniLM-L6-v2,0.7,1
Brya buxifolia,Pterocarpus buxifolius,0.2774,not synonym,sentence-transformers/all-MiniLM-L6-v2,0.7,1
Muraltia tenuifolia,Heistera tenuifolia,0.676,not synonym,sentence-transformers/all-MiniLM-L6-v2,0.7,1
Ancistrotropis robusta,Phaseolus robustus,0.5325,not synonym,sentence-transformers/all-MiniLM-L6-v2,0.7,1
Muraltia tenuifolia,Acacia echinata,0.404,not synonym,sentence-transformers/all-MiniLM-L6-v2,0.7,0
Comesperma lhotzkyanum,Racosperma pacyphyllum,0.3628,not synonym,sentence-transformers/all-MiniLM-L6-v2,0.7,0
Machaerium reticulatum,Machaerium vellosianum,0.7393,synonym,sentence-transformers/all-MiniLM-L6-v2,0.7,1
Calliandra houstoniana,Callistachys parviflora,0.4141,not synonym,sentence-transformers/all-MiniLM-L6-v2,0.7,0
Angylocalyx oligophyllus,Lotus neglecta,0.2257,not synonym,sentence-transformers/all-MiniLM-L6-v2,0.7,0
Archidendron glabrum,Callistachys capitata,0.2718,not synonym,sentence-transformers/all-MiniLM-L6-v2,0.7,0
Lotus glinoides,Gonancylis thyrsoidea,0.3546,not synonym,sentence-transformers/all-MiniLM-L6-v2,0.7,0
Erythrostemon exostemma,Affonsea gereauana,0.2133,not synonym,sentence-transformers/all-MiniLM-L6-v2,0.7,0
Polygala ludwigiana,Heisteria laxa,0.4539,not synonym,sentence-transformers/all-MiniLM-L6-v2,0.7,1
Cyclopia buxifolia,Cyclopia subternata,0.6855,not synonym,sentence-transformers/all-MiniLM-L6-v2,0.7,1
Microcharis tritoides,Leptocyamus latifolius,0.2713,not synonym,sentence-transformers/all-MiniLM-L6-v2,0.7,0
Acacia genistifolia,Racosperma genistifolium,0.2371,not synonym,sentence-transformers/all-MiniLM-L6-v2,0.7,1
Inga chartacea,Ononis hircina,0.2432,not synonym,sentence-transformers/all-MiniLM-L6-v2,0.7,0
Erythrostemon palmeri,Poincianella palmeri,0.6185,not synonym,sentence-transformers/all-MiniLM-L6-v2,0.7,1
Flemingia parviflora,Polygala zacatecana,0.4167,not synonym,sentence-transformers/all-MiniLM-L6-v2,0.7,0
Hebecarpa rectipilis,Polygala rectipilis,0.3314,not synonym,sentence-transformers/all-MiniLM-L6-v2,0.7,1
Polygala mexicana,Pithecellobium multifoliolatum,0.2568,not synonym,sentence-transformers/all-MiniLM-L6-v2,0.7,0
Acacia auricoma,Racosperma auricomum,0.4233,not synonym,sentence-transformers/all-MiniLM-L6-v2,0.7,1
Gastrolobium crenulatum,Carpolobia glabrescens,0.2152,not synonym,sentence-transformers/all-MiniLM-L6-v2,0.7,0
Mundtia spinosa,Lotus edulus,0.1882,not synonym,sentence-transformers/all-MiniLM-L6-v2,0.7,0
Badiera fuertesii,Myrospermum peruiferum,0.2109,not synonym,sentence-transformers/all-MiniLM-L6-v2,0.7,0
Polygala crotalarioides,Polygala pygmaea,0.6849,not synonym,sentence-transformers/all-MiniLM-L6-v2,0.7,1
Polygala usafuensis,Genista iberica,0.27,not synonym,sentence-transformers/all-MiniLM-L6-v2,0.7,0
Genista tricuspidata,Genista tricuspidata,1.0,synonym,sentence-transformers/all-MiniLM-L6-v2,0.7,1
Xanthophyllum flavescens,Lotus malatayicus,0.429,not synonym,sentence-transformers/all-MiniLM-L6-v2,0.7,0
Comesperma sylvestre,Polygala pterolopha,0.1568,not synonym,sentence-transformers/all-MiniLM-L6-v2,0.7,0
Daniellia pynaertii,Daniellia mortehanii,0.7262,synonym,sentence-transformers/all-MiniLM-L6-v2,0.7,1
Padbruggea filipes,Calliandra cylindrocarpa,0.3406,not synonym,sentence-transformers/all-MiniLM-L6-v2,0.7,0
Nissolia longiflora,Chaetocalyx glaziovii,0.3689,not synonym,sentence-transformers/all-MiniLM-L6-v2,0.7,1
Genista ferox,Spartium heterophyllum,0.1666,not synonym,sentence-transformers/all-MiniLM-L6-v2,0.7,1
Ononis hirta,Ononis cirtensis,0.6531,not synonym,sentence-transformers/all-MiniLM-L6-v2,0.7,1
Salomonia cantoniensis,Salmonea cantoniensis,0.5987,not synonym,sentence-transformers/all-MiniLM-L6-v2,0.7,1
Hebecarpa macradenia,Ononis bourgaei,0.284,not synonym,sentence-transformers/all-MiniLM-L6-v2,0.7,0
Archidendron lucyi,Heisteria ciliaris,0.3277,not synonym,sentence-transformers/all-MiniLM-L6-v2,0.7,0
Ononis spinosa,Archidendron warenense,0.2276,not synonym,sentence-transformers/all-MiniLM-L6-v2,0.7,0
Eysenhardtia punctata,Kennedynella microphylla,0.3124,not synonym,sentence-transformers/all-MiniLM-L6-v2,0.7,0
Gilbertiodendron ogowense,Ebenus cilicica,0.351,not synonym,sentence-transformers/all-MiniLM-L6-v2,0.7,0
Archidendron lucyi,Phaseoloides grande,0.2078,not synonym,sentence-transformers/all-MiniLM-L6-v2,0.7,0
Hippocrepis comosa,Hippocrepis comosa,1.0,synonym,sentence-transformers/all-MiniLM-L6-v2,0.7,1
Calliandra purpurea,Feuilleea purpurea,0.6104,not synonym,sentence-transformers/all-MiniLM-L6-v2,0.7,1
Brachypterum thorelii,Solori thorelii,0.4401,not synonym,sentence-transformers/all-MiniLM-L6-v2,0.7,1
Machaerium hirtum,Gueldenstaedtia oliveriana,0.2582,not synonym,sentence-transformers/all-MiniLM-L6-v2,0.7,0
Lotus dorycnium,Phaseolodes nudiflorum,0.2443,not synonym,sentence-transformers/all-MiniLM-L6-v2,0.7,0
Hippocrepis biflora,Cylindrokelupha xichouensis,0.23,not synonym,sentence-transformers/all-MiniLM-L6-v2,0.7,0
Kotschya parvifolia,Lotus praetermissus,0.4303,not synonym,sentence-transformers/all-MiniLM-L6-v2,0.7,0
Asemeia grandiflora,Polygala ambigens,0.3702,not synonym,sentence-transformers/all-MiniLM-L6-v2,0.7,1
Brachypterum scandens,Pongamia coriacea,0.1604,not synonym,sentence-transformers/all-MiniLM-L6-v2,0.7,1
Erythrostemon pannosus,Poincianella californica,0.3709,not synonym,sentence-transformers/all-MiniLM-L6-v2,0.7,1
Gastrolobium pusillum,Genista odoratissima,0.3883,not synonym,sentence-transformers/all-MiniLM-L6-v2,0.7,0
Hoffmannseggia miranda,Hippocrepis helvetica,0.23,not synonym,sentence-transformers/all-MiniLM-L6-v2,0.7,0
Julbernardia magnistipulata,Maughania brevipes,0.3718,not synonym,sentence-transformers/all-MiniLM-L6-v2,0.7,0
Nissolia latisiliqua,Aeschynomene latisiliquosa,0.4374,not synonym,sentence-transformers/all-MiniLM-L6-v2,0.7,1
Camptosema rubicundum,Kennedia splendens,0.2761,not synonym,sentence-transformers/all-MiniLM-L6-v2,0.7,1
Julbernardia brieyi,Julbernardia normandii,0.8041,synonym,sentence-transformers/all-MiniLM-L6-v2,0.7,1
Monnina martiana,Monnina martiana,1.0,synonym,sentence-transformers/all-MiniLM-L6-v2,0.7,1
Monnina pterocarpa,Onobrychis lineata,0.2845,not synonym,sentence-transformers/all-MiniLM-L6-v2,0.7,0
Inga sapindoides,Inga preussii,0.6502,not synonym,sentence-transformers/all-MiniLM-L6-v2,0.7,1
Nissolia klugii,Inga guilleminiana,0.362,not synonym,sentence-transformers/all-MiniLM-L6-v2,0.7,0
Rhinotropis californica,Lotus oligoceratos,0.2573,not synonym,sentence-transformers/all-MiniLM-L6-v2,0.7,0
Polygala sericea,Senega sericea,0.5745,not synonym,sentence-transformers/all-MiniLM-L6-v2,0.7,1
Ononis variegata,Vouapa limba,0.404,not synonym,sentence-transformers/all-MiniLM-L6-v2,0.7,0
Hoffmannseggia viscosa,Hoffmannseggia ternata,0.5524,not synonym,sentence-transformers/all-MiniLM-L6-v2,0.7,1
Lotus arabicus,Fontenellea brasiliensis,0.313,not synonym,sentence-transformers/all-MiniLM-L6-v2,0.7,0
Xanthophyllum ellipticum,Xanthophyllum citrifolium,0.822,synonym,sentence-transformers/all-MiniLM-L6-v2,0.7,1
Lotus maritimus,Banisteroides excelsum,0.2704,not synonym,sentence-transformers/all-MiniLM-L6-v2,0.7,0
Lotus subbiflorus,Phyllodoce undulata,0.2897,not synonym,sentence-transformers/all-MiniLM-L6-v2,0.7,0
Archidendron sessile,Archidendron vandersijde,0.7737,synonym,sentence-transformers/all-MiniLM-L6-v2,0.7,1
Genista monspessulana,Geissaspis meyeri-johannis,0.3392,not synonym,sentence-transformers/all-MiniLM-L6-v2,0.7,0
Machaerium lunatum,Pterocarpus apterus,0.2614,not synonym,sentence-transformers/all-MiniLM-L6-v2,0.7,1
Genista aristata,Grona filicaulis,0.2825,not synonym,sentence-transformers/all-MiniLM-L6-v2,0.7,0
Carmichaelia compacta,Hebeandra phillyreoides,0.334,not synonym,sentence-transformers/all-MiniLM-L6-v2,0.7,0
Acacia obtusata,Acacia obtusata,1.0,synonym,sentence-transformers/all-MiniLM-L6-v2,0.7,1
Machaerium lanceolatum,Lotus glacialis,0.3233,not synonym,sentence-transformers/all-MiniLM-L6-v2,0.7,0
Monnina sodiroana,Ononis aucheri,0.2969,not synonym,sentence-transformers/all-MiniLM-L6-v2,0.7,0
Bossiaea preissii,Heinekenia pyrantha,0.3579,not synonym,sentence-transformers/all-MiniLM-L6-v2,0.7,0
Lotus conjugatus,Lotus bivoneus,0.7557,synonym,sentence-transformers/all-MiniLM-L6-v2,0.7,1
Hippocrepis emerus,Toluifera punctata,0.1911,not synonym,sentence-transformers/all-MiniLM-L6-v2,0.7,0
Genista ausetana,Galactia scarlatina,0.3378,not synonym,sentence-transformers/all-MiniLM-L6-v2,0.7,0
Glycine tabacina,Ononis bicolor,0.1409,not synonym,sentence-transformers/all-MiniLM-L6-v2,0.7,0
Lupinus fulcratus,Aspalathus nubigenus,0.3279,not synonym,sentence-transformers/all-MiniLM-L6-v2,0.7,0
Calliandra hirsuta,Anneslia pubiflora,0.2834,not synonym,sentence-transformers/all-MiniLM-L6-v2,0.7,1
Muraltia macropetala,Muraltia stipulacea,0.6804,not synonym,sentence-transformers/all-MiniLM-L6-v2,0.7,1
Lotus hirsutus,Ononis viscosa,0.2401,not synonym,sentence-transformers/all-MiniLM-L6-v2,0.7,0
Ononis baetica,Ononis bourgaei,0.7685,synonym,sentence-transformers/all-MiniLM-L6-v2,0.7,1
Machaerium biovulatum,Machaerium acanthothyrsus,0.6363,not synonym,sentence-transformers/all-MiniLM-L6-v2,0.7,1
Flemingia faginea,Rhynchosia faginea,0.5297,not synonym,sentence-transformers/all-MiniLM-L6-v2,0.7,1
Ononis variegata,Anonis variegata,0.6865,not synonym,sentence-transformers/all-MiniLM-L6-v2,0.7,1
Calpurnia intrusa,Calpurnia villosa,0.8033,synonym,sentence-transformers/all-MiniLM-L6-v2,0.7,1
Calophaca tianschanica,Genista cosoniaca,0.3112,not synonym,sentence-transformers/all-MiniLM-L6-v2,0.7,0
Acacia anomala,Racosperma auronitens,0.2479,not synonym,sentence-transformers/all-MiniLM-L6-v2,0.7,0
Bouffordia dichotoma,Desmodium willdenowii,0.3423,not synonym,sentence-transformers/all-MiniLM-L6-v2,0.7,1
Machaerium stipitatum,Machaerium minutiflorum,0.7269,synonym,sentence-transformers/all-MiniLM-L6-v2,0.7,1
Carmichaelia uniflora,Carmichaelia uniflora,1.0,synonym,sentence-transformers/all-MiniLM-L6-v2,0.7,1
Archidendron lucyi,Archidendron effeminatum,0.5545,not synonym,sentence-transformers/all-MiniLM-L6-v2,0.7,1
Lotus parviflorus,Brasilettia mollis,0.2392,not synonym,sentence-transformers/all-MiniLM-L6-v2,0.7,0
Bredemeyera brevifolia,Comesperma pubescens,0.345,not synonym,sentence-transformers/all-MiniLM-L6-v2,0.7,1
Lotus cruentus,Lotus coccineus,0.8125,synonym,sentence-transformers/all-MiniLM-L6-v2,0.7,1
Calobota pungens,Stiza pungens,0.5259,not synonym,sentence-transformers/all-MiniLM-L6-v2,0.7,1
Millettia psilopetala,Bredemeyera lanceolata,0.3496,not synonym,sentence-transformers/all-MiniLM-L6-v2,0.7,0
Muraltia striata,Salomonia crabiformis,0.3555,not synonym,sentence-transformers/all-MiniLM-L6-v2,0.7,0
Muraltia ericoides,Muraltia virgata,0.6346,not synonym,sentence-transformers/all-MiniLM-L6-v2,0.7,1
Ononis arvensis,Bonaga hircina,0.2518,not synonym,sentence-transformers/all-MiniLM-L6-v2,0.7,1
Millettia pachycarpa,Millettia fooningensis,0.5376,not synonym,sentence-transformers/all-MiniLM-L6-v2,0.7,1
Lotus cruentus,Feuilleea harrisii,0.2704,not synonym,sentence-transformers/all-MiniLM-L6-v2,0.7,0
Inga sapindoides,Leptocyamus elongatus,0.2947,not synonym,sentence-transformers/all-MiniLM-L6-v2,0.7,0
Gastrolobium heterophyllum,Callistachys heterophylla,0.6225,not synonym,sentence-transformers/all-MiniLM-L6-v2,0.7,1
Muraltia squarrosa,Feuilleea chartacea,0.4128,not synonym,sentence-transformers/all-MiniLM-L6-v2,0.7,0
Aphanocalyx jenseniae,Monopetalanthus jensenii,0.3491,not synonym,sentence-transformers/all-MiniLM-L6-v2,0.7,1
Genista tribracteolata,Centrosema fulgens,0.2386,not synonym,sentence-transformers/all-MiniLM-L6-v2,0.7,0
Calliandra tergemina,Calliandra seemannii,0.6327,not synonym,sentence-transformers/all-MiniLM-L6-v2,0.7,1
Lotus angustissimus,Lotus armeniacus,0.6879,not synonym,sentence-transformers/all-MiniLM-L6-v2,0.7,1
Nissolia longiflora,Chaetocalyx glaziouvii,0.3642,not synonym,sentence-transformers/all-MiniLM-L6-v2,0.7,1
Gastrolobium dorrienii,Genista cazorlana,0.3238,not synonym,sentence-transformers/all-MiniLM-L6-v2,0.7,0
Muraltia mitior,Mundtia kraussiana,0.3019,not synonym,sentence-transformers/all-MiniLM-L6-v2,0.7,1
Genista falcata,Scorpius serpyllifolius,0.2116,not synonym,sentence-transformers/all-MiniLM-L6-v2,0.7,1
Genista tenera,Genista virgata,0.7915,synonym,sentence-transformers/all-MiniLM-L6-v2,0.7,1
Monnina cuneata,Flemingia schultzii,0.4061,not synonym,sentence-transformers/all-MiniLM-L6-v2,0.7,0
Calliandra umbellifera,Machaerium vellosianum,0.381,not synonym,sentence-transformers/all-MiniLM-L6-v2,0.7,0
Lotus arabicus,Lotus arabicus,1.0,synonym,sentence-transformers/all-MiniLM-L6-v2,0.7,1
Lupinus luteus,Lupinus luteolus,0.9692,synonym,sentence-transformers/all-MiniLM-L6-v2,0.7,1
Securidaca diversifolia,Caesalpinia macrantha,0.4763,not synonym,sentence-transformers/all-MiniLM-L6-v2,0.7,0
Acacia genistifolia,Acacia cuspidata,0.6844,not synonym,sentence-transformers/all-MiniLM-L6-v2,0.7,1
Ononis sieberi,Kennedynella tabacina,0.3803,not synonym,sentence-transformers/all-MiniLM-L6-v2,0.7,0
Inga sapindoides,Genista heterocantha,0.3775,not synonym,sentence-transformers/all-MiniLM-L6-v2,0.7,0
Genista tricuspidata,Lupinus setifolius,0.2709,not synonym,sentence-transformers/all-MiniLM-L6-v2,0.7,0
Collaea speciosa,Geissaspis affinis,0.4615,not synonym,sentence-transformers/all-MiniLM-L6-v2,0.7,0
Inga sapindoides,Inga salvadorensis,0.704,synonym,sentence-transformers/all-MiniLM-L6-v2,0.7,1
Ononis cheiranthoides,Ononis cheiranthoides,1.0,synonym,sentence-transformers/all-MiniLM-L6-v2,0.7,1
Betencourtia martii,Collaea martii,0.6586,not synonym,sentence-transformers/all-MiniLM-L6-v2,0.7,1
Calliandra comosa,Lebeckia parvifolia,0.3127,not synonym,sentence-transformers/all-MiniLM-L6-v2,0.7,0
Inga salicifolia,Glycine priceana,0.2462,not synonym,sentence-transformers/all-MiniLM-L6-v2,0.7,0
Genista tricuspidata,Monnina stenophylla,0.4071,not synonym,sentence-transformers/all-MiniLM-L6-v2,0.7,0
Eutaxia parvifolia,Eutaxia densifolia,0.8843,synonym,sentence-transformers/all-MiniLM-L6-v2,0.7,1
Archidendron poilanei,Ortholobium annamense,0.3578,not synonym,sentence-transformers/all-MiniLM-L6-v2,0.7,1
Genista ramosissima,Genistella polymorpha,0.4364,not synonym,sentence-transformers/all-MiniLM-L6-v2,0.7,1
Genista lydia,Tetragonolobus tauricus,0.1752,not synonym,sentence-transformers/all-MiniLM-L6-v2,0.7,0
Kotschya africana,Smithia ringoetii,0.338,not synonym,sentence-transformers/all-MiniLM-L6-v2,0.7,1
Muraltia macrocarpa,Polygala fishiae,0.3842,not synonym,sentence-transformers/all-MiniLM-L6-v2,0.7,0
Genista micrantha,Polygala amarella,0.2693,not synonym,sentence-transformers/all-MiniLM-L6-v2,0.7,0
Nissolia vincentina,Albizia macrothyrsa,0.2297,not synonym,sentence-transformers/all-MiniLM-L6-v2,0.7,0
Ononis dentata,Ononis dentata,1.0,synonym,sentence-transformers/all-MiniLM-L6-v2,0.7,1
Inga sapindoides,Inga capsellata,0.6191,not synonym,sentence-transformers/all-MiniLM-L6-v2,0.7,1
Genista osmariensis,Macintyria octandra,0.2204,not synonym,sentence-transformers/all-MiniLM-L6-v2,0.7,0
Calliandra staminea,Calliandra cinerea,0.7358,synonym,sentence-transformers/all-MiniLM-L6-v2,0.7,1
Genista albida,Genista juzepczukii,0.548,not synonym,sentence-transformers/all-MiniLM-L6-v2,0.7,1
Coulteria mollis,Peltophorum suringari,0.3632,not synonym,sentence-transformers/all-MiniLM-L6-v2,0.7,1
Hebecarpa caracasana,Polygala tovariensis,0.0619,not synonym,sentence-transformers/all-MiniLM-L6-v2,0.7,1
Hoffmannseggia miranda,Caesalpinia miranda,0.5898,not synonym,sentence-transformers/all-MiniLM-L6-v2,0.7,1
Calliandra hirsuta,Pithecolobium siltepecense,0.1568,not synonym,sentence-transformers/all-MiniLM-L6-v2,0.7,1
Comesperma ericinum,Galedupa frutescens,0.2891,not synonym,sentence-transformers/all-MiniLM-L6-v2,0.7,0
Archidendron cordifolium,Prosopis gillesii,0.2605,not synonym,sentence-transformers/all-MiniLM-L6-v2,0.7,0
Gastrolobium melanocarpum,Oxylobium revolutum,0.3985,not synonym,sentence-transformers/all-MiniLM-L6-v2,0.7,1
Machaerium declinatum,Nissolia declinata,0.4989,not synonym,sentence-transformers/all-MiniLM-L6-v2,0.7,1
Hebecarpa buxifolia,Monopetalanthus microphyllus,0.2797,not synonym,sentence-transformers/all-MiniLM-L6-v2,0.7,0
Polygala sphenoptera,Polygala ellenbeckii,0.6015,not synonym,sentence-transformers/all-MiniLM-L6-v2,0.7,1
Hebecarpa myrtilloides,Caesalpinia repens,0.3572,not synonym,sentence-transformers/all-MiniLM-L6-v2,0.7,0
Ononis minutissima,Machaerium ciliatum,0.258,not synonym,sentence-transformers/all-MiniLM-L6-v2,0.7,0
Salomonia ciliata,Dolichos vestitus,0.258,not synonym,sentence-transformers/all-MiniLM-L6-v2,0.7,0
Eleiotis sororia,Glycine monophylla,0.1586,not synonym,sentence-transformers/all-MiniLM-L6-v2,0.7,1
Lotus tetragonolobus,Ebenus candidus,0.3736,not synonym,sentence-transformers/all-MiniLM-L6-v2,0.7,0
Hippocrepis scorpioides,Hippocrepis rossetii,0.6224,not synonym,sentence-transformers/all-MiniLM-L6-v2,0.7,1
Machaerium brasiliense,Maughania nana,0.3039,not synonym,sentence-transformers/all-MiniLM-L6-v2,0.7,0
Nissolia peruviana,Chaetocalyx platycarpus,0.2668,not synonym,sentence-transformers/all-MiniLM-L6-v2,0.7,1
Polygala trichosperma,Polygala remansoensis,0.6082,not synonym,sentence-transformers/all-MiniLM-L6-v2,0.7,1
Monnina crassifolia,Monnina revoluta,0.6663,not synonym,sentence-transformers/all-MiniLM-L6-v2,0.7,1
Monnina arbuscula,Comesperma isocalyx,0.1373,not synonym,sentence-transformers/all-MiniLM-L6-v2,0.7,0
Archidendron merrillii,Banisteroides griffithii,0.2793,not synonym,sentence-transformers/all-MiniLM-L6-v2,0.7,0
Monnina latifolia,Millettia leucantha,0.4142,not synonym,sentence-transformers/all-MiniLM-L6-v2,0.7,0
Betencourtia crassifolia,Acacia cephalobotrya,0.3339,not synonym,sentence-transformers/all-MiniLM-L6-v2,0.7,0
Acacia oxyclada,Acacia oxyclada,1.0,synonym,sentence-transformers/all-MiniLM-L6-v2,0.7,1
Carmichaelia carmichaeliae,Notospartium carmichaelii,0.6518,not synonym,sentence-transformers/all-MiniLM-L6-v2,0.7,1
Lotus palustris,Lotus lamprocarpus,0.7077,synonym,sentence-transformers/all-MiniLM-L6-v2,0.7,1
Dialium bipindense,Hippocrepis grosii,0.2484,not synonym,sentence-transformers/all-MiniLM-L6-v2,0.7,0
Genista albida,Genistella sagittalis,0.4389,not synonym,sentence-transformers/all-MiniLM-L6-v2,0.7,0
Polygala pellucida,Heterosamara pellucida,0.6416,not synonym,sentence-transformers/all-MiniLM-L6-v2,0.7,1
Millettia piscidia,Phaseolodes piscidia,0.6294,not synonym,sentence-transformers/all-MiniLM-L6-v2,0.7,1
Calliandra tergemina,Bredemeyera volubilis,0.2925,not synonym,sentence-transformers/all-MiniLM-L6-v2,0.7,0
Monrosia pterolopha,Polygala pterolopha,0.7146,synonym,sentence-transformers/all-MiniLM-L6-v2,0.7,1
Chorizema glycinifolium,Dillwynia glycinifolia,0.5308,not synonym,sentence-transformers/all-MiniLM-L6-v2,0.7,1
Archidendron turgidum,Lebeckia cytisoides,0.1835,not synonym,sentence-transformers/all-MiniLM-L6-v2,0.7,0
Comesperma viscidulum,Heisteria filiformis,0.3201,not synonym,sentence-transformers/all-MiniLM-L6-v2,0.7,0
Gastrolobium axillare,Ononis lusitanica,0.2438,not synonym,sentence-transformers/all-MiniLM-L6-v2,0.7,0
Calliandra houstoniana,Mimosa houstoniana,0.6244,not synonym,sentence-transformers/all-MiniLM-L6-v2,0.7,1
Comesperma defoliatum,Bredemeyera defoliata,0.4696,not synonym,sentence-transformers/all-MiniLM-L6-v2,0.7,1
Hoita macrostachya,Hoita rhomboidea,0.6466,not synonym,sentence-transformers/all-MiniLM-L6-v2,0.7,1
Hippocrepis emerus,Aspalathus crassicaulis,0.2877,not synonym,sentence-transformers/all-MiniLM-L6-v2,0.7,0
Archidendron eberhardtii,Ebenus tragacanthoides,0.3951,not synonym,sentence-transformers/all-MiniLM-L6-v2,0.7,0
Acacia empelioclada,Racosperma empeliocladum,0.3032,not synonym,sentence-transformers/all-MiniLM-L6-v2,0.7,1
Genista linifolia,Berlinia gilletii,0.2614,not synonym,sentence-transformers/all-MiniLM-L6-v2,0.7,0
Myroxylon peruiferum,Myrospermum pubescens,0.5056,not synonym,sentence-transformers/all-MiniLM-L6-v2,0.7,1
Caamembeca salicifolia,Polygala dichotoma,0.2367,not synonym,sentence-transformers/all-MiniLM-L6-v2,0.7,1
Machaerium nyctitans,Nissolia nyctitans,0.5686,not synonym,sentence-transformers/all-MiniLM-L6-v2,0.7,1
Millettia macrophylla,Elsota lophosoma,0.2872,not synonym,sentence-transformers/all-MiniLM-L6-v2,0.7,0
Lotus peregrinus,Lotus dioscoridis,0.5835,not synonym,sentence-transformers/all-MiniLM-L6-v2,0.7,1
Brachypterum robustum,Pterocarpus robustus,0.4051,not synonym,sentence-transformers/all-MiniLM-L6-v2,0.7,1
Microcharis annua,Indigofera annua,0.4989,not synonym,sentence-transformers/all-MiniLM-L6-v2,0.7,1
Chesneya ternata,Meliniella micrantha,0.3639,not synonym,sentence-transformers/all-MiniLM-L6-v2,0.7,0
Gastrolobium acutum,Carmichaelia enysii,0.2903,not synonym,sentence-transformers/all-MiniLM-L6-v2,0.7,0
Lupinus luteus,Lupinus niger,0.7526,synonym,sentence-transformers/all-MiniLM-L6-v2,0.7,1
Carmichaelia australis,Spartium sphaerocarpum,0.2008,not synonym,sentence-transformers/all-MiniLM-L6-v2,0.7,0
Lotus weilleri,Pithecellobium megaphyllum,0.2018,not synonym,sentence-transformers/all-MiniLM-L6-v2,0.7,0
Xanthophyllum flavescens,Inga mendoncae,0.0819,not synonym,sentence-transformers/all-MiniLM-L6-v2,0.7,0
Machaerium robiniifolium,Racosperma piligerum,0.1653,not synonym,sentence-transformers/all-MiniLM-L6-v2,0.7,0
Genista sagittalis,Securidaca schlechtendaliana,0.3568,not synonym,sentence-transformers/all-MiniLM-L6-v2,0.7,0
Delonix elata,Caesalpinia elata,0.5334,not synonym,sentence-transformers/all-MiniLM-L6-v2,0.7,1
Polygala trichosperma,Caesalpinia pumila,0.4265,not synonym,sentence-transformers/all-MiniLM-L6-v2,0.7,0
Flemingia grahamiana,Flemingia pycnantha,0.6954,not synonym,sentence-transformers/all-MiniLM-L6-v2,0.7,1
Polygala cneorum,Genista scoparia,0.2534,not synonym,sentence-transformers/all-MiniLM-L6-v2,0.7,0
Badiera penaea,Polygala domingensis,0.2354,not synonym,sentence-transformers/all-MiniLM-L6-v2,0.7,1
Lotus parviflorus,Lotus pilosus,0.7163,synonym,sentence-transformers/all-MiniLM-L6-v2,0.7,1
Inga pilosula,Inga affinis,0.5872,not synonym,sentence-transformers/all-MiniLM-L6-v2,0.7,1
Lotus peregrinus,Lotus oligoceratos,0.704,synonym,sentence-transformers/all-MiniLM-L6-v2,0.7,1
Salomonia cantoniensis,Banisterodes longifolium,0.3673,not synonym,sentence-transformers/all-MiniLM-L6-v2,0.7,0
Muraltia alopecuroides,Oxylobium lineare,0.112,not synonym,sentence-transformers/all-MiniLM-L6-v2,0.7,0
Monnina macrostachya,Calliandra exudans,0.3088,not synonym,sentence-transformers/all-MiniLM-L6-v2,0.7,0
Gilbertiodendron ogoouense,Macrolobium ogoouense,0.614,not synonym,sentence-transformers/all-MiniLM-L6-v2,0.7,1
Inga sapindoides,Lotus villosus,0.2711,not synonym,sentence-transformers/all-MiniLM-L6-v2,0.7,0
Monnina ciliolata,Monnina erioclada,0.6805,not synonym,sentence-transformers/all-MiniLM-L6-v2,0.7,1
Bredemeyera disperma,Heterostemon ellipticus,0.1595,not synonym,sentence-transformers/all-MiniLM-L6-v2,0.7,0
Polygala tamariscea,Polygala scoparia,0.6548,not synonym,sentence-transformers/all-MiniLM-L6-v2,0.7,0
Microcharis wajirensis,Indigofera wajirensis,0.5458,not synonym,sentence-transformers/all-MiniLM-L6-v2,0.7,1
Archidendron glabrum,Cytisus platycarpus,0.2306,not synonym,sentence-transformers/all-MiniLM-L6-v2,0.7,0
Archidendron bigeminum,Abarema bigemina,0.466,not synonym,sentence-transformers/all-MiniLM-L6-v2,0.7,1
Calliandra gardneri,Ononis mauritanica,0.2459,not synonym,sentence-transformers/all-MiniLM-L6-v2,0.7,0
Flemingia praecox,Maughania praecox,0.649,not synonym,sentence-transformers/all-MiniLM-L6-v2,0.7,1
Gilbertiodendron ogowense,Polygala cineraria,0.2426,not synonym,sentence-transformers/all-MiniLM-L6-v2,0.7,0
Millettia comosa,Apios apios,0.164,not synonym,sentence-transformers/all-MiniLM-L6-v2,0.7,0
Gastrolobium ovalifolium,Geissaspis ciliato-denticulata,0.3445,not synonym,sentence-transformers/all-MiniLM-L6-v2,0.7,0
Chesneya cuneata,Calophaca cuneata,0.7393,synonym,sentence-transformers/all-MiniLM-L6-v2,0.7,1
Gastrolobium acutum,Nemcia acuta,0.4211,not synonym,sentence-transformers/all-MiniLM-L6-v2,0.7,1
Dysolobium grande,Dolichos grandis,0.3891,not synonym,sentence-transformers/all-MiniLM-L6-v2,0.7,1
Polygala rosea,Polygala schimperi,0.7649,synonym,sentence-transformers/all-MiniLM-L6-v2,0.7,1
Adenopodia rotundifolia,Mimosa tenuifolia,0.2704,not synonym,sentence-transformers/all-MiniLM-L6-v2,0.7,0
Muraltia squarrosa,Millettia claessensii,0.3812,not synonym,sentence-transformers/all-MiniLM-L6-v2,0.7,0
Hebecarpa velutina,Polygala sancta-luciae,0.3427,not synonym,sentence-transformers/all-MiniLM-L6-v2,0.7,0
Acacia aculeatissima,Pithecellobium borneense,0.2924,not synonym,sentence-transformers/all-MiniLM-L6-v2,0.7,0
Muraltia divaricata,Heisteria obovata,0.4785,not synonym,sentence-transformers/all-MiniLM-L6-v2,0.7,0
Muraltia depressa,Heisteria humilis,0.3522,not synonym,sentence-transformers/all-MiniLM-L6-v2,0.7,1
Bossiaea lenticularis,Bossiaea lenticularis,1.0,synonym,sentence-transformers/all-MiniLM-L6-v2,0.7,1
Acacia adinophylla,Racosperma adinophyllum,0.454,not synonym,sentence-transformers/all-MiniLM-L6-v2,0.7,1
Archidendron brevipes,Archidendron brevipes,1.0,synonym,sentence-transformers/all-MiniLM-L6-v2,0.7,1
Xanthophyllum flavescens,Banisterodes excelsum,0.3549,not synonym,sentence-transformers/all-MiniLM-L6-v2,0.7,1
Xanthophyllum ellipticum,Xanthophyllum ellipticum,1.0,synonym,sentence-transformers/all-MiniLM-L6-v2,0.7,1
Inga hispida,Inga hispida,1.0,synonym,sentence-transformers/all-MiniLM-L6-v2,0.7,1
Kotschya aeschynomenoides,Elsota mollis,0.224,not synonym,sentence-transformers/all-MiniLM-L6-v2,0.7,0
Acacia microbotrya,Polygala balansae,0.4074,not synonym,sentence-transformers/all-MiniLM-L6-v2,0.7,0
Millettia grandis,Phaseolodes grande,0.3565,not synonym,sentence-transformers/all-MiniLM-L6-v2,0.7,1
Guilfoylia monostylis,Polygala sanctae-luciae,0.4072,not synonym,sentence-transformers/all-MiniLM-L6-v2,0.7,0
Lupinus angustifolius,Polygala congestiflora,0.2199,not synonym,sentence-transformers/all-MiniLM-L6-v2,0.7,0
Monnina macrostachya,Monnina lanceolata,0.7061,synonym,sentence-transformers/all-MiniLM-L6-v2,0.7,1
Microcharis kucharii,Indigofera kucharii,0.5908,not synonym,sentence-transformers/all-MiniLM-L6-v2,0.7,1
Ancistrotropis firmula,Vigna firmula,0.5402,not synonym,sentence-transformers/all-MiniLM-L6-v2,0.7,1
Cyclopia maculata,Stiza pungens,0.1491,not synonym,sentence-transformers/all-MiniLM-L6-v2,0.7,0
Carmichaelia juncea,Carmichaelia nigrans,0.7543,synonym,sentence-transformers/all-MiniLM-L6-v2,0.7,1
Machaerium goudotii,Xanthophyllum siamense,0.274,not synonym,sentence-transformers/all-MiniLM-L6-v2,0.7,0
Dolichopsis ligulata,Indigofera brevistaminea,0.3984,not synonym,sentence-transformers/all-MiniLM-L6-v2,0.7,0
Polygala gracilenta,Amphicarpaea heterophylla,0.4729,not synonym,sentence-transformers/all-MiniLM-L6-v2,0.7,0
Archidendron lucyi,Archidendron sogerense,0.6648,not synonym,sentence-transformers/all-MiniLM-L6-v2,0.7,1
Brachypterum cumingii,Polygala lourerii,0.4133,not synonym,sentence-transformers/all-MiniLM-L6-v2,0.7,0
Inga fendleriana,Glycine tomentosa,0.3563,not synonym,sentence-transformers/all-MiniLM-L6-v2,0.7,0
Flemingia sootepensis,Moghania gracilis,0.2857,not synonym,sentence-transformers/all-MiniLM-L6-v2,0.7,0
Genista linifolia,Teline gomerae,0.2175,not synonym,sentence-transformers/all-MiniLM-L6-v2,0.7,1
Lotus maritimus,Tetragonolobus tauricus,0.2534,not synonym,sentence-transformers/all-MiniLM-L6-v2,0.7,1
Bredemeyera lucida,Polygala palmeri,0.3976,not synonym,sentence-transformers/all-MiniLM-L6-v2,0.7,0
Asemeia martiana,Mimosa fastuosa,0.4044,not synonym,sentence-transformers/all-MiniLM-L6-v2,0.7,0
Salomonia cantoniensis,Salomonia trinervata,0.7531,synonym,sentence-transformers/all-MiniLM-L6-v2,0.7,1
Muraltia scoparia,Larrea oxycarpa,0.236,not synonym,sentence-transformers/all-MiniLM-L6-v2,0.7,0
Ebenus cappadocica,Banisteroides macintyrii,0.3622,not synonym,sentence-transformers/all-MiniLM-L6-v2,0.7,0
Brachypterum scandens,Galedupa frutescens,0.1315,not synonym,sentence-transformers/all-MiniLM-L6-v2,0.7,1
Lotus edulis,Mullaghera edulis,0.5309,not synonym,sentence-transformers/all-MiniLM-L6-v2,0.7,1
Adenopodia spicata,Millettia sericea,0.266,not synonym,sentence-transformers/all-MiniLM-L6-v2,0.7,0
Machaerium mutisii,Machaerium mutisii,1.0,synonym,sentence-transformers/all-MiniLM-L6-v2,0.7,1
Glycine clandestina,Polygala liniflora,0.2344,not synonym,sentence-transformers/all-MiniLM-L6-v2,0.7,0
Polygala nemoralis,Cytisanthus sericopetalus,0.4603,not synonym,sentence-transformers/all-MiniLM-L6-v2,0.7,0
Amblygonocarpus andongensis,Tetrapleura obtusangula,0.4408,not synonym,sentence-transformers/all-MiniLM-L6-v2,0.7,1
Xanthophyllum palawanense,Monnina duidae,0.1871,not synonym,sentence-transformers/all-MiniLM-L6-v2,0.7,0
Machaerium hirtum,Berlinia mayombensis,0.2709,not synonym,sentence-transformers/all-MiniLM-L6-v2,0.7,0
Ononis cheiranthoides,Eleiotis monophylla,0.359,not synonym,sentence-transformers/all-MiniLM-L6-v2,0.7,0
Limadendron hostmannii,Mundtia glauca,0.2295,not synonym,sentence-transformers/all-MiniLM-L6-v2,0.7,0
Julbernardia globiflora,Apaloxylon tuberosum,0.3106,not synonym,sentence-transformers/all-MiniLM-L6-v2,0.7,0
Gilbertiodendron grandistipulatum,Acacia sinuata,0.3773,not synonym,sentence-transformers/all-MiniLM-L6-v2,0.7,0
Ononis fruticosa,Ononis rigida,0.6491,not synonym,sentence-transformers/all-MiniLM-L6-v2,0.7,1
Lotus aegaeus,Dorycnium latifolium,0.3036,not synonym,sentence-transformers/all-MiniLM-L6-v2,0.7,0
Angylocalyx pynaertii,Elsota pubescens,0.3081,not synonym,sentence-transformers/all-MiniLM-L6-v2,0.7,0
Bredemeyera lucida,Catocoma lucida,0.5787,not synonym,sentence-transformers/all-MiniLM-L6-v2,0.7,1
Polygala serpentaria,Polygala laevigata,0.7507,synonym,sentence-transformers/all-MiniLM-L6-v2,0.7,1
Comesperma integerrimum,Mucuna ckienkweiensis,0.0927,not synonym,sentence-transformers/all-MiniLM-L6-v2,0.7,0
Collaea speciosa,Lotus coccineus,0.3513,not synonym,sentence-transformers/all-MiniLM-L6-v2,0.7,1
Caamembeca oxyphylla,Polygala oxyphylla,0.6843,not synonym,sentence-transformers/all-MiniLM-L6-v2,0.7,1
Inga insignis,Feuilleea insignis,0.5308,not synonym,sentence-transformers/all-MiniLM-L6-v2,0.7,1
Polygaloides balansae,Polygala balansae,0.8915,synonym,sentence-transformers/all-MiniLM-L6-v2,0.7,1
Securidaca longepedunculata,Securidaca angustifolia,0.5636,not synonym,sentence-transformers/all-MiniLM-L6-v2,0.7,1
Lupinus angustifolius,Lupinus philistaeus,0.8221,synonym,sentence-transformers/all-MiniLM-L6-v2,0.7,1
Ononis ramosissima,Ononis microphylla,0.6157,not synonym,sentence-transformers/all-MiniLM-L6-v2,0.7,1
Lupinus covillei,Heistera dregei,0.3438,not synonym,sentence-transformers/all-MiniLM-L6-v2,0.7,0
Machaerium eriocarpum,Machaerium martii,0.6598,not synonym,sentence-transformers/all-MiniLM-L6-v2,0.7,1
Gastrolobium capitatum,Oxylobium capitatum,0.6143,not synonym,sentence-transformers/all-MiniLM-L6-v2,0.7,1
Cyclopia subternata,Cyclopia vogelii,0.749,synonym,sentence-transformers/all-MiniLM-L6-v2,0.7,1
Gastrolobium dilatatum,Glycine sericea,0.2584,not synonym,sentence-transformers/all-MiniLM-L6-v2,0.7,0
Lotus pedunculatus,Lotus granadensis,0.7163,synonym,sentence-transformers/all-MiniLM-L6-v2,0.7,1
Gastrolobium luteifolium,Nemcia luteifolia,0.4113,not synonym,sentence-transformers/all-MiniLM-L6-v2,0.7,1
Monnina conferta,Hebeandra myrtilloides,0.2568,not synonym,sentence-transformers/all-MiniLM-L6-v2,0.7,1
Gastrolobium tricuspidatum,Glycine cylindriflora,0.3372,not synonym,sentence-transformers/all-MiniLM-L6-v2,0.7,0
Calliandra selloi,Securidaca ecristata,0.3065,not synonym,sentence-transformers/all-MiniLM-L6-v2,0.7,0
Monnina meridensis,Monnina meridensis,1.0,synonym,sentence-transformers/all-MiniLM-L6-v2,0.7,1
Brachypterum philippinense,Cytisanthus horridus,0.369,not synonym,sentence-transformers/all-MiniLM-L6-v2,0.7,0
Kotschya prittwitzii,Calliandra peckoltii,0.2788,not synonym,sentence-transformers/all-MiniLM-L6-v2,0.7,0
Muraltia heisteria,Myroxylon pedicellatum,0.271,not synonym,sentence-transformers/all-MiniLM-L6-v2,0.7,0
Lotus graecus,Dorycnium graecum,0.5106,not synonym,sentence-transformers/all-MiniLM-L6-v2,0.7,1
Millettia sericea,Millettia obtusa,0.768,synonym,sentence-transformers/all-MiniLM-L6-v2,0.7,1
Archidendron ramiflorum,Berlinia auriculata,0.269,not synonym,sentence-transformers/all-MiniLM-L6-v2,0.7,0
Brachypterum robustum,Feuilleea sessilis,0.1298,not synonym,sentence-transformers/all-MiniLM-L6-v2,0.7,0
Daniellia pynaertii,Daniellia ealaensis,0.7076,synonym,sentence-transformers/all-MiniLM-L6-v2,0.7,1
Genista tridentata,Derris araripensis,0.4098,not synonym,sentence-transformers/all-MiniLM-L6-v2,0.7,0
Nissolia vincentina,Falya leandriana,0.339,not synonym,sentence-transformers/all-MiniLM-L6-v2,0.7,0
Lotus jolyi,Inga microdonta,0.2955,not synonym,sentence-transformers/all-MiniLM-L6-v2,0.7,0
Epirixanthes elongata,Racosperma conjunctifolium,0.0634,not synonym,sentence-transformers/all-MiniLM-L6-v2,0.7,0
Hesperolaburnum platycarpum,Dolichos sofa,0.2217,not synonym,sentence-transformers/all-MiniLM-L6-v2,0.7,0
Xanthophyllum vitellinum,Eutaxia obovata,0.1746,not synonym,sentence-transformers/all-MiniLM-L6-v2,0.7,0
Archidendron robinsonii,Pithecellobium corymbosum,0.2623,not synonym,sentence-transformers/all-MiniLM-L6-v2,0.7,1
Muraltia stipulacea,Machaerium vestitum,0.157,not synonym,sentence-transformers/all-MiniLM-L6-v2,0.7,0
Acacia genistifolia,Phyllodoce genistifolia,0.5244,not synonym,sentence-transformers/all-MiniLM-L6-v2,0.7,1
Archidendron bauchei,Corniola dracunculoides,0.0619,not synonym,sentence-transformers/all-MiniLM-L6-v2,0.7,0
Machaerium uncinatum,Moghania philippinensis,0.2768,not synonym,sentence-transformers/all-MiniLM-L6-v2,0.7,0
Genista monspessulana,Mimosa armata,0.3989,not synonym,sentence-transformers/all-MiniLM-L6-v2,0.7,0
Rhinotropis madrensis,Polygala madrensis,0.5762,not synonym,sentence-transformers/all-MiniLM-L6-v2,0.7,1
Xanthophyllum sylvestre,Cynometra glabra,0.3663,not synonym,sentence-transformers/all-MiniLM-L6-v2,0.7,0
Genista patens,Cytisus heterochrous,0.1556,not synonym,sentence-transformers/all-MiniLM-L6-v2,0.7,1
Inga maynensis,Isoberlinia magnistipulata,0.201,not synonym,sentence-transformers/all-MiniLM-L6-v2,0.7,0
Millettia ebenifera,Fornasinia ebenifera,0.6575,not synonym,sentence-transformers/all-MiniLM-L6-v2,0.7,1
Inga sessilis,Genista scariosa,0.3309,not synonym,sentence-transformers/all-MiniLM-L6-v2,0.7,0
Hippocrepis emerus,Genista triquetra,0.1354,not synonym,sentence-transformers/all-MiniLM-L6-v2,0.7,0
Archidendron kunstleri,Pithecellobium kunstleri,0.7458,synonym,sentence-transformers/all-MiniLM-L6-v2,0.7,1
Delonix elata,Poinciana elata,0.4519,not synonym,sentence-transformers/all-MiniLM-L6-v2,0.7,1
Lotus garcinii,Acacia oxyclada,0.2943,not synonym,sentence-transformers/all-MiniLM-L6-v2,0.7,0
Muraltia dumosa,Pithecellobium molle,0.3593,not synonym,sentence-transformers/all-MiniLM-L6-v2,0.7,0
Microcharis longicalyx,Phaseolodes splendens,0.2372,not synonym,sentence-transformers/all-MiniLM-L6-v2,0.7,0
Genista tenera,Dalbergia angustifolia,0.1896,not synonym,sentence-transformers/all-MiniLM-L6-v2,0.7,0
Flemingia rollae,Moghania rollae,0.6936,not synonym,sentence-transformers/all-MiniLM-L6-v2,0.7,1
Muraltia angulosa,Muraltia striata,0.7769,synonym,sentence-transformers/all-MiniLM-L6-v2,0.7,1
Humularia drepanocephala,Otosema caudata,0.3833,not synonym,sentence-transformers/all-MiniLM-L6-v2,0.7,0
Lupinus andersonii,Heistera phylicodes,0.2972,not synonym,sentence-transformers/all-MiniLM-L6-v2,0.7,0
Lotus conimbricensis,Lotus glaberrimus,0.571,not synonym,sentence-transformers/all-MiniLM-L6-v2,0.7,1
Polygala abreui,Senega abreui,0.4499,not synonym,sentence-transformers/all-MiniLM-L6-v2,0.7,1
Calliandra humilis,Caiandra humilis,0.6905,not synonym,sentence-transformers/all-MiniLM-L6-v2,0.7,1
Genista albida,Genista pilosa,0.7257,synonym,sentence-transformers/all-MiniLM-L6-v2,0.7,1
Genista sibirica,Genista sibirica,1.0,synonym,sentence-transformers/all-MiniLM-L6-v2,0.7,1
Hanslia ormocarpoides,Elsota bialata,0.2771,not synonym,sentence-transformers/all-MiniLM-L6-v2,0.7,0
Muraltia spinosa,Mundtia montana,0.3337,not synonym,sentence-transformers/all-MiniLM-L6-v2,0.7,1
Muraltia stipulacea,Tetragonolobus conjugatus,0.2829,not synonym,sentence-transformers/all-MiniLM-L6-v2,0.7,0
Delonix boiviniana,Poinciana lutea,0.385,not synonym,sentence-transformers/all-MiniLM-L6-v2,0.7,1
Archidendron lucyi,Polygala nitens,0.1824,not synonym,sentence-transformers/all-MiniLM-L6-v2,0.7,0
Archidendron tenuiracemosum,Pithecellobium tenuiracemosum,0.5308,not synonym,sentence-transformers/all-MiniLM-L6-v2,0.7,1
Genista radiata,Cytisanthus radiatus,0.2641,not synonym,sentence-transformers/all-MiniLM-L6-v2,0.7,1
Archidendron clypearia,Polygala riukiuensis,0.2362,not synonym,sentence-transformers/all-MiniLM-L6-v2,0.7,0
Millettia kennedyi,Millettia mavangensis,0.6431,not synonym,sentence-transformers/all-MiniLM-L6-v2,0.7,1
Calliandra squarrosa,Inga pitteri,0.315,not synonym,sentence-transformers/all-MiniLM-L6-v2,0.7,0
Muraltia satureioides,Heisteria conferta,0.3451,not synonym,sentence-transformers/all-MiniLM-L6-v2,0.7,1
Polygala sphenoptera,Polygala stuhlmannii,0.612,not synonym,sentence-transformers/all-MiniLM-L6-v2,0.7,1
Lotus ornithopodioides,Bossiaea ovalifolia,0.3407,not synonym,sentence-transformers/all-MiniLM-L6-v2,0.7,0
Chesneya nubigena,Feuilleea multicaulis,0.4594,not synonym,sentence-transformers/all-MiniLM-L6-v2,0.7,0
Archidendron alatum,Racosperma obtusifolium,0.1739,not synonym,sentence-transformers/all-MiniLM-L6-v2,0.7,0
Lotus palustris,Lotus clausonis,0.7521,synonym,sentence-transformers/all-MiniLM-L6-v2,0.7,1
Millettia vankerckhovenii,Inga caracasana,0.2761,not synonym,sentence-transformers/all-MiniLM-L6-v2,0.7,0
Bredemeyera lucida,Comesperma lucidum,0.3991,not synonym,sentence-transformers/all-MiniLM-L6-v2,0.7,1
Caamembeca spectabilis,Chesneya dzhungarica,0.3665,not synonym,sentence-transformers/all-MiniLM-L6-v2,0.7,0
Muraltia macroceras,Heistera laricifolia,0.3647,not synonym,sentence-transformers/all-MiniLM-L6-v2,0.7,1
Micklethwaitia carvalhoi,Brenaniodendron carvalhoi,0.4242,not synonym,sentence-transformers/all-MiniLM-L6-v2,0.7,1
Kotschya aeschynomenoides,Smithia sphaerocephala,0.2281,not synonym,sentence-transformers/all-MiniLM-L6-v2,0.7,1
Bossiaea prostrata,Bossiaea linnaeoides,0.733,synonym,sentence-transformers/all-MiniLM-L6-v2,0.7,1
Genista albida,Telinaria albida,0.4953,not synonym,sentence-transformers/all-MiniLM-L6-v2,0.7,1
Calliandra tergemina,Lebeckia angustifolia,0.2235,not synonym,sentence-transformers/all-MiniLM-L6-v2,0.7,0
Lotus angustissimus,Lotus ciliatus,0.6719,not synonym,sentence-transformers/all-MiniLM-L6-v2,0.7,1
Campsiandra angustifolia,Campsiandra angustifolia,1.0,synonym,sentence-transformers/all-MiniLM-L6-v2,0.7,1
Genista michelii,Telinaria albida,0.2681,not synonym,sentence-transformers/all-MiniLM-L6-v2,0.7,0
Bredemeyera floribunda,Bredemeyera lhotzkyana,0.5751,not synonym,sentence-transformers/all-MiniLM-L6-v2,0.7,1
Archidendron palauense,Pithecellobium palauense,0.3134,not synonym,sentence-transformers/all-MiniLM-L6-v2,0.7,1
Genista triquetra,Genista triquetra,1.0,synonym,sentence-transformers/all-MiniLM-L6-v2,0.7,1
Archidendron brevipes,Hansemannia brevipes,0.3093,not synonym,sentence-transformers/all-MiniLM-L6-v2,0.7,1
Machaerium aristulatum,Drepanocarpus aristulatus,0.2594,not synonym,sentence-transformers/all-MiniLM-L6-v2,0.7,1
Bossiaea ornata,Chordospartium muritai,0.24,not synonym,sentence-transformers/all-MiniLM-L6-v2,0.7,0
Polygala crucianelloides,Polygala asperuloides,0.7029,synonym,sentence-transformers/all-MiniLM-L6-v2,0.7,1
Salomonia ciliata,Salomonia stricta,0.7582,synonym,sentence-transformers/all-MiniLM-L6-v2,0.7,1
Polygala pseudocoelosioides,Polygala mosquitiensis,0.5538,not synonym,sentence-transformers/all-MiniLM-L6-v2,0.7,1
Lotus angustissimus,Albizia elliptica,0.3521,not synonym,sentence-transformers/all-MiniLM-L6-v2,0.7,0
Calliandra parvifolia,Racosperma ampliatum,0.1444,not synonym,sentence-transformers/all-MiniLM-L6-v2,0.7,0
Gilbertiodendron splendidum,Lotus arabicus,0.3313,not synonym,sentence-transformers/all-MiniLM-L6-v2,0.7,0
Cyclopia subternata,Machaerium minutiflorum,0.2579,not synonym,sentence-transformers/all-MiniLM-L6-v2,0.7,0
Gastrolobium celsianum,Polygala guerkei,0.278,not synonym,sentence-transformers/all-MiniLM-L6-v2,0.7,0
Genista canariensis,Monnina bangii,0.2522,not synonym,sentence-transformers/all-MiniLM-L6-v2,0.7,0
Gastrolobium ilicifolium,Gastrolobium verticillatum,0.6588,not synonym,sentence-transformers/all-MiniLM-L6-v2,0.7,1
Julbernardia magnistipulata,Isoberlinia magnistipulata,0.6321,not synonym,sentence-transformers/all-MiniLM-L6-v2,0.7,1
Nissolia vincentina,Amerimnon ebenus,0.3537,not synonym,sentence-transformers/all-MiniLM-L6-v2,0.7,0
Inga edwallii,Heistera ononidifolia,0.3222,not synonym,sentence-transformers/all-MiniLM-L6-v2,0.7,0
Calliandra hymenaeoides,Zygia cordifolia,0.3651,not synonym,sentence-transformers/all-MiniLM-L6-v2,0.7,0
Muraltia trinervia,Heisteria trinervia,0.4564,not synonym,sentence-transformers/all-MiniLM-L6-v2,0.7,1
Archidendron clypearia,Pithecellobium clypearia,0.4229,not synonym,sentence-transformers/all-MiniLM-L6-v2,0.7,1
Inga mendoncaei,Inga organensis,0.4645,not synonym,sentence-transformers/all-MiniLM-L6-v2,0.7,1
Acacia hubbardiana,Acacia plagiophylla,0.6622,not synonym,sentence-transformers/all-MiniLM-L6-v2,0.7,1
Xanthophyllum ellipticum,Amphicarpaea monoica,0.325,not synonym,sentence-transformers/all-MiniLM-L6-v2,0.7,0
Machaerium milleflorum,Vigna dolichoides,0.2439,not synonym,sentence-transformers/all-MiniLM-L6-v2,0.7,0
Genista monspessulana,Avornela candicans,0.4593,not synonym,sentence-transformers/all-MiniLM-L6-v2,0.7,1
Polygala stephaniana,Polygala weddelliana,0.8388,synonym,sentence-transformers/all-MiniLM-L6-v2,0.7,1
Muraltia spinosa,Mundia albiflora,0.3692,not synonym,sentence-transformers/all-MiniLM-L6-v2,0.7,1
Archidendron bigeminum,Albizia bigemina,0.4051,not synonym,sentence-transformers/all-MiniLM-L6-v2,0.7,1
Muraltia tenuifolia,Polygala tenuifolia,0.719,synonym,sentence-transformers/all-MiniLM-L6-v2,0.7,1
Inga heterophylla,Inga protracta,0.553,not synonym,sentence-transformers/all-MiniLM-L6-v2,0.7,1
Hanslia ormocarpoides,Chesneya gaubaeana,0.1978,not synonym,sentence-transformers/all-MiniLM-L6-v2,0.7,0
Ononis striata,Falcata pitcheri,0.4203,not synonym,sentence-transformers/all-MiniLM-L6-v2,0.7,0
Dahlstedtia muehlbergiana,Lonchocarpus muehlbergianus,0.5588,not synonym,sentence-transformers/all-MiniLM-L6-v2,0.7,1
Brachypterum scandens,Machaerium fruticosum,0.2437,not synonym,sentence-transformers/all-MiniLM-L6-v2,0.7,0
Nissolia vincentina,Comesperma megapteryga,0.2288,not synonym,sentence-transformers/all-MiniLM-L6-v2,0.7,0
Genista brutia,Genista brutia,1.0,synonym,sentence-transformers/all-MiniLM-L6-v2,0.7,1
Millettia aboensis,Phaseoloides aboense,0.2407,not synonym,sentence-transformers/all-MiniLM-L6-v2,0.7,1
Inga densiflora,Racosperma grandifolium,0.0963,not synonym,sentence-transformers/all-MiniLM-L6-v2,0.7,0
Brachypterum microphyllum,Chorizema superbum,0.2664,not synonym,sentence-transformers/all-MiniLM-L6-v2,0.7,0
Polygala baumii,Polygala congestiflora,0.7175,synonym,sentence-transformers/all-MiniLM-L6-v2,0.7,1
Polygala franchetii,Lotodes acaule,0.1216,not synonym,sentence-transformers/all-MiniLM-L6-v2,0.7,0
Asemeia mollis,Polygala angustifolia,0.3188,not synonym,sentence-transformers/all-MiniLM-L6-v2,0.7,1
Humularia meyeri-johannis,Geissaspis meyeri-johannis,0.76,synonym,sentence-transformers/all-MiniLM-L6-v2,0.7,1
Hoffmannseggia watsonii,Polygala madrensis,0.2885,not synonym,sentence-transformers/all-MiniLM-L6-v2,0.7,0
Muraltia divaricata,Muraltia laxa,0.7731,synonym,sentence-transformers/all-MiniLM-L6-v2,0.7,1
Microcharis stipulosa,Indigofera stipulosa,0.545,not synonym,sentence-transformers/all-MiniLM-L6-v2,0.7,1
Hoffmannseggia prostrata,Hoffmannseggia pilosa,0.8111,synonym,sentence-transformers/all-MiniLM-L6-v2,0.7,1
Polygala karensium,Dolichos schlechteri,0.3116,not synonym,sentence-transformers/all-MiniLM-L6-v2,0.7,0
Lotus maritimus,Tetragonolobus scandalida,0.222,not synonym,sentence-transformers/all-MiniLM-L6-v2,0.7,1
Erythrostemon mexicanus,Lotus diffusus,0.3869,not synonym,sentence-transformers/all-MiniLM-L6-v2,0.7,0
Humularia bequaertii,Geissaspis bequaertii,0.6352,not synonym,sentence-transformers/all-MiniLM-L6-v2,0.7,1
Bouffordia dichotoma,Meibomia sennaarensis,0.2547,not synonym,sentence-transformers/all-MiniLM-L6-v2,0.7,1
Dialium dinklagei,Dialium klainei,0.7379,synonym,sentence-transformers/all-MiniLM-L6-v2,0.7,1
Inga vulpina,Calliandra obesifolia,0.1822,not synonym,sentence-transformers/all-MiniLM-L6-v2,0.7,0
Genista pulchella,Cytisus pulchellus,0.4845,not synonym,sentence-transformers/all-MiniLM-L6-v2,0.7,1
Comesperma ericinum,Mimosa yaguaronensis,0.0538,not synonym,sentence-transformers/all-MiniLM-L6-v2,0.7,0
Polygala longifolia,Polygala pyramidalis,0.6359,not synonym,sentence-transformers/all-MiniLM-L6-v2,0.7,1
Errazurizia multifoliolata,Parosela multifoliolata,0.6398,not synonym,sentence-transformers/all-MiniLM-L6-v2,0.7,1
Lupinus angustifolius,Lupinus reticularis,0.6971,not synonym,sentence-transformers/all-MiniLM-L6-v2,0.7,1
Hebecarpa barbeyana,Macrolobium straussianum,0.1752,not synonym,sentence-transformers/all-MiniLM-L6-v2,0.7,0
Genista aristata,Genista hispanica,0.7422,synonym,sentence-transformers/all-MiniLM-L6-v2,0.7,1
Calliandra purpurea,Calliandra obtusifolia,0.6956,not synonym,sentence-transformers/all-MiniLM-L6-v2,0.7,1
Asemeia acuminata,Polygala acuminata,0.7055,synonym,sentence-transformers/all-MiniLM-L6-v2,0.7,1
Securidaca inappendiculata,Asemeia ieoides,0.2184,not synonym,sentence-transformers/all-MiniLM-L6-v2,0.7,0
Polygala ludwigiana,Corallospartium crassicaule,0.3701,not synonym,sentence-transformers/all-MiniLM-L6-v2,0.7,0
Muraltia alopecuroides,Bionia coriacea,0.2715,not synonym,sentence-transformers/all-MiniLM-L6-v2,0.7,0
Archidendron lucidum,Polygala tehuacana,0.1823,not synonym,sentence-transformers/all-MiniLM-L6-v2,0.7,0
Acacia concurrens,Catocoma lucida,0.2004,not synonym,sentence-transformers/all-MiniLM-L6-v2,0.7,0
Lotus angustissimus,Lotus levieri,0.6523,not synonym,sentence-transformers/all-MiniLM-L6-v2,0.7,1
Bossiaea bossiaeoides,Acacia bossiaeoides,0.6623,not synonym,sentence-transformers/all-MiniLM-L6-v2,0.7,1
Genista linifolia,Cytisus linifolius,0.3494,not synonym,sentence-transformers/all-MiniLM-L6-v2,0.7,1
Genista canariensis,Feuilleea glomerulata,0.3217,not synonym,sentence-transformers/all-MiniLM-L6-v2,0.7,0
Dalhousiea bracteata,Podalyria bracteata,0.5159,not synonym,sentence-transformers/all-MiniLM-L6-v2,0.7,1
Genista humifusa,Telinaria humifusa,0.5351,not synonym,sentence-transformers/all-MiniLM-L6-v2,0.7,1
Millettia sericea,Entadopsis scelerata,0.3737,not synonym,sentence-transformers/all-MiniLM-L6-v2,0.7,0
Ononis intermedia,Genista racemosa,0.1985,not synonym,sentence-transformers/all-MiniLM-L6-v2,0.7,0
Archidendron arborescens,Feuilleea cearana,0.1396,not synonym,sentence-transformers/all-MiniLM-L6-v2,0.7,0
Hippocrepis unisiliquosa,Ferrum-equinum unisiliquosum,0.4381,not synonym,sentence-transformers/all-MiniLM-L6-v2,0.7,1
Delonix floribunda,Poinciana adansonioides,0.3565,not synonym,sentence-transformers/all-MiniLM-L6-v2,0.7,1
Calliandra parvifolia,Feuillea peckoltii,0.2912,not synonym,sentence-transformers/all-MiniLM-L6-v2,0.7,1
Gastrolobium reticulatum,Abarema grandiflora,0.1187,not synonym,sentence-transformers/all-MiniLM-L6-v2,0.7,0
Muraltia ericifolia,Muraltia striata,0.6625,not synonym,sentence-transformers/all-MiniLM-L6-v2,0.7,0
Gilbertiodendron grandiflorum,Macrolobium straussianum,0.4424,not synonym,sentence-transformers/all-MiniLM-L6-v2,0.7,1
Coulteria platyloba,Caesalpinia platyloba,0.6043,not synonym,sentence-transformers/all-MiniLM-L6-v2,0.7,1
Archidendron lucyi,Acacia bartleana,0.2088,not synonym,sentence-transformers/all-MiniLM-L6-v2,0.7,0
Flemingia trifoliata,Flemingia macrophylla,0.6964,not synonym,sentence-transformers/all-MiniLM-L6-v2,0.7,0
Chorizema huegellii,Bredemeyera altissima,0.3613,not synonym,sentence-transformers/all-MiniLM-L6-v2,0.7,0
Daniellia thurifera,Daniellia caillei,0.645,not synonym,sentence-transformers/all-MiniLM-L6-v2,0.7,1
Gymnospora violoides,Polygala pedicellaris,0.327,not synonym,sentence-transformers/all-MiniLM-L6-v2,0.7,1
Amburana cearensis,Feuilleea vestita,0.3867,not synonym,sentence-transformers/all-MiniLM-L6-v2,0.7,0
Hebecarpa americana,Asemeia rosea,0.4058,not synonym,sentence-transformers/all-MiniLM-L6-v2,0.7,0
Polygaloides paucifolia,Dialium aubrevillei,0.2237,not synonym,sentence-transformers/all-MiniLM-L6-v2,0.7,0
Millettia dubia,Millettia solheidii,0.6669,not synonym,sentence-transformers/all-MiniLM-L6-v2,0.7,1
Hippocrepis scabra,Hippocrepis commutata,0.7269,synonym,sentence-transformers/all-MiniLM-L6-v2,0.7,1
Campsiandra laurifolia,Carpolobia delvauxii,0.3237,not synonym,sentence-transformers/all-MiniLM-L6-v2,0.7,0
Aphanocalyx jenseniae,Bonaga minutissima,0.101,not synonym,sentence-transformers/all-MiniLM-L6-v2,0.7,0
Chorizema cordatum,Lebeckia candicans,0.2288,not synonym,sentence-transformers/all-MiniLM-L6-v2,0.7,0
Eutaxia microphylla,Sclerothamnus microphyllus,0.5137,not synonym,sentence-transformers/all-MiniLM-L6-v2,0.7,1
Candolleodendron brachystachyum,Polygala smithii,0.2591,not synonym,sentence-transformers/all-MiniLM-L6-v2,0.7,0
Millettia barteri,Lonchocarpus barteri,0.5929,not synonym,sentence-transformers/all-MiniLM-L6-v2,0.7,1
Lotus biflorus,Lotus conjugatus,0.7012,synonym,sentence-transformers/all-MiniLM-L6-v2,0.7,1
Calliandra crassipes,Feuilleea crassipes,0.5092,not synonym,sentence-transformers/all-MiniLM-L6-v2,0.7,1
Asemeia grandiflora,Feuilleea laurina,0.3926,not synonym,sentence-transformers/all-MiniLM-L6-v2,0.7,0
Muraltia lancifolia,Heistera lancifolia,0.6504,not synonym,sentence-transformers/all-MiniLM-L6-v2,0.7,1
Securidaca longepedunculata,Lophostylis pallida,0.2462,not synonym,sentence-transformers/all-MiniLM-L6-v2,0.7,1
Hoffmannseggia drummondii,Caesalpinia drummondii,0.6627,not synonym,sentence-transformers/all-MiniLM-L6-v2,0.7,1
Salomonia ciliata,Salomonia setosociliata,0.7842,synonym,sentence-transformers/all-MiniLM-L6-v2,0.7,1
Monnina macrostachya,Oxylobium ovalifolium,0.3076,not synonym,sentence-transformers/all-MiniLM-L6-v2,0.7,0
Genista lydia,Genista transsilvanica,0.6246,not synonym,sentence-transformers/all-MiniLM-L6-v2,0.7,1
Lotus maritimus,Lotus pratensis,0.6829,not synonym,sentence-transformers/all-MiniLM-L6-v2,0.7,1
Heterostemon ellipticus,Heterostemon simplicifolius,0.6892,not synonym,sentence-transformers/all-MiniLM-L6-v2,0.7,1
Acacia paradoxa,Racosperma undulata,0.1475,not synonym,sentence-transformers/all-MiniLM-L6-v2,0.7,1
Flemingia prostrata,Chaetocalyx latisiliqua,0.3452,not synonym,sentence-transformers/all-MiniLM-L6-v2,0.7,0
Hippocrepis comosa,Hoffmannseggia caudata,0.3922,not synonym,sentence-transformers/all-MiniLM-L6-v2,0.7,0
Calliandra gardneri,Feuilleea gardneri,0.6757,not synonym,sentence-transformers/all-MiniLM-L6-v2,0.7,1
Millettia sericea,Dalbergia angustifolia,0.4314,not synonym,sentence-transformers/all-MiniLM-L6-v2,0.7,1
Hoffmannseggia glauca,Hoffmannseggia chinensis,0.5933,not synonym,sentence-transformers/all-MiniLM-L6-v2,0.7,1
Machaerium arboreum,Pithecellobium comosum,0.1892,not synonym,sentence-transformers/all-MiniLM-L6-v2,0.7,0
Carmichaelia australis,Albizia ramiflora,0.4069,not synonym,sentence-transformers/all-MiniLM-L6-v2,0.7,0
Ononis deutata,Ononis deutata,1.0,synonym,sentence-transformers/all-MiniLM-L6-v2,0.7,1
Muraltia mixta,Spongiocarpella yunnanensis,0.2026,not synonym,sentence-transformers/all-MiniLM-L6-v2,0.7,0
Ebenus pinnata,Muraltia mitior,0.3397,not synonym,sentence-transformers/all-MiniLM-L6-v2,0.7,0
Polygala gracilenta,Inga setigera,0.4021,not synonym,sentence-transformers/all-MiniLM-L6-v2,0.7,0
Monnina richardiana,Inga jiringa,0.4037,not synonym,sentence-transformers/all-MiniLM-L6-v2,0.7,0
Archidendron robinsonii,Delonix adansonioides,0.369,not synonym,sentence-transformers/all-MiniLM-L6-v2,0.7,0
Archidendron kuenstleri,Genista cytisoides,0.2,not synonym,sentence-transformers/all-MiniLM-L6-v2,0.7,0
Genista sagittalis,Psoralea fruticosa,0.2991,not synonym,sentence-transformers/all-MiniLM-L6-v2,0.7,0
Gonocytisus angulatus,Scottia trapeziformis,0.2712,not synonym,sentence-transformers/all-MiniLM-L6-v2,0.7,0
Comesperma volubile,Securidaca virgata,0.2425,not synonym,sentence-transformers/all-MiniLM-L6-v2,0.7,0
Polygala smallii,Abarema laxiflora,0.358,not synonym,sentence-transformers/all-MiniLM-L6-v2,0.7,0
Genista micrantha,Corniola tenella,0.2717,not synonym,sentence-transformers/all-MiniLM-L6-v2,0.7,1
Dicraeopetalum mahafaliense,Dicraeopetalum mahafaliensis,0.9227,synonym,sentence-transformers/all-MiniLM-L6-v2,0.7,1
Gastrolobium dilatatum,Lupinus cruckshanksii,0.2933,not synonym,sentence-transformers/all-MiniLM-L6-v2,0.7,0
Muraltia heisteria,Muraltia abietina,0.6874,not synonym,sentence-transformers/all-MiniLM-L6-v2,0.7,1
Asemeia grandiflora,Polygala cumulicola,0.4212,not synonym,sentence-transformers/all-MiniLM-L6-v2,0.7,1
Acacia jamesiana,Racosperma jamesianum,0.3636,not synonym,sentence-transformers/all-MiniLM-L6-v2,0.7,1
Machaerium lanceolatum,Polygala grandiflora,0.2646,not synonym,sentence-transformers/all-MiniLM-L6-v2,0.7,0
Amphicarpaea bracteata,Cryptolobus americanus,0.1585,not synonym,sentence-transformers/all-MiniLM-L6-v2,0.7,1
Erinacea anthyllis,Erinacea pungens,0.6752,not synonym,sentence-transformers/all-MiniLM-L6-v2,0.7,1
Microcharis ammophila,Indigofera ammophila,0.5423,not synonym,sentence-transformers/all-MiniLM-L6-v2,0.7,1
Carmichaelia arborea,Lotus arboreus,0.4656,not synonym,sentence-transformers/all-MiniLM-L6-v2,0.7,1
Lotus requienii,Lotus requienii,1.0,synonym,sentence-transformers/all-MiniLM-L6-v2,0.7,1
Polygala timoutoides,Senega timoutoides,0.6441,not synonym,sentence-transformers/all-MiniLM-L6-v2,0.7,1
Inga inicuil,Feuilleea jinicuil,0.504,not synonym,sentence-transformers/all-MiniLM-L6-v2,0.7,1
Daniellia ogea,Daniellia fosterae,0.756,synonym,sentence-transformers/all-MiniLM-L6-v2,0.7,1
Muraltia longicuspis,Chaetocalyx chacoensis,0.3395,not synonym,sentence-transformers/all-MiniLM-L6-v2,0.7,0
Flemingia tiliacea,Centrolobium orenocense,0.3456,not synonym,sentence-transformers/all-MiniLM-L6-v2,0.7,0
Delonix edule,Lemuropisum edula,0.3028,not synonym,sentence-transformers/all-MiniLM-L6-v2,0.7,1
Inga cordistipula,Feuilleea plana,0.4251,not synonym,sentence-transformers/all-MiniLM-L6-v2,0.7,1
Calliandra foliolosa,Calliandra sancti-pauli,0.5904,not synonym,sentence-transformers/all-MiniLM-L6-v2,0.7,1
Comesperma calymega,Chesneya kopetdagensis,0.3489,not synonym,sentence-transformers/all-MiniLM-L6-v2,0.7,0
Genista pilosa,Genistoides tuberculata,0.2211,not synonym,sentence-transformers/all-MiniLM-L6-v2,0.7,1
Lupinus pubescens,Calliandra microcalyx,0.226,not synonym,sentence-transformers/all-MiniLM-L6-v2,0.7,0
Erythrostemon gilliesii,Prosopis gillesii,0.2806,not synonym,sentence-transformers/all-MiniLM-L6-v2,0.7,1
Asemeia grandiflora,Polygala paludosa,0.4413,not synonym,sentence-transformers/all-MiniLM-L6-v2,0.7,0
Monnina fastigiata,Hebeandra fastigiata,0.6254,not synonym,sentence-transformers/all-MiniLM-L6-v2,0.7,1
Apios americana,Galactia stenophylla,0.1377,not synonym,sentence-transformers/all-MiniLM-L6-v2,0.7,0
Amphicarpaea bracteata,Glycine heterocarpa,0.3337,not synonym,sentence-transformers/all-MiniLM-L6-v2,0.7,1
Asemeia violacea,Abarema bauchei,0.3352,not synonym,sentence-transformers/all-MiniLM-L6-v2,0.7,0
Calliandra asplenioides,Comesperma cordifolium,0.2818,not synonym,sentence-transformers/all-MiniLM-L6-v2,0.7,0
Polygala nemoralis,Polygala santanderensis,0.7108,synonym,sentence-transformers/all-MiniLM-L6-v2,0.7,1
Rhinotropis nitida,Racosperma pelophilum,0.1802,not synonym,sentence-transformers/all-MiniLM-L6-v2,0.7,0
Genista paivae,Lotus vidalii,0.2003,not synonym,sentence-transformers/all-MiniLM-L6-v2,0.7,0
Caamembeca grandifolia,Cadia catati,0.3841,not synonym,sentence-transformers/all-MiniLM-L6-v2,0.7,0
Flemingia faginea,Bredemeyera papuana,0.4579,not synonym,sentence-transformers/all-MiniLM-L6-v2,0.7,0
Ononis biflora,Deguelia timoriensis,0.2439,not synonym,sentence-transformers/all-MiniLM-L6-v2,0.7,0
Muraltia ericoides,Genista tripolitana,0.4164,not synonym,sentence-transformers/all-MiniLM-L6-v2,0.7,0
Quillaja saponaria,Anonis spinosa,0.2629,not synonym,sentence-transformers/all-MiniLM-L6-v2,0.7,0
Flemingia vestita,Machaerium isadelphum,0.2912,not synonym,sentence-transformers/all-MiniLM-L6-v2,0.7,0
Machaerium humboldtianum,Virgilia genistoides,0.2615,not synonym,sentence-transformers/all-MiniLM-L6-v2,0.7,0
Inga fendleriana,Feuilleea fendleriana,0.7266,synonym,sentence-transformers/all-MiniLM-L6-v2,0.7,1
Machaerium incorruptibile,Nissolia incorruptibilis,0.4249,not synonym,sentence-transformers/all-MiniLM-L6-v2,0.7,1
Erythrostemon coccineus,Caesalpinia coccinea,0.4451,not synonym,sentence-transformers/all-MiniLM-L6-v2,0.7,1
Monnina parviflora,Hebeandra parviflora,0.6506,not synonym,sentence-transformers/all-MiniLM-L6-v2,0.7,1
Brachypterum pseudorobustum,Voglera germanica,0.1881,not synonym,sentence-transformers/all-MiniLM-L6-v2,0.7,0
Inga rubiginosa,Solori submontana,0.4355,not synonym,sentence-transformers/all-MiniLM-L6-v2,0.7,0
Archidendron palauense,Acacia laxiflora,0.1397,not synonym,sentence-transformers/all-MiniLM-L6-v2,0.7,1
Erythrostemon caudatus,Racosperma excelsum,0.1158,not synonym,sentence-transformers/all-MiniLM-L6-v2,0.7,0
Erythrostemon melanadenius,Lupinus convillei,0.3806,not synonym,sentence-transformers/all-MiniLM-L6-v2,0.7,0
Cyclopia maculata,Cyclopia laricina,0.7721,synonym,sentence-transformers/all-MiniLM-L6-v2,0.7,1
Muraltia serpylloides,Racosperma estrophiolatum,0.1308,not synonym,sentence-transformers/all-MiniLM-L6-v2,0.7,0
Acacia idiomorpha,Mundulea hysterantha,0.358,not synonym,sentence-transformers/all-MiniLM-L6-v2,0.7,0
Glycine clandestina,Leptocyamus microphyllus,0.3186,not synonym,sentence-transformers/all-MiniLM-L6-v2,0.7,1
Lotus dorycnium,Dorycnium subbiflorum,0.6793,not synonym,sentence-transformers/all-MiniLM-L6-v2,0.7,1
Archidendron sessile,Poinciana gilliesii,0.1364,not synonym,sentence-transformers/all-MiniLM-L6-v2,0.7,0
Polygala ludwigiana,Muraltia laxa,0.374,not synonym,sentence-transformers/all-MiniLM-L6-v2,0.7,1
Muraltia leptorhiza,Muraltia sulcata,0.6925,not synonym,sentence-transformers/all-MiniLM-L6-v2,0.7,1
Lotus graecus,Securidaca longifolia,0.4265,not synonym,sentence-transformers/all-MiniLM-L6-v2,0.7,0
Muraltia heisteria,Cytiscus stenopetalus,0.2492,not synonym,sentence-transformers/all-MiniLM-L6-v2,0.7,0
Bossiaea eriocarpa,Isoberlinia globiflora,0.4869,not synonym,sentence-transformers/all-MiniLM-L6-v2,0.7,0
Flemingia fluminalis,Flemingia cavaleriei,0.7078,synonym,sentence-transformers/all-MiniLM-L6-v2,0.7,1
Comesperma virgatum,Comesperma laxiusculum,0.7335,synonym,sentence-transformers/all-MiniLM-L6-v2,0.7,1
Acacia leptoclada,Racosperma leptoclada,0.4387,not synonym,sentence-transformers/all-MiniLM-L6-v2,0.7,1
Genista ramosissima,Genistella ramosissima,0.8255,synonym,sentence-transformers/all-MiniLM-L6-v2,0.7,1
Asemeia mollis,Inga comosa,0.2466,not synonym,sentence-transformers/all-MiniLM-L6-v2,0.7,0
Genista maderensis,Phaseolus monoicus,0.254,not synonym,sentence-transformers/all-MiniLM-L6-v2,0.7,0
Genista radiata,Monnina nemorosa,0.4398,not synonym,sentence-transformers/all-MiniLM-L6-v2,0.7,0
Caamembeca andina,Pithecellobium chrysocarpum,0.2523,not synonym,sentence-transformers/all-MiniLM-L6-v2,0.7,0
Ononis doerfleri,Archidendron monadelphum,0.1496,not synonym,sentence-transformers/all-MiniLM-L6-v2,0.7,0
Eleiotis sororia,Hebeandra evonymoides,0.4053,not synonym,sentence-transformers/all-MiniLM-L6-v2,0.7,0
Cyclopia genistoides,Virgilia genistoides,0.4309,not synonym,sentence-transformers/all-MiniLM-L6-v2,0.7,1
Calliandra houstoniana,Anneslia grandiflora,0.3839,not synonym,sentence-transformers/all-MiniLM-L6-v2,0.7,1
Genista dracunculoides,Genista transcaucasica,0.4972,not synonym,sentence-transformers/all-MiniLM-L6-v2,0.7,1
Monnina rusbyi,Machaerium glabripes,0.1603,not synonym,sentence-transformers/all-MiniLM-L6-v2,0.7,0
Calliandra harrisii,Clelia cylindrocarpa,0.4085,not synonym,sentence-transformers/all-MiniLM-L6-v2,0.7,1
Ononis adenotricha,Machaerium mutisii,0.3028,not synonym,sentence-transformers/all-MiniLM-L6-v2,0.7,0
Daniellia ogea,Daniellia fosteri,0.7238,synonym,sentence-transformers/all-MiniLM-L6-v2,0.7,1
Alistilus jumellei,Chorizema triangulare,0.2505,not synonym,sentence-transformers/all-MiniLM-L6-v2,0.7,0
Nissolia microptera,Nissolia confertiflora,0.5882,not synonym,sentence-transformers/all-MiniLM-L6-v2,0.7,1
Acacia hypermeces,Racosperma hypermeces,0.2915,not synonym,sentence-transformers/all-MiniLM-L6-v2,0.7,1
Daniellia oblonga,Daniellia thurifera,0.6665,not synonym,sentence-transformers/all-MiniLM-L6-v2,0.7,1
Archidendron beguinii,Tetragonolobus maritimus,0.3321,not synonym,sentence-transformers/all-MiniLM-L6-v2,0.7,0
Polygaloides chamaebuxus,Polygala chamaebuxus,0.8757,synonym,sentence-transformers/all-MiniLM-L6-v2,0.7,1
Genista germanica,Aeschynomene ormocarpoides,0.1597,not synonym,sentence-transformers/all-MiniLM-L6-v2,0.7,0
Genista monspessulana,Lugaion linifolium,0.0945,not synonym,sentence-transformers/all-MiniLM-L6-v2,0.7,0
Lotus argyrodes,Inga fluvii-novi,0.0921,not synonym,sentence-transformers/all-MiniLM-L6-v2,0.7,0
Betencourtia australis,Daviesia ericoides,0.4681,not synonym,sentence-transformers/all-MiniLM-L6-v2,0.7,0
Calliandra comosa,Mimosa comosa,0.5974,not synonym,sentence-transformers/all-MiniLM-L6-v2,0.7,1
Genista sagittalis,Nemcia stipularis,0.2259,not synonym,sentence-transformers/all-MiniLM-L6-v2,0.7,0
Centrolobium paraense,Centrolobium patinense,0.8377,synonym,sentence-transformers/all-MiniLM-L6-v2,0.7,1
Epirixanthes elongata,Spartium terminale,0.2092,not synonym,sentence-transformers/all-MiniLM-L6-v2,0.7,0
Calobota sericea,Calobota flexuosa,0.7399,synonym,sentence-transformers/all-MiniLM-L6-v2,0.7,1
Carmichaelia arborea,Carmichaelia grandiflora,0.7421,synonym,sentence-transformers/all-MiniLM-L6-v2,0.7,1
Cyclopia buxifolia,Cyclopia dregeana,0.6775,not synonym,sentence-transformers/all-MiniLM-L6-v2,0.7,1
Genista sagittalis,Salzwedelia sagittalis,0.7088,synonym,sentence-transformers/all-MiniLM-L6-v2,0.7,1
Calliandra haematomma,Cynometra carvalhoi,0.1524,not synonym,sentence-transformers/all-MiniLM-L6-v2,0.7,0
Hoffmannseggia watsonii,Caesalpinia watsonii,0.5541,not synonym,sentence-transformers/all-MiniLM-L6-v2,0.7,1
Ononis sicula,Ononis stipularis,0.6205,not synonym,sentence-transformers/all-MiniLM-L6-v2,0.7,1
Muraltia macrocarpa,Genista sericea,0.3596,not synonym,sentence-transformers/all-MiniLM-L6-v2,0.7,0
Ancistrotropis robusta,Polygala glabra,0.3504,not synonym,sentence-transformers/all-MiniLM-L6-v2,0.7,0
Hoffmannseggia watsonii,Caesalpinia virgata,0.3048,not synonym,sentence-transformers/all-MiniLM-L6-v2,0.7,0
Polygala malesiana,Dialium excelsum,0.1763,not synonym,sentence-transformers/all-MiniLM-L6-v2,0.7,0
Gilbertiodendron demonstrans,Vouapa demonstrans,0.452,not synonym,sentence-transformers/all-MiniLM-L6-v2,0.7,1
Archidendron aruense,Polygala purpurea,0.2235,not synonym,sentence-transformers/all-MiniLM-L6-v2,0.7,0
Cadia pubescens,Cadia pubescens,1.0,synonym,sentence-transformers/all-MiniLM-L6-v2,0.7,1
Lotus jacobaeus,Indigofera variabilis,0.483,not synonym,sentence-transformers/all-MiniLM-L6-v2,0.7,0
Flemingia helferiana,Pithecellobium subacutum,0.1716,not synonym,sentence-transformers/all-MiniLM-L6-v2,0.7,0
Heterostemon ellipticus,Heterostemon ellipticus,1.0,synonym,sentence-transformers/all-MiniLM-L6-v2,0.7,1
Baudouinia fluggeiformis,Baudouinia suarezensis,0.6885,not synonym,sentence-transformers/all-MiniLM-L6-v2,0.7,1
Ononis vaginalis,Machaerium lanatum,0.2063,not synonym,sentence-transformers/all-MiniLM-L6-v2,0.7,0
Inga sellowiana,Racosperma confluens,0.0604,not synonym,sentence-transformers/all-MiniLM-L6-v2,0.7,0
Calliandra surinamensis,Anneslia surinamensis,0.686,not synonym,sentence-transformers/all-MiniLM-L6-v2,0.7,1
Calliandra rubescens,Lotus thessalus,0.2528,not synonym,sentence-transformers/all-MiniLM-L6-v2,0.7,0
Genista hispanica,Spartium hispanicum,0.4743,not synonym,sentence-transformers/all-MiniLM-L6-v2,0.7,1
Securidaca pendula,Securidaca complicata,0.7898,synonym,sentence-transformers/all-MiniLM-L6-v2,0.7,1
Ononis viscosa,Polygala phylicoides,0.3606,not synonym,sentence-transformers/all-MiniLM-L6-v2,0.7,0
Archidendron balansae,Muraltia fasciculata,0.3625,not synonym,sentence-transformers/all-MiniLM-L6-v2,0.7,0
Genista tenera,Spartium virgatum,0.2471,not synonym,sentence-transformers/all-MiniLM-L6-v2,0.7,1
Inga densiflora,Inga montealegrei,0.6001,not synonym,sentence-transformers/all-MiniLM-L6-v2,0.7,1
Muraltia alopecuroides,Polygala alopecuroides,0.7302,synonym,sentence-transformers/all-MiniLM-L6-v2,0.7,1
Lotus benoistii,Benedictella benoistii,0.5823,not synonym,sentence-transformers/all-MiniLM-L6-v2,0.7,1
Lotus purpureus,Lotus hirtulus,0.705,synonym,sentence-transformers/all-MiniLM-L6-v2,0.7,1
Polygala japonica,Polygala mutabilis,0.6671,not synonym,sentence-transformers/all-MiniLM-L6-v2,0.7,0
Archidendron utile,Inga hispida,0.1356,not synonym,sentence-transformers/all-MiniLM-L6-v2,0.7,0
Ononis tridentata,Ononis rentonarensis,0.6629,not synonym,sentence-transformers/all-MiniLM-L6-v2,0.7,1
Polygala campestris,Senega campestris,0.5171,not synonym,sentence-transformers/all-MiniLM-L6-v2,0.7,1
Polygala ericifolia,Polygala microlopha,0.6218,not synonym,sentence-transformers/all-MiniLM-L6-v2,0.7,1
Calliandra purdiaei,Chorizema magnifolium,0.3408,not synonym,sentence-transformers/all-MiniLM-L6-v2,0.7,0
Calliandra eriophylla,Caiandra eriophylla,0.6288,not synonym,sentence-transformers/all-MiniLM-L6-v2,0.7,1
Dahlstedtia peckoltii,Nissolia acuminata,0.4051,not synonym,sentence-transformers/all-MiniLM-L6-v2,0.7,0
Securidaca cacumina,Monnina uaipanensis,0.3368,not synonym,sentence-transformers/all-MiniLM-L6-v2,0.7,0
Millettia sericea,Dalbergia sericea,0.6907,not synonym,sentence-transformers/all-MiniLM-L6-v2,0.7,1
Ononis alopecuroides,Bugranopsis alopecuroides,0.7582,synonym,sentence-transformers/all-MiniLM-L6-v2,0.7,1
Bredemeyera myrtifolia,Dialium mossambicense,0.2071,not synonym,sentence-transformers/all-MiniLM-L6-v2,0.7,0
Hoita macrostachya,Psoralea douglasii,0.3934,not synonym,sentence-transformers/all-MiniLM-L6-v2,0.7,1
Berlinia giorgii,Berlinia cabrae,0.7457,synonym,sentence-transformers/all-MiniLM-L6-v2,0.7,1
Chorizema racemosum,Chorizema ericifolium,0.7526,synonym,sentence-transformers/all-MiniLM-L6-v2,0.7,1
Gastrolobium spinosum,Inga splendidissima,0.0746,not synonym,sentence-transformers/all-MiniLM-L6-v2,0.7,0
Inga edwallii,Pithecellobium monopterum,0.1199,not synonym,sentence-transformers/all-MiniLM-L6-v2,0.7,0
Monnina marginata,Lupinus soukupianus,0.338,not synonym,sentence-transformers/all-MiniLM-L6-v2,0.7,0
Monnina arbuscula,Monnina vitis-idaea,0.6241,not synonym,sentence-transformers/all-MiniLM-L6-v2,0.7,1
Bossiaea obcordata,Bossiaea microphylla,0.6592,not synonym,sentence-transformers/all-MiniLM-L6-v2,0.7,1
Gastrolobium wonganense,Acacia pumila,0.2282,not synonym,sentence-transformers/all-MiniLM-L6-v2,0.7,0
Acacia leptophleba,Acacia leptophleba,1.0,synonym,sentence-transformers/all-MiniLM-L6-v2,0.7,1
Carpolobia alba,Carpolobia delvauxii,0.7303,synonym,sentence-transformers/all-MiniLM-L6-v2,0.7,1
Archidendron bigeminum,Polygala aristeguietae,0.2559,not synonym,sentence-transformers/all-MiniLM-L6-v2,0.7,0
Erythrostemon phyllanthoides,Poincianella phyllanthoides,0.6624,not synonym,sentence-transformers/all-MiniLM-L6-v2,0.7,1
Asemeia violacea,Carmichaelia arenaria,0.3725,not synonym,sentence-transformers/all-MiniLM-L6-v2,0.7,0
Archidendron jiringa,Heistera humilis,0.2556,not synonym,sentence-transformers/all-MiniLM-L6-v2,0.7,0
Lotus garcinii,Maughania involucrata,0.3056,not synonym,sentence-transformers/all-MiniLM-L6-v2,0.7,0
Polygala andringitrensis,Polygala bicornis,0.6335,not synonym,sentence-transformers/all-MiniLM-L6-v2,0.7,1
Lotus conjugatus,Mullaghera conjugata,0.4701,not synonym,sentence-transformers/all-MiniLM-L6-v2,0.7,1
Hippocrepis scorpioides,Hippocrepis scorpioides,1.0,synonym,sentence-transformers/all-MiniLM-L6-v2,0.7,1
Dolichopsis ligulata,Scottia angustifolia,0.2464,not synonym,sentence-transformers/all-MiniLM-L6-v2,0.7,0
Gastrolobium latifolium,Polygala orthotricha,0.3465,not synonym,sentence-transformers/all-MiniLM-L6-v2,0.7,0
Monnina padifolia,Monnina cladostachya,0.7083,synonym,sentence-transformers/all-MiniLM-L6-v2,0.7,1
Glycine clandestina,Millettia mavoundiensis,0.2693,not synonym,sentence-transformers/all-MiniLM-L6-v2,0.7,0
Lupinus angustifolius,Lupinus cryptanthus,0.7229,synonym,sentence-transformers/all-MiniLM-L6-v2,0.7,1
Myroxylon peruiferum,Myrospermum erythroxylum,0.4901,not synonym,sentence-transformers/all-MiniLM-L6-v2,0.7,1
Polygala japonica,Carmichaelia floribunda,0.5141,not synonym,sentence-transformers/all-MiniLM-L6-v2,0.7,0
Hoffmannseggia drepanocarpa,Genista tetragona,0.3083,not synonym,sentence-transformers/all-MiniLM-L6-v2,0.7,0
Carpolobia goetzei,Archidendron kanehira,0.3366,not synonym,sentence-transformers/all-MiniLM-L6-v2,0.7,0
Gastrolobium ilicifolium,Muraltia phylicoides,0.4423,not synonym,sentence-transformers/all-MiniLM-L6-v2,0.7,0
Camptosema tomentosum,Smithia ringoetii,0.273,not synonym,sentence-transformers/all-MiniLM-L6-v2,0.7,0
Polygala garcini,Westia eminii,0.3502,not synonym,sentence-transformers/all-MiniLM-L6-v2,0.7,0
Monnina wrightii,Indigofera lobata,0.3962,not synonym,sentence-transformers/all-MiniLM-L6-v2,0.7,0
Monnina pterocarpa,Monnina angustifolia,0.4902,not synonym,sentence-transformers/all-MiniLM-L6-v2,0.7,1
Xanthophyllum vitellinum,Inga eggersii,0.2622,not synonym,sentence-transformers/all-MiniLM-L6-v2,0.7,0
Quillaja saponaria,Quillaja smegmadermis,0.6446,not synonym,sentence-transformers/all-MiniLM-L6-v2,0.7,1
Securidaca diversifolia,Badiera diversifolia,0.6492,not synonym,sentence-transformers/all-MiniLM-L6-v2,0.7,1
Inga jaunechensis,Inga hedgerae,0.4262,not synonym,sentence-transformers/all-MiniLM-L6-v2,0.7,1
Securidaca divaricata,Elsota volubilis,0.4378,not synonym,sentence-transformers/all-MiniLM-L6-v2,0.7,1
Caamembeca salicifolia,Hebeandra phillyreoides,0.3624,not synonym,sentence-transformers/all-MiniLM-L6-v2,0.7,1
Asemeia hebeclada,Angylocalyx wellensii,0.351,not synonym,sentence-transformers/all-MiniLM-L6-v2,0.7,0
Bredemeyera divaricata,Affonsea densiflora,0.5398,not synonym,sentence-transformers/all-MiniLM-L6-v2,0.7,0
Acacia mearnsii,Polygala subsecunda,0.3677,not synonym,sentence-transformers/all-MiniLM-L6-v2,0.7,0
Acacia biflora,Polygala greggii,0.4688,not synonym,sentence-transformers/all-MiniLM-L6-v2,0.7,0
Archidendron minahassae,Pteromonnina herzogii,0.2614,not synonym,sentence-transformers/all-MiniLM-L6-v2,0.7,0
Erythrostemon coulterioides,Caesalpinia coulterioides,0.6436,not synonym,sentence-transformers/all-MiniLM-L6-v2,0.7,1
Ononis diffusa,Polygala prostrata,0.2767,not synonym,sentence-transformers/all-MiniLM-L6-v2,0.7,0
Calliandra mollissima,Inga mollissima,0.7,not synonym,sentence-transformers/all-MiniLM-L6-v2,0.7,1
Daprainia kingiana,Ototropis kingiana,0.6135,not synonym,sentence-transformers/all-MiniLM-L6-v2,0.7,1
Inga inundata,Zygia inundata,0.6094,not synonym,sentence-transformers/all-MiniLM-L6-v2,0.7,1
Millettia barteri,Polygala filifera,0.3037,not synonym,sentence-transformers/all-MiniLM-L6-v2,0.7,0
Genista sessilifolia,Genista trifoliolata,0.6198,not synonym,sentence-transformers/all-MiniLM-L6-v2,0.7,1
Bredemeyera colletioides,Hualania colletioides,0.6266,not synonym,sentence-transformers/all-MiniLM-L6-v2,0.7,1
Acacia papulosa,Inga alatopetiola,0.4022,not synonym,sentence-transformers/all-MiniLM-L6-v2,0.7,0
Lotus maritimus,Polygala mollis,0.3929,not synonym,sentence-transformers/all-MiniLM-L6-v2,0.7,0
Caamembeca salicifolia,Polygala salicifolia,0.7202,synonym,sentence-transformers/all-MiniLM-L6-v2,0.7,1
Calobota pungens,Inga platycarpa,0.2038,not synonym,sentence-transformers/all-MiniLM-L6-v2,0.7,0
Mundulea barclayi,Dalbergia barclayi,0.7371,synonym,sentence-transformers/all-MiniLM-L6-v2,0.7,1
Lotus dorycnium,Calliandra bombycina,0.2647,not synonym,sentence-transformers/all-MiniLM-L6-v2,0.7,0
Dysolobium lucens,Archidendron dies-christi,0.1083,not synonym,sentence-transformers/all-MiniLM-L6-v2,0.7,0
Bossiaea ornata,Lalage acuminata,0.4271,not synonym,sentence-transformers/all-MiniLM-L6-v2,0.7,1
Lotus herbaceus,Pithecellobium incurvatum,0.2742,not synonym,sentence-transformers/all-MiniLM-L6-v2,0.7,0
Hanslia ormocarpoides,Meibomia ormocarpoides,0.7021,synonym,sentence-transformers/all-MiniLM-L6-v2,0.7,1
Muraltia macrocarpa,Heisteria pungens,0.3089,not synonym,sentence-transformers/all-MiniLM-L6-v2,0.7,0
Machaerium arboreum,Polygala celosioides,0.1667,not synonym,sentence-transformers/all-MiniLM-L6-v2,0.7,0
Acacia leichhardtii,Polygala stipitata,0.3304,not synonym,sentence-transformers/all-MiniLM-L6-v2,0.7,0
Calpurnia aurea,Podalyria aurea,0.5154,not synonym,sentence-transformers/all-MiniLM-L6-v2,0.7,1
Carmichaelia juncea,Polygala stipulacea,0.3459,not synonym,sentence-transformers/all-MiniLM-L6-v2,0.7,0
Archidendron brevipes,Albizia brevipes,0.388,not synonym,sentence-transformers/all-MiniLM-L6-v2,0.7,1
Comesperma ericinum,Lotus biflorus,0.0934,not synonym,sentence-transformers/all-MiniLM-L6-v2,0.7,0
Flemingia tiliacea,Flemingia nudiflora,0.7304,synonym,sentence-transformers/all-MiniLM-L6-v2,0.7,1
Polygala nambalensis,Polygala psammophila,0.7162,synonym,sentence-transformers/all-MiniLM-L6-v2,0.7,1
Asemeia ovata,Polygala violacea,0.4549,not synonym,sentence-transformers/all-MiniLM-L6-v2,0.7,1
Hebecarpa punctata,Viola punctata,0.5955,not synonym,sentence-transformers/all-MiniLM-L6-v2,0.7,1
Muraltia ericoides,Derris thorelii,0.4631,not synonym,sentence-transformers/all-MiniLM-L6-v2,0.7,0
Muraltia spinosa,Scandalida conjugata,0.3881,not synonym,sentence-transformers/all-MiniLM-L6-v2,0.7,0
Carmichaelia odorata,Comesperma floribunda,0.4111,not synonym,sentence-transformers/all-MiniLM-L6-v2,0.7,0
Amphicarpaea bracteata,Falcata comosa,0.3427,not synonym,sentence-transformers/all-MiniLM-L6-v2,0.7,1
Monnina pumila,Monnina humahuaquensis,0.6143,not synonym,sentence-transformers/all-MiniLM-L6-v2,0.7,1
Flemingia macrophylla,Polygala viminea,0.3591,not synonym,sentence-transformers/all-MiniLM-L6-v2,0.7,0
Hippocrepis constricta,Hippocrepis bornmuelleri,0.7277,synonym,sentence-transformers/all-MiniLM-L6-v2,0.7,1
Muraltia muraltioides,Heistera beiliana,0.3121,not synonym,sentence-transformers/all-MiniLM-L6-v2,0.7,1
Machaerium punctatum,Badiera montana,0.119,not synonym,sentence-transformers/all-MiniLM-L6-v2,0.7,0
Humularia katangensis,Geissaspis katangensis,0.5841,not synonym,sentence-transformers/all-MiniLM-L6-v2,0.7,1
Monnina celastroides,Hebeandra celastroides,0.6162,not synonym,sentence-transformers/all-MiniLM-L6-v2,0.7,1
Carmichaelia australis,Carmichaelia stricta,0.7536,synonym,sentence-transformers/all-MiniLM-L6-v2,0.7,1
Millettia sericea,Millettia sericea,1.0,synonym,sentence-transformers/all-MiniLM-L6-v2,0.7,1
Cyclopia galioides,Spartium albicans,0.2934,not synonym,sentence-transformers/all-MiniLM-L6-v2,0.7,0
Archidendron arborescens,Glycine discolor,0.0325,not synonym,sentence-transformers/all-MiniLM-L6-v2,0.7,0
Xanthophyllum flavescens,Xanthophyllum flavescens,1.0,synonym,sentence-transformers/all-MiniLM-L6-v2,0.7,1
Lupinus nubigenus,Lupinus inflatus,0.7443,synonym,sentence-transformers/all-MiniLM-L6-v2,0.7,1
Polygala leucantha,Polygala opaca,0.7346,synonym,sentence-transformers/all-MiniLM-L6-v2,0.7,0
Comesperma volubile,Polygala vayredae,0.2319,not synonym,sentence-transformers/all-MiniLM-L6-v2,0.7,0
Gilbertiodendron ngouniense,Macrolobium ngouniense,0.5173,not synonym,sentence-transformers/all-MiniLM-L6-v2,0.7,1
Aotus ericoides,Pultenaea rosmarinacea,0.4937,not synonym,sentence-transformers/all-MiniLM-L6-v2,0.7,1
Lupinus fulcratus,Lupinus beaneanus,0.7736,synonym,sentence-transformers/all-MiniLM-L6-v2,0.7,1
Bredemeyera disperma,Polygala disperma,0.6257,not synonym,sentence-transformers/all-MiniLM-L6-v2,0.7,1
Humularia rosea,Genista microphylla,0.3313,not synonym,sentence-transformers/all-MiniLM-L6-v2,0.7,0
Carmichaelia australis,Polygala domingensis,0.3208,not synonym,sentence-transformers/all-MiniLM-L6-v2,0.7,0
Apios fortunei,Moghania yunnanensis,0.1173,not synonym,sentence-transformers/all-MiniLM-L6-v2,0.7,0
Polygaloides paucifolia,Polygala pauciflora,0.7823,synonym,sentence-transformers/all-MiniLM-L6-v2,0.7,1
Monrosia pterolopha,Cytisus milleri,0.2818,not synonym,sentence-transformers/all-MiniLM-L6-v2,0.7,0
Apios americana,Apios perennis,0.5755,not synonym,sentence-transformers/all-MiniLM-L6-v2,0.7,1
Flemingia procumbens,Moghania vestita,0.2689,not synonym,sentence-transformers/all-MiniLM-L6-v2,0.7,1
Genista monspessulana,Gastrolobium ovalifolium,0.2097,not synonym,sentence-transformers/all-MiniLM-L6-v2,0.7,0
Genista carinalis,Genista ottomanica,0.6522,not synonym,sentence-transformers/all-MiniLM-L6-v2,0.7,1
Amburana acreana,Nissolia robusta,0.2786,not synonym,sentence-transformers/all-MiniLM-L6-v2,0.7,0
Erythrostemon robinsonianus,Bugranopsis alopecuroides,0.1121,not synonym,sentence-transformers/all-MiniLM-L6-v2,0.7,0
Gilbertiodendron ogowense,Macrolobium ecoucense,0.2655,not synonym,sentence-transformers/all-MiniLM-L6-v2,0.7,1
Myroxylon peruiferum,Bonjeanea incana,0.5125,not synonym,sentence-transformers/all-MiniLM-L6-v2,0.7,0
Monnina ciliolata,Polygala floribunda,0.4904,not synonym,sentence-transformers/all-MiniLM-L6-v2,0.7,0
Bossiaea heterophylla,Platylobium ovatum,0.3403,not synonym,sentence-transformers/all-MiniLM-L6-v2,0.7,1
Lotus dorycnium,Dorycnium affine,0.6577,not synonym,sentence-transformers/all-MiniLM-L6-v2,0.7,1
Machaerium guanaiense,Machaerium guanaiense,1.0,synonym,sentence-transformers/all-MiniLM-L6-v2,0.7,1
Genista aristata,Polygala costaricensis,0.2619,not synonym,sentence-transformers/all-MiniLM-L6-v2,0.7,0
Monnina xalapensis,Monnina euonymoides,0.6378,not synonym,sentence-transformers/all-MiniLM-L6-v2,0.7,1
Gastrolobium leakeanum,Inga annularis,0.1871,not synonym,sentence-transformers/all-MiniLM-L6-v2,0.7,0
Archidendron lucyi,Archidendron sogorense,0.69,not synonym,sentence-transformers/all-MiniLM-L6-v2,0.7,1
Monnina polystachya,Monnina trianae,0.6779,not synonym,sentence-transformers/all-MiniLM-L6-v2,0.7,1
Decorsea grandidieri,Adenocalyx racemosus,0.1821,not synonym,sentence-transformers/all-MiniLM-L6-v2,0.7,0
Inga sapindoides,Fusanus diversifolius,0.3372,not synonym,sentence-transformers/all-MiniLM-L6-v2,0.7,0
Chesneya parviflora,Chesneya makranica,0.7124,synonym,sentence-transformers/all-MiniLM-L6-v2,0.7,1
Lotus peregrinus,Lotus bouteloui,0.6203,not synonym,sentence-transformers/all-MiniLM-L6-v2,0.7,0
Berlinia tomentella,Berlinia auriculata,0.6832,not synonym,sentence-transformers/all-MiniLM-L6-v2,0.7,1
Muraltia ericifolia,Pithecellobium kerrii,0.3943,not synonym,sentence-transformers/all-MiniLM-L6-v2,0.7,0
Polygala rosea,Bredemeyera aphylla,0.3984,not synonym,sentence-transformers/all-MiniLM-L6-v2,0.7,0
Genista germanica,Voglera hispanica,0.4628,not synonym,sentence-transformers/all-MiniLM-L6-v2,0.7,0
Monrosia pterolopha,Euteline sagittalis,0.2355,not synonym,sentence-transformers/all-MiniLM-L6-v2,0.7,0
Acacia chrysocephala,Dialium nitidum,0.0807,not synonym,sentence-transformers/all-MiniLM-L6-v2,0.7,0
Genista albida,Genista pestalozzae,0.7076,synonym,sentence-transformers/all-MiniLM-L6-v2,0.7,1
Hoffmannseggia eremophila,Polygala strigulosa,0.4148,not synonym,sentence-transformers/all-MiniLM-L6-v2,0.7,0
Genista holopetala,Cytisus holopetalus,0.3494,not synonym,sentence-transformers/all-MiniLM-L6-v2,0.7,1
Securidaca retusa,Smithia oubanguiensis,0.3027,not synonym,sentence-transformers/all-MiniLM-L6-v2,0.7,0
Nissolia brasiliensis,Eysenhardtia reticulata,0.3944,not synonym,sentence-transformers/all-MiniLM-L6-v2,0.7,0
Archidendron cordifolium,Abarema cordifolia,0.3604,not synonym,sentence-transformers/all-MiniLM-L6-v2,0.7,1
Gastrolobium nervosum,Callistachys reticulata,0.2772,not synonym,sentence-transformers/all-MiniLM-L6-v2,0.7,1
Ougeinia oojeinensis,Pithecellobium platycarpum,0.3153,not synonym,sentence-transformers/all-MiniLM-L6-v2,0.7,0
Millettia nudiflora,Phaseoloides nudiflorum,0.4534,not synonym,sentence-transformers/all-MiniLM-L6-v2,0.7,1
Muraltia spinosa,Chaetocalyx weberbaueri,0.3325,not synonym,sentence-transformers/all-MiniLM-L6-v2,0.7,0
Xanthophyllum eurhynchum,Hippocrepis monticola,0.2516,not synonym,sentence-transformers/all-MiniLM-L6-v2,0.7,0
Hippocrepis comosa,Hippocrepis montgronyana,0.7739,synonym,sentence-transformers/all-MiniLM-L6-v2,0.7,1
Humularia drepanocephala,Geissaspis drepanocephala,0.7185,synonym,sentence-transformers/all-MiniLM-L6-v2,0.7,1
Cadia purpurea,Cadia varia,0.7284,synonym,sentence-transformers/all-MiniLM-L6-v2,0.7,1
Polygala tamariscea,Ononis salzamanniana,0.3423,not synonym,sentence-transformers/all-MiniLM-L6-v2,0.7,0
Amphicarpaea bracteata,Amphicarpaea comosa,0.7017,synonym,sentence-transformers/all-MiniLM-L6-v2,0.7,1
Hoffmannseggia glauca,Comesperma aemulum,0.1639,not synonym,sentence-transformers/all-MiniLM-L6-v2,0.7,0
Machaerium duckeanum,Chaetocalyx tomentosus,0.347,not synonym,sentence-transformers/all-MiniLM-L6-v2,0.7,0
Xanthophyllum octandrum,Banisteroides macintyrii,0.3077,not synonym,sentence-transformers/all-MiniLM-L6-v2,0.7,1
Inga densiflora,Inga java,0.5308,not synonym,sentence-transformers/all-MiniLM-L6-v2,0.7,1
Betencourtia martioides,Lotus aegeus,0.2441,not synonym,sentence-transformers/all-MiniLM-L6-v2,0.7,0
Polygala japonica,Polygala veronicea,0.7129,synonym,sentence-transformers/all-MiniLM-L6-v2,0.7,1
Genista cinerea,Genista linifolia,0.5869,not synonym,sentence-transformers/all-MiniLM-L6-v2,0.7,1
Erythrostemon melanadenius,Poinciana melanadenia,0.5371,not synonym,sentence-transformers/all-MiniLM-L6-v2,0.7,1
Hoffmannseggia glauca,Carmichaelia robusta,0.2026,not synonym,sentence-transformers/all-MiniLM-L6-v2,0.7,0
Coulteria pumila,Monnina latifolia,0.2613,not synonym,sentence-transformers/all-MiniLM-L6-v2,0.7,0
Glycine jamaicensis,Lotus melilotoides,0.3036,not synonym,sentence-transformers/all-MiniLM-L6-v2,0.7,0
Polygala mexicana,Chesniella macrantha,0.5076,not synonym,sentence-transformers/all-MiniLM-L6-v2,0.7,0
Xanthophyllum obscurum,Flemingia macrophylla,0.3965,not synonym,sentence-transformers/all-MiniLM-L6-v2,0.7,0
Lotus graecus,Lotus latifolius,0.7254,synonym,sentence-transformers/all-MiniLM-L6-v2,0.7,1
Bredemeyera lucida,Elsota micheliana,0.5186,not synonym,sentence-transformers/all-MiniLM-L6-v2,0.7,0
Salomonia ciliata,Salomonia rigida,0.7566,synonym,sentence-transformers/all-MiniLM-L6-v2,0.7,1
Muraltia striata,Heisteria striata,0.6575,not synonym,sentence-transformers/all-MiniLM-L6-v2,0.7,1
Fissicalyx fendleri,Albizia papuana,0.0822,not synonym,sentence-transformers/all-MiniLM-L6-v2,0.7,0
Flemingia nilgiriensis,Flemingia nilgiriensis,1.0,synonym,sentence-transformers/all-MiniLM-L6-v2,0.7,1
Hebecarpa barbeyana,Hebecarpa longa,0.741,synonym,sentence-transformers/all-MiniLM-L6-v2,0.7,1
Ononis vaginalis,Ononis kotschyana,0.509,not synonym,sentence-transformers/all-MiniLM-L6-v2,0.7,1
Acacia deltoidea,Stylobasium lineare,0.3037,not synonym,sentence-transformers/all-MiniLM-L6-v2,0.7,0
Betencourtia martioides,Galactia martioides,0.6268,not synonym,sentence-transformers/all-MiniLM-L6-v2,0.7,1
Polygala caudata,Polygala vulgaris,0.7579,synonym,sentence-transformers/all-MiniLM-L6-v2,0.7,0
Genista linifolia,Isoberlinia paniculata,0.3751,not synonym,sentence-transformers/all-MiniLM-L6-v2,0.7,0
Chorizema elegans,Feuilleea pezizifera,0.1946,not synonym,sentence-transformers/all-MiniLM-L6-v2,0.7,0
Dialium kunstleri,Chorizema costatum,0.1509,not synonym,sentence-transformers/all-MiniLM-L6-v2,0.7,0
Lotus subbiflorus,Lotus divaricatus,0.7081,synonym,sentence-transformers/all-MiniLM-L6-v2,0.7,1
Kotschya parvifolia,Smithia parvifolia,0.5478,not synonym,sentence-transformers/all-MiniLM-L6-v2,0.7,1
Genista hispanica,Anthyllis sericea,0.2273,not synonym,sentence-transformers/all-MiniLM-L6-v2,0.7,0
Millettia chrysophylla,Lonchocarpus macrostachyus,0.1744,not synonym,sentence-transformers/all-MiniLM-L6-v2,0.7,1
Gastrolobium plicatum,Gastrolobium pauciflorum,0.8046,synonym,sentence-transformers/all-MiniLM-L6-v2,0.7,1
Millettia comosa,Millettia vermoesenii,0.6814,not synonym,sentence-transformers/all-MiniLM-L6-v2,0.7,1
Calliandra harrisii,Dimorphandra guianensis,0.4365,not synonym,sentence-transformers/all-MiniLM-L6-v2,0.7,0
Calliandra parvifolia,Polygala macrophylla,0.3125,not synonym,sentence-transformers/all-MiniLM-L6-v2,0.7,0
Acanthocladus scleroxylon,Polygala scleroxylon,0.5692,not synonym,sentence-transformers/all-MiniLM-L6-v2,0.7,1
Inga ornata,Abarema abeywickramae,0.4747,not synonym,sentence-transformers/all-MiniLM-L6-v2,0.7,0
Caamembeca oxyphylla,Lupinus fraxinetorum,0.3122,not synonym,sentence-transformers/all-MiniLM-L6-v2,0.7,0
Xanthophyllum papuanum,Abarema syringifolia,0.4068,not synonym,sentence-transformers/all-MiniLM-L6-v2,0.7,0
Flemingia macrophylla,Heistera acipetala,0.2907,not synonym,sentence-transformers/all-MiniLM-L6-v2,0.7,0
Securidaca diversifolia,Lotus coimbrensis,0.4569,not synonym,sentence-transformers/all-MiniLM-L6-v2,0.7,0
Gilbertiodendron diphyllum,Deguelia polystachya,0.2901,not synonym,sentence-transformers/all-MiniLM-L6-v2,0.7,0
Brachypterum koolgibberah,Isoberlinia baumii,0.3924,not synonym,sentence-transformers/all-MiniLM-L6-v2,0.7,0
Aphanocalyx pectinatus,Macrolobium grandiflorum,0.2417,not synonym,sentence-transformers/all-MiniLM-L6-v2,0.7,0
Kotschya scaberrima,Derris hylobia,0.188,not synonym,sentence-transformers/all-MiniLM-L6-v2,0.7,0
Lotus herbaceus,Dorycnium plantagineum,0.4157,not synonym,sentence-transformers/all-MiniLM-L6-v2,0.7,1
Flemingia prostrata,Flemingia prostrata,1.0,synonym,sentence-transformers/all-MiniLM-L6-v2,0.7,1
Berlinia giorgii,Racosperma elatum,0.1586,not synonym,sentence-transformers/all-MiniLM-L6-v2,0.7,0
Inga vulpina,Feuilleea vulpina,0.6698,not synonym,sentence-transformers/all-MiniLM-L6-v2,0.7,1
Millettia oraria,Tephrosia oraria,0.6213,not synonym,sentence-transformers/all-MiniLM-L6-v2,0.7,1
Decorsea schlechteri,Derris polyphylla,0.3328,not synonym,sentence-transformers/all-MiniLM-L6-v2,0.7,0
Hoffmannseggia intricata,Caesalpinia intricata,0.5059,not synonym,sentence-transformers/all-MiniLM-L6-v2,0.7,1
Calpurnia intrusa,Securidaca macrostachya,0.5246,not synonym,sentence-transformers/all-MiniLM-L6-v2,0.7,0
Calliandra rubescens,Calliandra tapirorum,0.6069,not synonym,sentence-transformers/all-MiniLM-L6-v2,0.7,1
Inga sapindoides,Caesalpinia fimbriata,0.389,not synonym,sentence-transformers/all-MiniLM-L6-v2,0.7,0
Archidendron robinsonii,Feuilleea falcata,0.2061,not synonym,sentence-transformers/all-MiniLM-L6-v2,0.7,0
Machaerium lunatum,Orucaria lunata,0.5207,not synonym,sentence-transformers/all-MiniLM-L6-v2,0.7,1
Securidaca coriacea,Catocoma mollis,0.241,not synonym,sentence-transformers/all-MiniLM-L6-v2,0.7,1
Comesperma retusum,Comesperma compactum,0.6144,not synonym,sentence-transformers/all-MiniLM-L6-v2,0.7,1
Calophaca grandiflora,Savia volubilis,0.2357,not synonym,sentence-transformers/all-MiniLM-L6-v2,0.7,0
Millettia fruticosa,Polygala portoricensis,0.3377,not synonym,sentence-transformers/all-MiniLM-L6-v2,0.7,0
Monnina ciliolata,Monnina schlechtendaliana,0.7378,synonym,sentence-transformers/all-MiniLM-L6-v2,0.7,1
Kotschya schweinfurthii,Smithia schweinfurthii,0.7383,synonym,sentence-transformers/all-MiniLM-L6-v2,0.7,1
Monnina bonplandiana,Kostyczewa trifoliata,0.4767,not synonym,sentence-transformers/all-MiniLM-L6-v2,0.7,0
Nogra grahamii,Apios esquirolii,0.3716,not synonym,sentence-transformers/all-MiniLM-L6-v2,0.7,1
Muraltia divaricata,Muraltia incompta,0.7762,synonym,sentence-transformers/all-MiniLM-L6-v2,0.7,1
Millettia weizhii,Huchimingia weizhii,0.7492,synonym,sentence-transformers/all-MiniLM-L6-v2,0.7,1
Erythrostemon standleyi,Poincianella standleyi,0.6043,not synonym,sentence-transformers/all-MiniLM-L6-v2,0.7,1
Lupinus covillei,Millettia argentea,0.3081,not synonym,sentence-transformers/all-MiniLM-L6-v2,0.7,0
Genista hispanica,Nissolia aculeata,0.3506,not synonym,sentence-transformers/all-MiniLM-L6-v2,0.7,0
Calliandra bombycina,Feuilleea leiocalycina,0.4362,not synonym,sentence-transformers/all-MiniLM-L6-v2,0.7,0
Inga heterophylla,Maughania bracteata,0.305,not synonym,sentence-transformers/all-MiniLM-L6-v2,0.7,0
Lotus herbaceus,Feuilleea pachyloma,0.4061,not synonym,sentence-transformers/all-MiniLM-L6-v2,0.7,0
Chesneya nubigena,Polygala zahlbruckneri,0.4689,not synonym,sentence-transformers/all-MiniLM-L6-v2,0.7,0
Fairchildia panamensis,Tounatea panamensis,0.5727,not synonym,sentence-transformers/all-MiniLM-L6-v2,0.7,1
Delonix brachycarpa,Poinciana brachycarpa,0.5544,not synonym,sentence-transformers/all-MiniLM-L6-v2,0.7,1
Archidendron grandiflorum,Amblygonocarpus schweinfurthii,0.3584,not synonym,sentence-transformers/all-MiniLM-L6-v2,0.7,0
Bossiaea heterophylla,Bossiaea ovata,0.6978,not synonym,sentence-transformers/all-MiniLM-L6-v2,0.7,1
Inga chocoensis,Inga corpocarpa,0.4789,not synonym,sentence-transformers/all-MiniLM-L6-v2,0.7,1
Muraltia rubeacea,Muraltia metalasiifolia,0.6595,not synonym,sentence-transformers/all-MiniLM-L6-v2,0.7,1
Mantiqueira bella,Muraltia burmanni,0.3817,not synonym,sentence-transformers/all-MiniLM-L6-v2,0.7,0
Hebecarpa barbeyana,Hebecarpa racemosa,0.6971,not synonym,sentence-transformers/all-MiniLM-L6-v2,0.7,1
Moutabea floribunda,Moutabea floribunda,1.0,synonym,sentence-transformers/all-MiniLM-L6-v2,0.7,1
Salomonia ciliata,Hebeandra parviflora,0.3894,not synonym,sentence-transformers/all-MiniLM-L6-v2,0.7,0
Lotus angustissimus,Lotus thessalus,0.6886,not synonym,sentence-transformers/all-MiniLM-L6-v2,0.7,1
Calliandra pauciflora,Tounatea brachystachya,0.2418,not synonym,sentence-transformers/all-MiniLM-L6-v2,0.7,0
Hebecarpa rectipilis,Ononis aphylla,0.2002,not synonym,sentence-transformers/all-MiniLM-L6-v2,0.7,0
Humularia renieri,Pedrosia leptophylla,0.3725,not synonym,sentence-transformers/all-MiniLM-L6-v2,0.7,0
Ononis vaginalis,Ononis vestita,0.4921,not synonym,sentence-transformers/all-MiniLM-L6-v2,0.7,1
Genista aetnensis,Phaseolodes drasticum,0.1359,not synonym,sentence-transformers/all-MiniLM-L6-v2,0.7,0
Polygala exilis,Genista heteroacantha,0.3208,not synonym,sentence-transformers/all-MiniLM-L6-v2,0.7,0
Amphicarpaea bracteata,Amphicarpaea sarmentosa,0.6826,not synonym,sentence-transformers/all-MiniLM-L6-v2,0.7,1
Genista stenopetala,Cytiscus stenopetalus,0.3694,not synonym,sentence-transformers/all-MiniLM-L6-v2,0.7,1
Lupinus kunthii,Lupinus microphyllus,0.5539,not synonym,sentence-transformers/all-MiniLM-L6-v2,0.7,1
Acacia lasiocalyx,Racosperma lasiocalyx,0.3931,not synonym,sentence-transformers/all-MiniLM-L6-v2,0.7,1
Lupinus hirsutus,Muraltia brevifolia,0.3089,not synonym,sentence-transformers/all-MiniLM-L6-v2,0.7,0
Badiera virgata,Polygala guantanemana,0.3586,not synonym,sentence-transformers/all-MiniLM-L6-v2,0.7,1
Badiera oblongata,Badiera punctata,0.7023,synonym,sentence-transformers/all-MiniLM-L6-v2,0.7,1
Gastrolobium formosum,Jansonia pimeleoides,0.3578,not synonym,sentence-transformers/all-MiniLM-L6-v2,0.7,1
Inga crassiflora,Inga borealis,0.5552,not synonym,sentence-transformers/all-MiniLM-L6-v2,0.7,0
Ononis biflora,Catocoma myrtifolia,0.1728,not synonym,sentence-transformers/all-MiniLM-L6-v2,0.7,0
Julbernardia pellegriniana,Heistera carnosa,0.4485,not synonym,sentence-transformers/all-MiniLM-L6-v2,0.7,0
Gastrolobium reticulatum,Monnina crotalarioides,0.2554,not synonym,sentence-transformers/all-MiniLM-L6-v2,0.7,0
Millettia xylocarpa,Shuteria siamensis,0.3345,not synonym,sentence-transformers/all-MiniLM-L6-v2,0.7,0
Machaerium inundatum,Machaerium campylothyrsum,0.64,not synonym,sentence-transformers/all-MiniLM-L6-v2,0.7,1
Gonocytisus angulatus,Xanthophyllum excelsum,0.2345,not synonym,sentence-transformers/all-MiniLM-L6-v2,0.7,0
Polygaloides paucifolia,Polygala uniflora,0.6668,not synonym,sentence-transformers/all-MiniLM-L6-v2,0.7,1
Muraltia lancifolia,Lupinus ccorilazensis,0.4818,not synonym,sentence-transformers/all-MiniLM-L6-v2,0.7,0
Aotus ericoides,Pultenaea rosmarinifolia,0.4272,not synonym,sentence-transformers/all-MiniLM-L6-v2,0.7,1
Machaerium brasiliense,Machaerium ciliatum,0.7007,synonym,sentence-transformers/all-MiniLM-L6-v2,0.7,1
Calobota psiloloba,Millettia drastica,0.2355,not synonym,sentence-transformers/all-MiniLM-L6-v2,0.7,0
Acacia lacertensis,Genista triangularis,0.2647,not synonym,sentence-transformers/all-MiniLM-L6-v2,0.7,0
Ougeinia oojeinensis,Dalbergia oojeinensis,0.6314,not synonym,sentence-transformers/all-MiniLM-L6-v2,0.7,1
Eutaxia myrtifolia,Eutaxia baxteri,0.6324,not synonym,sentence-transformers/all-MiniLM-L6-v2,0.7,1
Inga nutans,Mimosa nutans,0.6447,not synonym,sentence-transformers/all-MiniLM-L6-v2,0.7,1
Polygala gayii,Polygala parvula,0.7606,synonym,sentence-transformers/all-MiniLM-L6-v2,0.7,1
Acacia piligera,Acacia setigera,0.7905,synonym,sentence-transformers/all-MiniLM-L6-v2,0.7,1
Inga capitata,Polygala elongata,0.4312,not synonym,sentence-transformers/all-MiniLM-L6-v2,0.7,0
Archidendron hendersonii,Feuilleea hendersonii,0.5744,not synonym,sentence-transformers/all-MiniLM-L6-v2,0.7,1
Polygala serpentaria,Polygala natalensis,0.7535,synonym,sentence-transformers/all-MiniLM-L6-v2,0.7,1
Inga lallensis,Feuilleea quassiifolia,0.266,not synonym,sentence-transformers/all-MiniLM-L6-v2,0.7,0
Calliandra parvifolia,Annesleya parvifolia,0.6666,not synonym,sentence-transformers/all-MiniLM-L6-v2,0.7,1
Muraltia lancifolia,Muraltia pilosa,0.6001,not synonym,sentence-transformers/all-MiniLM-L6-v2,0.7,1
Machaerium uncinatum,Machaerium splendens,0.6733,not synonym,sentence-transformers/all-MiniLM-L6-v2,0.7,1
Securidaca tenuifolia,Geissaspis renieri,0.349,not synonym,sentence-transformers/all-MiniLM-L6-v2,0.7,0
Berlinia grandiflora,Berlinia heudelotiana,0.7234,synonym,sentence-transformers/all-MiniLM-L6-v2,0.7,1
Caamembeca grandifolia,Phaseolodes glaucescens,0.3972,not synonym,sentence-transformers/all-MiniLM-L6-v2,0.7,0
Monnina cuneata,Mimosa reversa,0.4132,not synonym,sentence-transformers/all-MiniLM-L6-v2,0.7,0
Calliandra haematomma,Anneslia haematomma,0.7021,synonym,sentence-transformers/all-MiniLM-L6-v2,0.7,1
Hebecarpa costaricensis,Polygala costaricensis,0.5988,not synonym,sentence-transformers/all-MiniLM-L6-v2,0.7,1
Brachypterum koolgibberah,Deguelia koolgibberah,0.6136,not synonym,sentence-transformers/all-MiniLM-L6-v2,0.7,1
Inga vulpina,Inga rhoifolia,0.4583,not synonym,sentence-transformers/all-MiniLM-L6-v2,0.7,1
Monnina latifolia,Monnina latifolia,1.0,synonym,sentence-transformers/all-MiniLM-L6-v2,0.7,1
Julbernardia globiflora,Lugaion ferox,0.3051,not synonym,sentence-transformers/all-MiniLM-L6-v2,0.7,0
Archidendron triplinervium,Pithecellobium triplinervium,0.4634,not synonym,sentence-transformers/all-MiniLM-L6-v2,0.7,1
Monnina weddelliana,Pteromonnina weddelliana,0.742,synonym,sentence-transformers/all-MiniLM-L6-v2,0.7,1
Lotus jordanii,Miediega gracilis,0.2228,not synonym,sentence-transformers/all-MiniLM-L6-v2,0.7,1
Genista tricuspidata,Machaerium habroneurum,0.1522,not synonym,sentence-transformers/all-MiniLM-L6-v2,0.7,0
Mora oleifera,Dimorphandra oleifera,0.5311,not synonym,sentence-transformers/all-MiniLM-L6-v2,0.7,1
Dysolobium dolichoides,Mucuna recta,0.1275,not synonym,sentence-transformers/all-MiniLM-L6-v2,0.7,1
Monnina densa,Dalea megacarpa,0.4578,not synonym,sentence-transformers/all-MiniLM-L6-v2,0.7,0
Archidendron muellerianum,Brachystegia globiflora,0.2088,not synonym,sentence-transformers/all-MiniLM-L6-v2,0.7,0
Brachypterum scandens,Brachypterum timorense,0.697,not synonym,sentence-transformers/all-MiniLM-L6-v2,0.7,1
Muraltia spinosa,Nylandtia spinosa,0.7023,synonym,sentence-transformers/all-MiniLM-L6-v2,0.7,1
Ononis ramosissima,Ononis picta,0.7178,synonym,sentence-transformers/all-MiniLM-L6-v2,0.7,1
Calliandra surinamensis,Feuilleea tenuiflora,0.2575,not synonym,sentence-transformers/all-MiniLM-L6-v2,0.7,1
Calliandra parviflora,Acacia pachyloma,0.2467,not synonym,sentence-transformers/all-MiniLM-L6-v2,0.7,1
Inga sapindoides,Inga eggersii,0.5954,not synonym,sentence-transformers/all-MiniLM-L6-v2,0.7,1
Chorizema aciculare,Feuilleea bubalina,0.1025,not synonym,sentence-transformers/all-MiniLM-L6-v2,0.7,0
Hippocrepis areolata,Polygala persicariaefolia,0.2804,not synonym,sentence-transformers/all-MiniLM-L6-v2,0.7,0
Erythrostemon placidus,Poinciana placida,0.4243,not synonym,sentence-transformers/all-MiniLM-L6-v2,0.7,1
Calliandra mollissima,Mimosa mollissima,0.6133,not synonym,sentence-transformers/all-MiniLM-L6-v2,0.7,1
Asemeia violacea,Voglera spinosa,0.2858,not synonym,sentence-transformers/all-MiniLM-L6-v2,0.7,0
Ononis minutissima,Ononis juncea,0.7549,synonym,sentence-transformers/all-MiniLM-L6-v2,0.7,1
Comesperma volubile,Krokeria oligoceratos,0.1304,not synonym,sentence-transformers/all-MiniLM-L6-v2,0.7,0
Muraltia rhamnoides,Monnina weberbaueri,0.3605,not synonym,sentence-transformers/all-MiniLM-L6-v2,0.7,0
Moutabea excoriata,Moutabea silvatica,0.7586,synonym,sentence-transformers/all-MiniLM-L6-v2,0.7,1
Lotus berthelotii,Tephrosia oraria,0.3253,not synonym,sentence-transformers/all-MiniLM-L6-v2,0.7,0
Kotschya parvifolia,Polygala pubescens,0.3692,not synonym,sentence-transformers/all-MiniLM-L6-v2,0.7,0
Asemeia mollis,Lalage stipularis,0.4673,not synonym,sentence-transformers/all-MiniLM-L6-v2,0.7,0
Errazurizia benthamii,Parosela benthamii,0.5828,not synonym,sentence-transformers/all-MiniLM-L6-v2,0.7,1
Inga multicaulis,Inga rhabdotocalyx,0.4084,not synonym,sentence-transformers/all-MiniLM-L6-v2,0.7,1
Acacia auronitens,Ononis canescens,0.2446,not synonym,sentence-transformers/all-MiniLM-L6-v2,0.7,0
Amphicarpaea bracteata,Abarema contorta,0.4037,not synonym,sentence-transformers/all-MiniLM-L6-v2,0.7,0
Brachypterum pseudinvolutum,Inga bonplandiana,0.2033,not synonym,sentence-transformers/all-MiniLM-L6-v2,0.7,0
Gastrolobium celsianum,Pithecellobium clypearia,0.5105,not synonym,sentence-transformers/all-MiniLM-L6-v2,0.7,0
Inga cocleensis,Inga brunnescens,0.6604,not synonym,sentence-transformers/all-MiniLM-L6-v2,0.7,1
Calliandra asplenioides,Chorizema ericoides,0.3209,not synonym,sentence-transformers/all-MiniLM-L6-v2,0.7,0
Comesperma calymega,Comesperma tenue,0.5375,not synonym,sentence-transformers/all-MiniLM-L6-v2,0.7,1
Dialium englerianum,Dialium lacourtianum,0.695,not synonym,sentence-transformers/all-MiniLM-L6-v2,0.7,1
Brachypterum scandens,Millettia litoralis,0.1417,not synonym,sentence-transformers/all-MiniLM-L6-v2,0.7,1
Calliandra tweedii,Feuilleea tweedyi,0.6503,not synonym,sentence-transformers/all-MiniLM-L6-v2,0.7,1
Dysolobium pilosum,Nissolia glabrata,0.404,not synonym,sentence-transformers/all-MiniLM-L6-v2,0.7,0
Ononis baetica,Spartium amoenum,0.3266,not synonym,sentence-transformers/all-MiniLM-L6-v2,0.7,0
Millettia entadoides,Derris entadoides,0.7223,synonym,sentence-transformers/all-MiniLM-L6-v2,0.7,1
Genista linifolia,Telinaria linifolia,0.5837,not synonym,sentence-transformers/all-MiniLM-L6-v2,0.7,1
Centrolobium tomentosum,Centrolobium tomentosum,1.0,synonym,sentence-transformers/all-MiniLM-L6-v2,0.7,1
Muraltia capensis,Spartium tridens,0.1982,not synonym,sentence-transformers/all-MiniLM-L6-v2,0.7,0
Securidaca divaricata,Anneslia speciosa,0.3817,not synonym,sentence-transformers/all-MiniLM-L6-v2,0.7,0
Muraltia macroceras,Machaerium acaciifolium,0.3389,not synonym,sentence-transformers/all-MiniLM-L6-v2,0.7,0
Flemingia macrophylla,Polygala grandis,0.4076,not synonym,sentence-transformers/all-MiniLM-L6-v2,0.7,0
Hoffmannseggia drepanocarpa,Eleiotis trifoliata,0.2057,not synonym,sentence-transformers/all-MiniLM-L6-v2,0.7,0
Hebecarpa costaricensis,Polygala hayesii,0.3991,not synonym,sentence-transformers/all-MiniLM-L6-v2,0.7,1
Dimorphandra pennigera,Cytisus tribracteolatus,0.2761,not synonym,sentence-transformers/all-MiniLM-L6-v2,0.7,0
Acacia conspersa,Abarema pauciflora,0.3751,not synonym,sentence-transformers/all-MiniLM-L6-v2,0.7,0
Asemeia violacea,Polygala penaea,0.383,not synonym,sentence-transformers/all-MiniLM-L6-v2,0.7,0
Genista monspessulana,Teline monspessulana,0.5739,not synonym,sentence-transformers/all-MiniLM-L6-v2,0.7,1
Xanthophyllum lanceatum,Carpolobia afzeliana,0.3749,not synonym,sentence-transformers/all-MiniLM-L6-v2,0.7,0
Polygala equisetoides,Polygala nicaeensis,0.7626,synonym,sentence-transformers/all-MiniLM-L6-v2,0.7,0
Lotus hirsutus,Lotus candidus,0.6908,not synonym,sentence-transformers/all-MiniLM-L6-v2,0.7,1
Inga obtusata,Ononis schousboei,0.3048,not synonym,sentence-transformers/all-MiniLM-L6-v2,0.7,0
Calliandra rubescens,Anneslia papillosa,0.2754,not synonym,sentence-transformers/all-MiniLM-L6-v2,0.7,1
Lotus dorycnium,Dorycnium dumulosum,0.6689,not synonym,sentence-transformers/all-MiniLM-L6-v2,0.7,1
Nissolia chacoensis,Kennedia microphylla,0.4773,not synonym,sentence-transformers/all-MiniLM-L6-v2,0.7,0
Genista tenera,Ononis cheiranthoides,0.1434,not synonym,sentence-transformers/all-MiniLM-L6-v2,0.7,0
Eutaxia myrtifolia,Calliandra pallatangensis,0.2771,not synonym,sentence-transformers/all-MiniLM-L6-v2,0.7,0
Muraltia pappeana,Heistera pappeana,0.6046,not synonym,sentence-transformers/all-MiniLM-L6-v2,0.7,1
Archidendron utile,Feuilleea lentiscifolia,0.0669,not synonym,sentence-transformers/all-MiniLM-L6-v2,0.7,0
Archidendron calliandrum,Pithecellobium megaphyllum,0.2379,not synonym,sentence-transformers/all-MiniLM-L6-v2,0.7,1
Hebecarpa barbeyana,Polygala scopulorum,0.21,not synonym,sentence-transformers/all-MiniLM-L6-v2,0.7,1
Flemingia parviflora,Flemingia schultzii,0.6809,not synonym,sentence-transformers/all-MiniLM-L6-v2,0.7,1
Polygala cymosa,Senega wettsteinii,0.2592,not synonym,sentence-transformers/all-MiniLM-L6-v2,0.7,0
Quillaja saponaria,Sciaplea sciap-sciaple,0.146,not synonym,sentence-transformers/all-MiniLM-L6-v2,0.7,0
Muraltia ericoides,Anneslia pallida,0.4735,not synonym,sentence-transformers/all-MiniLM-L6-v2,0.7,0
Glycine max,Phaseolus sordidus,0.1441,not synonym,sentence-transformers/all-MiniLM-L6-v2,0.7,1
Hoffmannseggia glauca,Caesalpinia glauca,0.5434,not synonym,sentence-transformers/all-MiniLM-L6-v2,0.7,1
Lotus edulis,Genista valdes-bermejoi,0.1302,not synonym,sentence-transformers/all-MiniLM-L6-v2,0.7,0
Acacia auriculiformis,Acacia auriculiformis,1.0,synonym,sentence-transformers/all-MiniLM-L6-v2,0.7,1
Inga alternifolia,Lebeckia canescens,0.29,not synonym,sentence-transformers/all-MiniLM-L6-v2,0.7,0
Asemeia grandiflora,Polygala corallicola,0.3885,not synonym,sentence-transformers/all-MiniLM-L6-v2,0.7,1
Inga laevigata,Inga multiflora,0.605,not synonym,sentence-transformers/all-MiniLM-L6-v2,0.7,1
Chesneya intermedia,Macrolobium ogowense,0.2974,not synonym,sentence-transformers/all-MiniLM-L6-v2,0.7,0
Rhamphopetalum microphyllum,Bredemeyera fruticulosa,0.167,not synonym,sentence-transformers/all-MiniLM-L6-v2,0.7,1
Archidendron bigeminum,Pithecellobium monadelphum,0.2543,not synonym,sentence-transformers/all-MiniLM-L6-v2,0.7,1
Ononis adenotricha,Ononis syriaca,0.6615,not synonym,sentence-transformers/all-MiniLM-L6-v2,0.7,1
Acacia cracentis,Acacia elata,0.7969,synonym,sentence-transformers/all-MiniLM-L6-v2,0.7,0
Acacia cochlocarpa,Coelidium spinosum,0.1671,not synonym,sentence-transformers/all-MiniLM-L6-v2,0.7,0
Dahlstedtia araripensis,Polygala rectipilus,0.295,not synonym,sentence-transformers/all-MiniLM-L6-v2,0.7,0
Moutabea guianensis,Acacia puberula,0.3258,not synonym,sentence-transformers/all-MiniLM-L6-v2,0.7,0
Acacia neumanniana,Albizia neumanniana,0.659,not synonym,sentence-transformers/all-MiniLM-L6-v2,0.7,1
Ononis hirta,Dialium soyauxii,0.172,not synonym,sentence-transformers/all-MiniLM-L6-v2,0.7,0
Muraltia depressa,Muraltia depressa,1.0,synonym,sentence-transformers/all-MiniLM-L6-v2,0.7,1
Acacia phlebocarpa,Millettia vankerckoveni,0.2358,not synonym,sentence-transformers/all-MiniLM-L6-v2,0.7,0
Acacia glaucoptera,Cytisus stenopetalus,0.1964,not synonym,sentence-transformers/all-MiniLM-L6-v2,0.7,0
Acacia auronitens,Caamembeca laureola,0.2892,not synonym,sentence-transformers/all-MiniLM-L6-v2,0.7,0
Muraltia lancifolia,Muraltia conferta,0.646,not synonym,sentence-transformers/all-MiniLM-L6-v2,0.7,1
Flemingia grahamiana,Pithecellobium bellum,0.4162,not synonym,sentence-transformers/all-MiniLM-L6-v2,0.7,0
Brachypterum microphyllum,Galactia simplicifolia,0.3566,not synonym,sentence-transformers/all-MiniLM-L6-v2,0.7,0
Millettia psilopetala,Millettia psilopetela,0.9575,synonym,sentence-transformers/all-MiniLM-L6-v2,0.7,1
Amburana cearensis,Lonchocarpus calcaratus,0.364,not synonym,sentence-transformers/all-MiniLM-L6-v2,0.7,0
Genista monspessulana,Lonchocarpus confertiflorus,0.1704,not synonym,sentence-transformers/all-MiniLM-L6-v2,0.7,0
Acacia hakeoides,Inga foliosa,0.218,not synonym,sentence-transformers/all-MiniLM-L6-v2,0.7,0
Inga ruiziana,Polygala floribunda,0.3657,not synonym,sentence-transformers/all-MiniLM-L6-v2,0.7,0
Archidendron sessile,Genista genuensis,0.1538,not synonym,sentence-transformers/all-MiniLM-L6-v2,0.7,0
Millettia piscidia,Galedupa piscidia,0.6592,not synonym,sentence-transformers/all-MiniLM-L6-v2,0.7,1
Moutabea guianensis,Berlinia cabrae,0.2382,not synonym,sentence-transformers/all-MiniLM-L6-v2,0.7,0
Muraltia macroceras,Muraltia macroceras,1.0,synonym,sentence-transformers/all-MiniLM-L6-v2,0.7,1
Ononis crispa,Brachysema praemorsum,0.2476,not synonym,sentence-transformers/all-MiniLM-L6-v2,0.7,0
Badiera penaea,Polygala penaea,0.591,not synonym,sentence-transformers/all-MiniLM-L6-v2,0.7,1
Erythrostemon caudatus,Hoffmannseggia caudata,0.4414,not synonym,sentence-transformers/all-MiniLM-L6-v2,0.7,1
Calliandra angustifolia,Catocoma parviflora,0.1642,not synonym,sentence-transformers/all-MiniLM-L6-v2,0.7,0
Lupinus angustifolius,Nissolia aculeata,0.2934,not synonym,sentence-transformers/all-MiniLM-L6-v2,0.7,0
Dialium polyanthum,Hebeandra fastigiata,0.1963,not synonym,sentence-transformers/all-MiniLM-L6-v2,0.7,0
Ononis pubescens,Ononis pyramidale,0.6587,not synonym,sentence-transformers/all-MiniLM-L6-v2,0.7,1
Cyclopia genistoides,Dorycnium dumulosum,0.241,not synonym,sentence-transformers/all-MiniLM-L6-v2,0.7,0
Inga fastuosa,Inga longituba,0.7331,synonym,sentence-transformers/all-MiniLM-L6-v2,0.7,1
Millettia richardiana,Affonsea edwallii,0.4236,not synonym,sentence-transformers/all-MiniLM-L6-v2,0.7,0
Eysenhardtia polystachya,Feuilleea rubiginosa,0.2789,not synonym,sentence-transformers/all-MiniLM-L6-v2,0.7,0
Muraltia heisteria,Millettia bicolor,0.2746,not synonym,sentence-transformers/all-MiniLM-L6-v2,0.7,0
Millettia drastica,Solori thorelii,0.279,not synonym,sentence-transformers/all-MiniLM-L6-v2,0.7,0
Inga rubiginosa,Monnina peruviana,0.5232,not synonym,sentence-transformers/all-MiniLM-L6-v2,0.7,0
Monnina marginata,Monnina huallagensis,0.6451,not synonym,sentence-transformers/all-MiniLM-L6-v2,0.7,1
Lotus herbaceus,Lotus crantzii,0.6036,not synonym,sentence-transformers/all-MiniLM-L6-v2,0.7,1
Lotus edulis,Krokeria oligoceratos,0.1998,not synonym,sentence-transformers/all-MiniLM-L6-v2,0.7,1
Hoffmannseggia intricata,Nemcia parviflora,0.3596,not synonym,sentence-transformers/all-MiniLM-L6-v2,0.7,0
Calliandra belizensis,Notospartium exsul,-0.0465,not synonym,sentence-transformers/all-MiniLM-L6-v2,0.7,0
Gastrolobium bracteolosum,Cupulanthus bracteolosus,0.5667,not synonym,sentence-transformers/all-MiniLM-L6-v2,0.7,1
Machaerium villosum,Anil medicaginea,0.199,not synonym,sentence-transformers/all-MiniLM-L6-v2,0.7,0
Archidendron quocense,Pithecellobium quocense,0.4652,not synonym,sentence-transformers/all-MiniLM-L6-v2,0.7,1
Errazurizia multifoliolata,Millettia polyphylla,0.3589,not synonym,sentence-transformers/all-MiniLM-L6-v2,0.7,0
Millettia pulchra,Lotus secundiflorus,0.3415,not synonym,sentence-transformers/all-MiniLM-L6-v2,0.7,0
Chesneya gansuensis,Chesniella gansuensis,0.8415,synonym,sentence-transformers/all-MiniLM-L6-v2,0.7,1
Lupinus angustifolius,Lupinus varius,0.7552,synonym,sentence-transformers/all-MiniLM-L6-v2,0.7,1
Kotschya strobilantha,Mullaghera conjugata,0.3801,not synonym,sentence-transformers/all-MiniLM-L6-v2,0.7,0
Cyclopia buxifolia,Genista buxifolia,0.5559,not synonym,sentence-transformers/all-MiniLM-L6-v2,0.7,1
Cyclopia galioides,Sophora galioides,0.5871,not synonym,sentence-transformers/all-MiniLM-L6-v2,0.7,1
Amblygonocarpus andongensis,Machaerium bondaen,0.1922,not synonym,sentence-transformers/all-MiniLM-L6-v2,0.7,0
Erythrostemon calycinus,Whitfordiodendron taiwanianum,0.2385,not synonym,sentence-transformers/all-MiniLM-L6-v2,0.7,0
Inga pedunculata,Polygala nimborum,0.4182,not synonym,sentence-transformers/all-MiniLM-L6-v2,0.7,0
Monnina macrostachya,Monnina weberbaueri,0.6177,not synonym,sentence-transformers/all-MiniLM-L6-v2,0.7,1
Muraltia acicularis,Dialium selvestre,0.1097,not synonym,sentence-transformers/all-MiniLM-L6-v2,0.7,0
Asemeia acuminata,Chamaesparton pilosum,0.3925,not synonym,sentence-transformers/all-MiniLM-L6-v2,0.7,0
Hippocrepis comosa,Coronilla comosa,0.5583,not synonym,sentence-transformers/all-MiniLM-L6-v2,0.7,1
Lotus dorycnium,Phaseolodes fruticosum,0.2282,not synonym,sentence-transformers/all-MiniLM-L6-v2,0.7,0
Mora oleifera,Monnina longifolia,0.3586,not synonym,sentence-transformers/all-MiniLM-L6-v2,0.7,0
Xanthophyllum obscurum,Elsota chrysotricha,0.3314,not synonym,sentence-transformers/all-MiniLM-L6-v2,0.7,0
Calliandra asplenioides,Muraltia laxa,0.1951,not synonym,sentence-transformers/all-MiniLM-L6-v2,0.7,0
Humularia drepanocephala,Chaetocalyx paucifolius,0.4239,not synonym,sentence-transformers/all-MiniLM-L6-v2,0.7,0
Echinospartum horridum,Elsota coriacea,0.4004,not synonym,sentence-transformers/all-MiniLM-L6-v2,0.7,0
Calobota pungens,Racosperma cremiflorum,0.1983,not synonym,sentence-transformers/all-MiniLM-L6-v2,0.7,0
Archidendron kinubaluense,Dialium kasaiense,0.2065,not synonym,sentence-transformers/all-MiniLM-L6-v2,0.7,0
Acacia conspersa,Racosperma conspersum,0.4068,not synonym,sentence-transformers/all-MiniLM-L6-v2,0.7,1
Hippocrepis emerus,Mimosa coruscans,0.2683,not synonym,sentence-transformers/all-MiniLM-L6-v2,0.7,0
Muraltia crassifolia,Heisteria crassifolia,0.652,not synonym,sentence-transformers/all-MiniLM-L6-v2,0.7,1
Machaerium pedicellatum,Machaerium scleroxylum,0.5806,not synonym,sentence-transformers/all-MiniLM-L6-v2,0.7,1
Lupinus nanus,Lupinus odoratus,0.6584,not synonym,sentence-transformers/all-MiniLM-L6-v2,0.7,1
Amphicarpaea ferruginea,Shuteria anomala,0.3684,not synonym,sentence-transformers/all-MiniLM-L6-v2,0.7,1
Asemeia grandiflora,Asemeia miamiensis,0.6799,not synonym,sentence-transformers/all-MiniLM-L6-v2,0.7,1
Kotschya africana,Calliandra densifolia,0.3109,not synonym,sentence-transformers/all-MiniLM-L6-v2,0.7,0
Lotus maritimus,Polygala asperuloides,0.3206,not synonym,sentence-transformers/all-MiniLM-L6-v2,0.7,0
Polygala cneorum,Senega cneorum,0.4988,not synonym,sentence-transformers/all-MiniLM-L6-v2,0.7,1
Gastrolobium axillare,Nemcia axillaris,0.5122,not synonym,sentence-transformers/all-MiniLM-L6-v2,0.7,1
Archidendron bigeminum,Feuilleea championii,0.2307,not synonym,sentence-transformers/all-MiniLM-L6-v2,0.7,0
Salomonia ciliata,Pongamia angustifolia,0.407,not synonym,sentence-transformers/all-MiniLM-L6-v2,0.7,0
Polygala rosea,Inga guentheri,0.3517,not synonym,sentence-transformers/all-MiniLM-L6-v2,0.7,0
Humularia rosea,Brachypterum polyphyllum,0.2681,not synonym,sentence-transformers/all-MiniLM-L6-v2,0.7,0
Genista micrantha,Genista tenella,0.742,synonym,sentence-transformers/all-MiniLM-L6-v2,0.7,1
Gilbertiodendron dewevrei,Macrolobium dewevrei,0.5599,not synonym,sentence-transformers/all-MiniLM-L6-v2,0.7,1
Archidendron pachycarpum,Archidendron pachycarpum,1.0,synonym,sentence-transformers/all-MiniLM-L6-v2,0.7,1
Hebecarpa macradenia,Polygala glandulosopilosa,0.2895,not synonym,sentence-transformers/all-MiniLM-L6-v2,0.7,1
Ononis orygalis,Cylindrokelupha robinsonii,0.4337,not synonym,sentence-transformers/all-MiniLM-L6-v2,0.7,0
Mundulea barclayi,Mundulea barclayi,1.0,synonym,sentence-transformers/all-MiniLM-L6-v2,0.7,1
Archidendron contortum,Inga contorta,0.4015,not synonym,sentence-transformers/all-MiniLM-L6-v2,0.7,1
Brya ebenus,Poincianella caladenia,0.3189,not synonym,sentence-transformers/all-MiniLM-L6-v2,0.7,0
Polygala equisetoides,Muraltia rupestris,0.297,not synonym,sentence-transformers/all-MiniLM-L6-v2,0.7,0
Muraltia spinosa,Feuilleea bicolor,0.3034,not synonym,sentence-transformers/all-MiniLM-L6-v2,0.7,0
Carmichaelia torulosa,Racosperma blakelyi,0.3507,not synonym,sentence-transformers/all-MiniLM-L6-v2,0.7,0
Lotus herbaceus,Dorycnium germanicum,0.3482,not synonym,sentence-transformers/all-MiniLM-L6-v2,0.7,0
Ononis natrix,Anonis natrix,0.6647,not synonym,sentence-transformers/all-MiniLM-L6-v2,0.7,1
Flemingia trifoliata,Phaseoloides fruticosum,0.419,not synonym,sentence-transformers/all-MiniLM-L6-v2,0.7,0
Ononis arvensis,Anonis arvensis,0.6224,not synonym,sentence-transformers/all-MiniLM-L6-v2,0.7,1
Millettia pachycarpa,Monnina media,0.2963,not synonym,sentence-transformers/all-MiniLM-L6-v2,0.7,0
Xanthophyllum urophyllum,Xanthophyllum urophyllum,1.0,synonym,sentence-transformers/all-MiniLM-L6-v2,0.7,1
Archidendron havilandii,Pongamia fruticosa,0.1479,not synonym,sentence-transformers/all-MiniLM-L6-v2,0.7,0
Polygala calcarea,Polygala timbalii,0.7652,synonym,sentence-transformers/all-MiniLM-L6-v2,0.7,1
Asemeia violacea,Polygala cineraria,0.3494,not synonym,sentence-transformers/all-MiniLM-L6-v2,0.7,1
Hoffmannseggia eremophila,Callistachys cuneata,0.2312,not synonym,sentence-transformers/all-MiniLM-L6-v2,0.7,0
Genista germanica,Wiborgia spinosa,0.2629,not synonym,sentence-transformers/all-MiniLM-L6-v2,0.7,0
Millettia pachycarpa,Whitfordiodendron taiwanianum,0.3352,not synonym,sentence-transformers/all-MiniLM-L6-v2,0.7,1
Betencourtia martii,Clitoria angustifolia,0.3359,not synonym,sentence-transformers/all-MiniLM-L6-v2,0.7,1
Monnina macrostachya,Monnina arenicola,0.6585,not synonym,sentence-transformers/all-MiniLM-L6-v2,0.7,1
Hebecarpa barbeyana,Polygala racemosa,0.2173,not synonym,sentence-transformers/all-MiniLM-L6-v2,0.7,1
Monnina celastroides,Galactia australis,0.3405,not synonym,sentence-transformers/all-MiniLM-L6-v2,0.7,0
Lotus maritimus,Atroxima congolana,0.2931,not synonym,sentence-transformers/all-MiniLM-L6-v2,0.7,0
Lupinus andersonii,Hoffmanseggia glauca,0.3719,not synonym,sentence-transformers/all-MiniLM-L6-v2,0.7,0
Nissolia vincentina,Glycine vincentina,0.633,not synonym,sentence-transformers/all-MiniLM-L6-v2,0.7,1
Archidendron kunstleri,Polygala caripensis,0.0856,not synonym,sentence-transformers/all-MiniLM-L6-v2,0.7,0
Machaerium incorruptibile,Tipuana mucronata,0.0925,not synonym,sentence-transformers/all-MiniLM-L6-v2,0.7,1
Calliandra virgata,Securidaca major,0.2591,not synonym,sentence-transformers/all-MiniLM-L6-v2,0.7,0
Inga acreana,Inga myriocephala,0.4578,not synonym,sentence-transformers/all-MiniLM-L6-v2,0.7,1
Kotschya stolonifera,Inga brachystachya,0.3939,not synonym,sentence-transformers/all-MiniLM-L6-v2,0.7,0
Apios carnea,Calliandra hymenaeodes,0.1747,not synonym,sentence-transformers/all-MiniLM-L6-v2,0.7,0
Genista patens,Machaerium vellozianum,0.2205,not synonym,sentence-transformers/all-MiniLM-L6-v2,0.7,0
Millettia caerulea,Emerus thurberi,0.3425,not synonym,sentence-transformers/all-MiniLM-L6-v2,0.7,0
Machaerium glabrum,Polygala mixta,0.2296,not synonym,sentence-transformers/all-MiniLM-L6-v2,0.7,0
Muraltia ericoides,Polygala ericoides,0.6691,not synonym,sentence-transformers/all-MiniLM-L6-v2,0.7,1
Hippocrepis biflora,Lotus carmeli,0.2441,not synonym,sentence-transformers/all-MiniLM-L6-v2,0.7,0
Amphicarpaea bracteata,Lobomon obtusifolium,0.3394,not synonym,sentence-transformers/all-MiniLM-L6-v2,0.7,1
Glycine monantha,Glycine monantha,1.0,synonym,sentence-transformers/all-MiniLM-L6-v2,0.7,1
Brachypterum submontanum,Derris submontana,0.4273,not synonym,sentence-transformers/all-MiniLM-L6-v2,0.7,1
Berlinia grandiflora,Polygala buxifolia,0.2946,not synonym,sentence-transformers/all-MiniLM-L6-v2,0.7,0
Ononis arvensis,Ononis mitis,0.6848,not synonym,sentence-transformers/all-MiniLM-L6-v2,0.7,1
Pedrosia bertholetii,Pedrosia bertholetii,1.0,synonym,sentence-transformers/all-MiniLM-L6-v2,0.7,1
Ononis pallida,Anneslia haematocephala,0.2904,not synonym,sentence-transformers/all-MiniLM-L6-v2,0.7,0
Asemeia grandiflora,Polygala cubensis,0.3215,not synonym,sentence-transformers/all-MiniLM-L6-v2,0.7,1
Securidaca coriacea,Securidaca mollis,0.7436,synonym,sentence-transformers/all-MiniLM-L6-v2,0.7,1
Comesperma nudiusculum,Dalea mutifoliata,0.2752,not synonym,sentence-transformers/all-MiniLM-L6-v2,0.7,0
Collaea stenophylla,Galactia stenophylla,0.7143,synonym,sentence-transformers/all-MiniLM-L6-v2,0.7,1
Aphanocalyx microphyllus,Monopetalanthus microphyllus,0.5076,not synonym,sentence-transformers/all-MiniLM-L6-v2,0.7,1
Genista micrantha,Racosperma auricomum,0.1617,not synonym,sentence-transformers/all-MiniLM-L6-v2,0.7,0
Brachypterum scandens,Dalbergia venusta,0.1497,not synonym,sentence-transformers/all-MiniLM-L6-v2,0.7,1
Genista brutia,Albizia cordifolia,0.2166,not synonym,sentence-transformers/all-MiniLM-L6-v2,0.7,0
Inga stipulacea,Feuilleea stipulacea,0.6383,not synonym,sentence-transformers/all-MiniLM-L6-v2,0.7,1
Berlinia sapinii,Galedupa piscidia,0.2234,not synonym,sentence-transformers/all-MiniLM-L6-v2,0.7,0
Millettia grandis,Racosperma lentigineum,0.2414,not synonym,sentence-transformers/all-MiniLM-L6-v2,0.7,0
Machaerium uncinatum,Lotus montanus,0.2573,not synonym,sentence-transformers/all-MiniLM-L6-v2,0.7,0
Millettia sericea,Dalbergia barclayi,0.4823,not synonym,sentence-transformers/all-MiniLM-L6-v2,0.7,0
Lotus ornithopodioides,Anil welwitschii,0.1699,not synonym,sentence-transformers/all-MiniLM-L6-v2,0.7,0
Bredemeyera disperma,Bredemeyera sellowii,0.6236,not synonym,sentence-transformers/all-MiniLM-L6-v2,0.7,1
Dialium bipindense,Phaseoloides glaucescens,0.2384,not synonym,sentence-transformers/all-MiniLM-L6-v2,0.7,0
Erythrostemon exilifolius,Caesalpinia coulterioides,0.3155,not synonym,sentence-transformers/all-MiniLM-L6-v2,0.7,0
Muraltia lancifolia,Hoffmannseggia demissa,0.1544,not synonym,sentence-transformers/all-MiniLM-L6-v2,0.7,0
Eutaxia neurocalyx,Pultenaea neurocalyx,0.6501,not synonym,sentence-transformers/all-MiniLM-L6-v2,0.7,1
Calliandra parviflora,Feuilleea pachyloma,0.2845,not synonym,sentence-transformers/all-MiniLM-L6-v2,0.7,1
Ononis tridentata,Cyclopia genistoides,0.1029,not synonym,sentence-transformers/all-MiniLM-L6-v2,0.7,0
Brachypterum thorelii,Millettia thorelii,0.4502,not synonym,sentence-transformers/all-MiniLM-L6-v2,0.7,1
Ononis pedicellaris,Uraria esquirolii,0.3584,not synonym,sentence-transformers/all-MiniLM-L6-v2,0.7,0
Monnina pittieri,Monnina blakeana,0.6638,not synonym,sentence-transformers/all-MiniLM-L6-v2,0.7,1
Asemeia ovata,Polygala marajoara,0.4769,not synonym,sentence-transformers/all-MiniLM-L6-v2,0.7,1
Polygala equisetoides,Dorycnium fruticosum,0.1639,not synonym,sentence-transformers/all-MiniLM-L6-v2,0.7,0
Flemingia macrophylla,Moghania philippinensis,0.4327,not synonym,sentence-transformers/all-MiniLM-L6-v2,0.7,1
Epirixanthes elongata,Calliandra angustifolia,0.2968,not synonym,sentence-transformers/all-MiniLM-L6-v2,0.7,0
Asemeia grandiflora,Polygala grandiflora,0.6264,not synonym,sentence-transformers/all-MiniLM-L6-v2,0.7,1
Amburana cearensis,Rigiostachys bracteata,0.3491,not synonym,sentence-transformers/all-MiniLM-L6-v2,0.7,0
Flemingia semialata,Abarema baucheri,0.3057,not synonym,sentence-transformers/all-MiniLM-L6-v2,0.7,0
Acacia nigripilosa,Racosperma nigripilosum,0.4092,not synonym,sentence-transformers/all-MiniLM-L6-v2,0.7,1
Lotus argyrodes,Lotus argenteus,0.6364,not synonym,sentence-transformers/all-MiniLM-L6-v2,0.7,1
Bossiaea eriocarpa,Bossiaea nervosa,0.7416,synonym,sentence-transformers/all-MiniLM-L6-v2,0.7,1
Securidaca pendula,Elsota complicata,0.4659,not synonym,sentence-transformers/all-MiniLM-L6-v2,0.7,1
Hoita strobilina,Crotalaria caerulea,0.2587,not synonym,sentence-transformers/all-MiniLM-L6-v2,0.7,0
Gastrolobium oxylobioides,Millettia gentilii,0.0509,not synonym,sentence-transformers/all-MiniLM-L6-v2,0.7,0
Salomonia ciliata,Inga tubaeformis,0.3264,not synonym,sentence-transformers/all-MiniLM-L6-v2,0.7,0
Aotus ericoides,Carpolobia zenkeri,0.3698,not synonym,sentence-transformers/all-MiniLM-L6-v2,0.7,0
Gastrolobium heterophyllum,Inga setifera,0.1204,not synonym,sentence-transformers/all-MiniLM-L6-v2,0.7,0
Erythrostemon placidus,Collaea scarlatina,0.1989,not synonym,sentence-transformers/all-MiniLM-L6-v2,0.7,0
Genista pilosa,Chamaesparton pilosum,0.4325,not synonym,sentence-transformers/all-MiniLM-L6-v2,0.7,1
Chesneya ternata,Moghania tomentosa,0.4308,not synonym,sentence-transformers/all-MiniLM-L6-v2,0.7,0
Caamembeca andina,Hansemannia aruensis,0.1965,not synonym,sentence-transformers/all-MiniLM-L6-v2,0.7,0
Acacia loxophylla,Racosperma loxophyllum,0.46,not synonym,sentence-transformers/all-MiniLM-L6-v2,0.7,1
Hanslia ormocarpoides,Pithecellobium muellerianum,0.4121,not synonym,sentence-transformers/all-MiniLM-L6-v2,0.7,0
Gilbertiodendron grandiflorum,Macrolobium grandiflorum,0.6237,not synonym,sentence-transformers/all-MiniLM-L6-v2,0.7,1
Errazurizia multifoliolata,Dalea multifoliata,0.304,not synonym,sentence-transformers/all-MiniLM-L6-v2,0.7,1
Calobota cytisoides,Lebeckia capensis,0.3067,not synonym,sentence-transformers/all-MiniLM-L6-v2,0.7,1
Ononis spinosa,Ononis spinosiformis,0.7304,synonym,sentence-transformers/all-MiniLM-L6-v2,0.7,1
Carmichaelia australis,Polygala mundiana,0.3939,not synonym,sentence-transformers/all-MiniLM-L6-v2,0.7,0
Muraltia satureioides,Securidaca decora,0.246,not synonym,sentence-transformers/all-MiniLM-L6-v2,0.7,0
Glycine dalbergioides,Securidaca capparidifolia,0.3003,not synonym,sentence-transformers/all-MiniLM-L6-v2,0.7,0
Muraltia divaricata,Oryxis monticola,0.4191,not synonym,sentence-transformers/all-MiniLM-L6-v2,0.7,0
Inga uraguensis,Entada scelerata,0.3896,not synonym,sentence-transformers/all-MiniLM-L6-v2,0.7,0
Archidendron bubalinum,Polygala cowellii,0.3024,not synonym,sentence-transformers/all-MiniLM-L6-v2,0.7,0
Genista linifolia,Isodesmia tomentosa,0.2596,not synonym,sentence-transformers/all-MiniLM-L6-v2,0.7,0
Ancistrotropis peduncularis,Ebenidium pogonotropis,0.4356,not synonym,sentence-transformers/all-MiniLM-L6-v2,0.7,0
Decorsea schlechteri,Inga capsellata,0.2563,not synonym,sentence-transformers/all-MiniLM-L6-v2,0.7,0
Asemeia floribunda,Polygala floribunda,0.7195,synonym,sentence-transformers/all-MiniLM-L6-v2,0.7,1
Machaerium debile,Machaerium eriostemon,0.7624,synonym,sentence-transformers/all-MiniLM-L6-v2,0.7,1
Glycine max,Glycine formosa,0.6823,not synonym,sentence-transformers/all-MiniLM-L6-v2,0.7,1
Bossiaea eriocarpa,Bossiaea ovalifolia,0.6628,not synonym,sentence-transformers/all-MiniLM-L6-v2,0.7,1
Gastrolobium ilicifolium,Poinciana melanadenia,0.3235,not synonym,sentence-transformers/all-MiniLM-L6-v2,0.7,0
Lotus subbiflorus,Spartium sagittale,0.2113,not synonym,sentence-transformers/all-MiniLM-L6-v2,0.7,0
Dysolobium dolichoides,Nissolia arborea,0.3344,not synonym,sentence-transformers/all-MiniLM-L6-v2,0.7,0
Calliandra hirsuta,Racosperma loxophyllum,0.2542,not synonym,sentence-transformers/all-MiniLM-L6-v2,0.7,0
Julbernardia seretii,Genista acutiflora,0.3195,not synonym,sentence-transformers/all-MiniLM-L6-v2,0.7,0
Machaerium robiniifolium,Nissolia robiniifolia,0.5701,not synonym,sentence-transformers/all-MiniLM-L6-v2,0.7,1
Securidaca lanceolata,Cytisus tridentatus,0.2938,not synonym,sentence-transformers/all-MiniLM-L6-v2,0.7,0
Neoapaloxylon tuberosum,Cyclolobium hostmannii,0.2228,not synonym,sentence-transformers/all-MiniLM-L6-v2,0.7,0
Machaerium ferox,Drepanocarpus ferox,0.4791,not synonym,sentence-transformers/all-MiniLM-L6-v2,0.7,1
Brachypterum robustum,Collaea pedicellatum,0.1689,not synonym,sentence-transformers/all-MiniLM-L6-v2,0.7,0
Inga rubiginosa,Planarium latisiliquum,0.1855,not synonym,sentence-transformers/all-MiniLM-L6-v2,0.7,0
Gymnospora violoides,Polygala violoides,0.6627,not synonym,sentence-transformers/all-MiniLM-L6-v2,0.7,1
Padbruggea dasyphylla,Millettia dasyphylla,0.625,not synonym,sentence-transformers/all-MiniLM-L6-v2,0.7,1
Caamembeca spectabilis,Monnina chanduyensis,0.3487,not synonym,sentence-transformers/all-MiniLM-L6-v2,0.7,0
Hippocrepis scorpioides,Ononis glandulifera,0.2789,not synonym,sentence-transformers/all-MiniLM-L6-v2,0.7,0
Lotus pedunculatus,Maughania tuberosa,0.3647,not synonym,sentence-transformers/all-MiniLM-L6-v2,0.7,0
Polygaloides balansae,Chamaebuxus balansae,0.6162,not synonym,sentence-transformers/all-MiniLM-L6-v2,0.7,1
Millettia richardiana,Neodunnia edentata,0.3618,not synonym,sentence-transformers/all-MiniLM-L6-v2,0.7,1
Ononis arvensis,Ononis inermis,0.7421,synonym,sentence-transformers/all-MiniLM-L6-v2,0.7,1
Monnina crassifolia,Archidendron chrysocarpum,0.3035,not synonym,sentence-transformers/all-MiniLM-L6-v2,0.7,0
Errazurizia multifoliolata,Smithia perrieri,0.2433,not synonym,sentence-transformers/all-MiniLM-L6-v2,0.7,0
Rhinotropis californica,Millettia psilopetela,0.2587,not synonym,sentence-transformers/all-MiniLM-L6-v2,0.7,0
Comesperma ericinum,Comesperma coridifolium,0.6021,not synonym,sentence-transformers/all-MiniLM-L6-v2,0.7,1
Polygaloides paucifolia,Genista holopetala,0.1911,not synonym,sentence-transformers/all-MiniLM-L6-v2,0.7,0
Lotus aegaeus,Chorizema capillipes,0.0909,not synonym,sentence-transformers/all-MiniLM-L6-v2,0.7,0
Gilbertiodendron demonstrans,Dialium staudtii,0.2137,not synonym,sentence-transformers/all-MiniLM-L6-v2,0.7,0
Mundulea barclayi,Mundulea densicoma,0.4246,not synonym,sentence-transformers/all-MiniLM-L6-v2,0.7,1
Muraltia rubeacea,Cytisanthus aetnensis,0.215,not synonym,sentence-transformers/all-MiniLM-L6-v2,0.7,0
Gilbertiodendron ogowense,Macrolobium bambolense,0.288,not synonym,sentence-transformers/all-MiniLM-L6-v2,0.7,1
Asemeia floribunda,Glycine andersoni,0.2357,not synonym,sentence-transformers/all-MiniLM-L6-v2,0.7,0
Lotus loweanus,Scottia aquifolium,0.313,not synonym,sentence-transformers/all-MiniLM-L6-v2,0.7,0
Dialium guineense,Securidaca macrophylla,0.1583,not synonym,sentence-transformers/all-MiniLM-L6-v2,0.7,0
Quillaja saponaria,Dorycnium plantagineum,0.2316,not synonym,sentence-transformers/all-MiniLM-L6-v2,0.7,0
Archidendron oppositum,Inga odoratissima,0.2416,not synonym,sentence-transformers/all-MiniLM-L6-v2,0.7,0
Genista dracunculoides,Hebecarpa longa,0.1412,not synonym,sentence-transformers/all-MiniLM-L6-v2,0.7,0
Calliandra humilis,Inga amazonica,0.2552,not synonym,sentence-transformers/all-MiniLM-L6-v2,0.7,0
Chesneya macrantha,Chesniella macrantha,0.865,synonym,sentence-transformers/all-MiniLM-L6-v2,0.7,1
Genista stenopetala,Aspalathus ebenus,0.2184,not synonym,sentence-transformers/all-MiniLM-L6-v2,0.7,0
Gilbertiodendron grandiflorum,Ortholobium bubalinum,0.4322,not synonym,sentence-transformers/all-MiniLM-L6-v2,0.7,0
Dysolobium dolichoides,Tetragonolobus bouteloui,0.3926,not synonym,sentence-transformers/all-MiniLM-L6-v2,0.7,0
Heterostemon conjugatus,Monopetalanthus hedinii,0.3976,not synonym,sentence-transformers/all-MiniLM-L6-v2,0.7,0
Carmichaelia arborea,Achyronia arborea,0.6801,not synonym,sentence-transformers/all-MiniLM-L6-v2,0.7,1
Microcharis microcharoides,Hippocrepis balearica,0.3271,not synonym,sentence-transformers/all-MiniLM-L6-v2,0.7,0
Lupinus magnistipulatus,Lupinus setifolius,0.7515,synonym,sentence-transformers/all-MiniLM-L6-v2,0.7,1
Gastrolobium dilatatum,Oxylobium cuneatum,0.4924,not synonym,sentence-transformers/all-MiniLM-L6-v2,0.7,1
Muraltia satureioides,Muraltia conferta,0.6204,not synonym,sentence-transformers/all-MiniLM-L6-v2,0.7,1
Librevillea klainei,Brachystegia klainei,0.4611,not synonym,sentence-transformers/all-MiniLM-L6-v2,0.7,1
Amphicarpaea bracteata,Leptolobium microphyllum,0.3209,not synonym,sentence-transformers/all-MiniLM-L6-v2,0.7,0
Inga ruiziana,Mundia ecklonii,0.4681,not synonym,sentence-transformers/all-MiniLM-L6-v2,0.7,0
Genista ferox,Acacia undulata,0.0735,not synonym,sentence-transformers/all-MiniLM-L6-v2,0.7,0
Acacia arida,Racosperma aridum,0.5057,not synonym,sentence-transformers/all-MiniLM-L6-v2,0.7,1
Monnina polystachya,Ononis quinata,0.3619,not synonym,sentence-transformers/all-MiniLM-L6-v2,0.7,0
Polygala myriantha,Geissaspis princei,0.4065,not synonym,sentence-transformers/all-MiniLM-L6-v2,0.7,0
Flemingia strobilifera,Hedysarum celtifolium,0.3762,not synonym,sentence-transformers/all-MiniLM-L6-v2,0.7,1
Machaerium villosum,Machaerium lanatum,0.7122,synonym,sentence-transformers/all-MiniLM-L6-v2,0.7,1
Muraltia rubeacea,Muraltia angulosa,0.7147,synonym,sentence-transformers/all-MiniLM-L6-v2,0.7,0
Acanthocladus brasiliensis,Mundia brasiliensis,0.5696,not synonym,sentence-transformers/all-MiniLM-L6-v2,0.7,1
Lotus conjugatus,Macrolobium unijugum,0.261,not synonym,sentence-transformers/all-MiniLM-L6-v2,0.7,0
Brya leonensis,Brya leonensis,1.0,synonym,sentence-transformers/all-MiniLM-L6-v2,0.7,1
Genista longipes,Monnina crotalariaefolia,0.1909,not synonym,sentence-transformers/all-MiniLM-L6-v2,0.7,0
Ononis pubescens,Acacia papuliformis,0.3631,not synonym,sentence-transformers/all-MiniLM-L6-v2,0.7,0
Calophaca wolgarica,Cytisus wolgaricus,0.3767,not synonym,sentence-transformers/all-MiniLM-L6-v2,0.7,1
Epirixanthes elongata,Monnina andreana,0.3077,not synonym,sentence-transformers/all-MiniLM-L6-v2,0.7,0
Diphysa americana,Diphysa robinioides,0.6369,not synonym,sentence-transformers/all-MiniLM-L6-v2,0.7,1
Lotus axilliflorus,Dorycnium axilliflorum,0.5748,not synonym,sentence-transformers/all-MiniLM-L6-v2,0.7,1
Barnhartia floribunda,Chesneya vesiculifera,0.3161,not synonym,sentence-transformers/all-MiniLM-L6-v2,0.7,0
Gastrolobium praemorsum,Brachysema praemorsum,0.6105,not synonym,sentence-transformers/all-MiniLM-L6-v2,0.7,1
Delonix tomentosa,Feuilleea vulpina,0.246,not synonym,sentence-transformers/all-MiniLM-L6-v2,0.7,0
Archidendron alternifoliolatum,Polygala ovata,0.2666,not synonym,sentence-transformers/all-MiniLM-L6-v2,0.7,0
Archidendron palauense,Feuilleea laxiflora,0.0963,not synonym,sentence-transformers/all-MiniLM-L6-v2,0.7,1
Calliandra eriophylla,Calliandra conferta,0.627,not synonym,sentence-transformers/all-MiniLM-L6-v2,0.7,1
Gonocytisus angulatus,Albizia chevalieri,0.165,not synonym,sentence-transformers/all-MiniLM-L6-v2,0.7,0
Hoffmannseggia humilis,Feuilleea aeschynomenoides,0.2711,not synonym,sentence-transformers/all-MiniLM-L6-v2,0.7,0
Comesperma calymega,Comesperma herbaceum,0.601,not synonym,sentence-transformers/all-MiniLM-L6-v2,0.7,1
Lotus palustris,Genista lusitanica,0.2353,not synonym,sentence-transformers/all-MiniLM-L6-v2,0.7,0
Hoita macrostachya,Caesalpinia cubensis,0.3183,not synonym,sentence-transformers/all-MiniLM-L6-v2,0.7,0
Ononis tridentata,Lotus judaicus,0.3356,not synonym,sentence-transformers/all-MiniLM-L6-v2,0.7,0
Acacia decora,Racosperma caleyi,0.2204,not synonym,sentence-transformers/all-MiniLM-L6-v2,0.7,1
Millettia zechiana,Nylandtia spinosa,0.422,not synonym,sentence-transformers/all-MiniLM-L6-v2,0.7,0
Gastrolobium whicherense,Gastrolobium whicherensis,0.8528,synonym,sentence-transformers/all-MiniLM-L6-v2,0.7,1
Genista tenera,Genista gracilis,0.7679,synonym,sentence-transformers/all-MiniLM-L6-v2,0.7,1
Ebenus cretica,Bugranopsis mitissima,0.3596,not synonym,sentence-transformers/all-MiniLM-L6-v2,0.7,0
Inga fastuosa,Inga guaremalensis,0.4873,not synonym,sentence-transformers/all-MiniLM-L6-v2,0.7,1
Genista paivae,Teline paivae,0.5803,not synonym,sentence-transformers/all-MiniLM-L6-v2,0.7,1
Dialium pentandrum,Dialium pentandrum,1.0,synonym,sentence-transformers/all-MiniLM-L6-v2,0.7,1
Archidendron clypearia,Cylindrokelupha laoticum,0.2745,not synonym,sentence-transformers/all-MiniLM-L6-v2,0.7,0
Nissolia vincentina,Spartium cytisoides,0.2192,not synonym,sentence-transformers/all-MiniLM-L6-v2,0.7,0
Securidaca divaricata,Securidaca volubilis,0.8278,synonym,sentence-transformers/all-MiniLM-L6-v2,0.7,1
Cyclopia sessiliflora,Cyclopia brachypoda,0.5524,not synonym,sentence-transformers/all-MiniLM-L6-v2,0.7,1
Securidaca lateralis,Macrolobium talbotii,0.1878,not synonym,sentence-transformers/all-MiniLM-L6-v2,0.7,0
Machaerium lunatum,Bredemeyera praecelsa,0.2931,not synonym,sentence-transformers/all-MiniLM-L6-v2,0.7,0
Archidendron xichouense,Lotus argolicus,0.2245,not synonym,sentence-transformers/all-MiniLM-L6-v2,0.7,0
Betencourtia scarlatina,Polygala macroloncha,0.4137,not synonym,sentence-transformers/all-MiniLM-L6-v2,0.7,0
Calliandra juzepczukii,Calliandra obesiflora,0.5915,not synonym,sentence-transformers/all-MiniLM-L6-v2,0.7,1
Ancistrotropis clitorioides,Polygala warmingiana,0.2769,not synonym,sentence-transformers/all-MiniLM-L6-v2,0.7,0
Dialium guianense,Dialium floribundum,0.5856,not synonym,sentence-transformers/all-MiniLM-L6-v2,0.7,1
Comesperma virgatum,Comesperma contractum,0.6559,not synonym,sentence-transformers/all-MiniLM-L6-v2,0.7,1
Acacia cyclops,Hebeandra phillyreoides,0.3658,not synonym,sentence-transformers/all-MiniLM-L6-v2,0.7,0
Gastrolobium ebracteolatum,Callistachys parviflora,0.2768,not synonym,sentence-transformers/all-MiniLM-L6-v2,0.7,1
Polygala sphenoptera,Polygala persicariaefolia,0.5821,not synonym,sentence-transformers/all-MiniLM-L6-v2,0.7,1
Ononis arvensis,Pluchia curiosa,0.2317,not synonym,sentence-transformers/all-MiniLM-L6-v2,0.7,0
Monnina herbacea,Monnina graminea,0.8029,synonym,sentence-transformers/all-MiniLM-L6-v2,0.7,1
Bossiaea eriocarpa,Bossiaea gilbertii,0.7596,synonym,sentence-transformers/all-MiniLM-L6-v2,0.7,1
Monnina parviflora,Monnina parviflora,1.0,synonym,sentence-transformers/all-MiniLM-L6-v2,0.7,1
Muraltia rigida,Heisteria rigida,0.6286,not synonym,sentence-transformers/all-MiniLM-L6-v2,0.7,1
Acacia biflora,Racosperma biflorum,0.3186,not synonym,sentence-transformers/all-MiniLM-L6-v2,0.7,1
Gastrolobium coriaceum,Kotschya volkensii,0.2213,not synonym,sentence-transformers/all-MiniLM-L6-v2,0.7,0
Monnina macbridei,Pteromonnina macbridei,0.6777,not synonym,sentence-transformers/all-MiniLM-L6-v2,0.7,1
Millettia sericea,Calliandra decrescens,0.2472,not synonym,sentence-transformers/all-MiniLM-L6-v2,0.7,0
Bredemeyera laurifolia,Racosperma papulosum,0.2068,not synonym,sentence-transformers/all-MiniLM-L6-v2,0.7,0
Carpolobia alba,Abarema mottleyana,0.2418,not synonym,sentence-transformers/all-MiniLM-L6-v2,0.7,0
Apios fortunei,Flemingia macrophylla,0.1584,not synonym,sentence-transformers/all-MiniLM-L6-v2,0.7,0
Lotus cytisoides,Lotus coronillifolius,0.7386,synonym,sentence-transformers/all-MiniLM-L6-v2,0.7,1
Lotus lancerottensis,Feuilleea hymenaeoides,0.3332,not synonym,sentence-transformers/all-MiniLM-L6-v2,0.7,0
Acacia paradoxa,Acacia microcantha,0.7007,synonym,sentence-transformers/all-MiniLM-L6-v2,0.7,1
Lotus quinatus,Galactia aschersoniana,0.2622,not synonym,sentence-transformers/all-MiniLM-L6-v2,0.7,0
Adenopodia spicata,Oxylobium virgatum,0.3163,not synonym,sentence-transformers/all-MiniLM-L6-v2,0.7,0
Polygala pseudovariabilis,Senega pseudovariabilis,0.6794,not synonym,sentence-transformers/all-MiniLM-L6-v2,0.7,1
Gastrolobium parviflorum,Nemcia parviflora,0.5138,not synonym,sentence-transformers/all-MiniLM-L6-v2,0.7,1
Polygala sinaica,Polygala spinescens,0.6332,not synonym,sentence-transformers/all-MiniLM-L6-v2,0.7,1
Lotus longisiliquosus,Guaymasia pumila,0.3024,not synonym,sentence-transformers/all-MiniLM-L6-v2,0.7,0
Brachypterum microphyllum,Derris dalbergioides,0.2764,not synonym,sentence-transformers/all-MiniLM-L6-v2,0.7,1
Diphysa americana,Securidaca venosa,0.3397,not synonym,sentence-transformers/all-MiniLM-L6-v2,0.7,0
Inga inundata,Senega distans,0.3464,not synonym,sentence-transformers/all-MiniLM-L6-v2,0.7,0
Erythrostemon angulatus,Sophora angulata,0.4453,not synonym,sentence-transformers/all-MiniLM-L6-v2,0.7,1
Flemingia trifoliata,Maughania involucrata,0.2442,not synonym,sentence-transformers/all-MiniLM-L6-v2,0.7,1
Echinospartum horridum,Echinospartum horridum,1.0,synonym,sentence-transformers/all-MiniLM-L6-v2,0.7,1
Muraltia ericoides,Racosperma elachanthum,0.3345,not synonym,sentence-transformers/all-MiniLM-L6-v2,0.7,0
Lupinus onustus,Lupinus violaceus,0.7886,synonym,sentence-transformers/all-MiniLM-L6-v2,0.7,1
Securidaca diversifolia,Nemcia lehmannii,0.2315,not synonym,sentence-transformers/all-MiniLM-L6-v2,0.7,0
Fissicalyx fendleri,Lotus lanatus,0.1361,not synonym,sentence-transformers/all-MiniLM-L6-v2,0.7,0
Eutaxia myrtifolia,Dillwynia myrtifolia,0.5853,not synonym,sentence-transformers/all-MiniLM-L6-v2,0.7,1
Polygala myriantha,Polygala kisantuensis,0.6015,not synonym,sentence-transformers/all-MiniLM-L6-v2,0.7,1
Acacia cardiophylla,Acacia cardiophylla,1.0,synonym,sentence-transformers/all-MiniLM-L6-v2,0.7,1
Millettia fruticosa,Grona simplicifolia,0.4377,not synonym,sentence-transformers/all-MiniLM-L6-v2,0.7,0
Polygaloides chamaebuxus,Chamaebuxus coriacea,0.7295,synonym,sentence-transformers/all-MiniLM-L6-v2,0.7,1
Flemingia faginea,Maughania faginea,0.6224,not synonym,sentence-transformers/all-MiniLM-L6-v2,0.7,1
Lotus broussonetii,Bionia pedicellata,0.3015,not synonym,sentence-transformers/all-MiniLM-L6-v2,0.7,0
Genista dorycnifolia,Galactia martioides,0.399,not synonym,sentence-transformers/all-MiniLM-L6-v2,0.7,0
Wiborgia obcordata,Wiborgia obcordata,1.0,synonym,sentence-transformers/all-MiniLM-L6-v2,0.7,1
Flemingia chappar,Atroxima gossweileri,0.3038,not synonym,sentence-transformers/all-MiniLM-L6-v2,0.7,0
Archidendron bauchei,Abarema bauchei,0.5991,not synonym,sentence-transformers/all-MiniLM-L6-v2,0.7,1
Calliandra parvifolia,Anthyllis fulgurans,0.3727,not synonym,sentence-transformers/all-MiniLM-L6-v2,0.7,0
Acacia anomala,Acacia anomala,1.0,synonym,sentence-transformers/all-MiniLM-L6-v2,0.7,1
Lotus angustissimus,Cadia varia,0.2702,not synonym,sentence-transformers/all-MiniLM-L6-v2,0.7,0
Ononis pusilla,Ononis inclusa,0.7499,synonym,sentence-transformers/all-MiniLM-L6-v2,0.7,1
Inga lomatophylla,Inga speciosa,0.5278,not synonym,sentence-transformers/all-MiniLM-L6-v2,0.7,1
Millettia aboensis,Racosperma concurrens,0.2029,not synonym,sentence-transformers/all-MiniLM-L6-v2,0.7,0
Calliandra harrisii,Calliandra cylindrocarpa,0.6041,not synonym,sentence-transformers/all-MiniLM-L6-v2,0.7,1
Dialium guineense,Dialium discolor,0.5435,not synonym,sentence-transformers/all-MiniLM-L6-v2,0.7,1
Polygala cneorum,Polygala itatiaiae,0.7695,synonym,sentence-transformers/all-MiniLM-L6-v2,0.7,1
Lupinus covillei,Lupinus dasyphyllus,0.5866,not synonym,sentence-transformers/all-MiniLM-L6-v2,0.7,1
Chorizema aciculare,Maughania faginea,0.2728,not synonym,sentence-transformers/all-MiniLM-L6-v2,0.7,0
Polygala karensium,Polygala caterviflora,0.6578,not synonym,sentence-transformers/all-MiniLM-L6-v2,0.7,1
Gymnospora blanchetii,Amorpha pedalis,0.291,not synonym,sentence-transformers/all-MiniLM-L6-v2,0.7,0
Monnina cacumina,Monnina uaipanensis,0.7281,synonym,sentence-transformers/all-MiniLM-L6-v2,0.7,1
Calliandra laxa,Feuilleea laxa,0.6523,not synonym,sentence-transformers/all-MiniLM-L6-v2,0.7,1
Calliandra enervis,Peltophorum acutifolium,0.2317,not synonym,sentence-transformers/all-MiniLM-L6-v2,0.7,0
Archidendron fagifolium,Carmichaelia corymbosa,0.3633,not synonym,sentence-transformers/all-MiniLM-L6-v2,0.7,0
Genista tricuspidata,Genista barbara,0.5787,not synonym,sentence-transformers/all-MiniLM-L6-v2,0.7,1
Muraltia squarrosa,Racosperma flexifolium,0.1616,not synonym,sentence-transformers/all-MiniLM-L6-v2,0.7,0
Archidendron hendersonii,Pithecellobium hendersonii,0.5488,not synonym,sentence-transformers/all-MiniLM-L6-v2,0.7,1
Acacia barringtonensis,Dialium maingayi,0.0434,not synonym,sentence-transformers/all-MiniLM-L6-v2,0.7,0
Archidendron kunstleri,Pithecellobium utile,0.1245,not synonym,sentence-transformers/all-MiniLM-L6-v2,0.7,0
Millettia puerarioides,Millettia sericea,0.641,not synonym,sentence-transformers/all-MiniLM-L6-v2,0.7,1
Inga pilosula,Racosperma froggattii,0.3151,not synonym,sentence-transformers/all-MiniLM-L6-v2,0.7,0
Archidendron ellipticum,Anneslia hirsuta,0.1495,not synonym,sentence-transformers/all-MiniLM-L6-v2,0.7,0
Xanthophyllum obscurum,Banisteroides obscurum,0.5617,not synonym,sentence-transformers/all-MiniLM-L6-v2,0.7,1
Cyclopia latifolia,Lotus hemorroidalis,0.23,not synonym,sentence-transformers/all-MiniLM-L6-v2,0.7,0
Securidaca divaricata,Aotus villosa,0.3149,not synonym,sentence-transformers/all-MiniLM-L6-v2,0.7,0
Machaerium oblongifolium,Inga semiglabra,0.1074,not synonym,sentence-transformers/all-MiniLM-L6-v2,0.7,0
Gastrolobium wonganense,Inga clyperia,0.2401,not synonym,sentence-transformers/all-MiniLM-L6-v2,0.7,0
Calliandra purpurea,Inga purpurea,0.5701,not synonym,sentence-transformers/all-MiniLM-L6-v2,0.7,1
Camptosema coriaceum,Bionia marginata,0.3301,not synonym,sentence-transformers/all-MiniLM-L6-v2,0.7,1
Cyclopia genistoides,Ibbetsonia genistoides,0.56,not synonym,sentence-transformers/all-MiniLM-L6-v2,0.7,1
Chesneya macrantha,Inga radians,0.1678,not synonym,sentence-transformers/all-MiniLM-L6-v2,0.7,0
Xanthophyllum flavescens,Xanthophyllum roxburghianum,0.8025,synonym,sentence-transformers/all-MiniLM-L6-v2,0.7,1
Calliandra asplenioides,Poinciana adansonioides,0.4588,not synonym,sentence-transformers/all-MiniLM-L6-v2,0.7,0
Dialium guianense,Muraltia ericoides,0.049,not synonym,sentence-transformers/all-MiniLM-L6-v2,0.7,0
Lotus garcinii,Lotus pumilus,0.6999,not synonym,sentence-transformers/all-MiniLM-L6-v2,0.7,1
Phlebotaenia cuneata,Comesperma simplex,0.2152,not synonym,sentence-transformers/all-MiniLM-L6-v2,0.7,0
Recchia mexicana,Pseudoentada patens,0.3627,not synonym,sentence-transformers/all-MiniLM-L6-v2,0.7,0
Centrolobium robustum,Centrolobium minus,0.764,synonym,sentence-transformers/all-MiniLM-L6-v2,0.7,1
Nissolia microptera,Machaerium micropterum,0.5732,not synonym,sentence-transformers/all-MiniLM-L6-v2,0.7,1
Lupinus covillei,Ebenus ferruginea,0.4176,not synonym,sentence-transformers/all-MiniLM-L6-v2,0.7,0
Lotus jordanii,Bonjeanea syriaca,0.3671,not synonym,sentence-transformers/all-MiniLM-L6-v2,0.7,1
Millettia vatkei,Racosperma leptoclada,0.1345,not synonym,sentence-transformers/all-MiniLM-L6-v2,0.7,0
Machaerium hirtum,Machaerium glabripes,0.6059,not synonym,sentence-transformers/all-MiniLM-L6-v2,0.7,1
Genista aetnensis,Lugaion aetnense,0.3809,not synonym,sentence-transformers/all-MiniLM-L6-v2,0.7,1
Lotus tetragonolobus,Lotus tetraptera,0.8553,synonym,sentence-transformers/all-MiniLM-L6-v2,0.7,1
Guilfoylia monostylis,Indigofera hutchinsoniana,0.359,not synonym,sentence-transformers/all-MiniLM-L6-v2,0.7,0
Calpurnia glabrata,Calpurnia floribunda,0.7286,synonym,sentence-transformers/all-MiniLM-L6-v2,0.7,1
Inga uraguensis,Berlinia eminii,0.2869,not synonym,sentence-transformers/all-MiniLM-L6-v2,0.7,0
Adenopodia spicata,Entada natalensis,0.3243,not synonym,sentence-transformers/all-MiniLM-L6-v2,0.7,1
Carmichaelia juncea,Quillaja poeppigii,0.3861,not synonym,sentence-transformers/all-MiniLM-L6-v2,0.7,0
Glycine max,Glycine mas,0.7659,synonym,sentence-transformers/all-MiniLM-L6-v2,0.7,1
Ononis minutissima,Julbernardia ogoouensis,0.3025,not synonym,sentence-transformers/all-MiniLM-L6-v2,0.7,0
Bossiaea obcordata,Genista pulchella,0.3063,not synonym,sentence-transformers/all-MiniLM-L6-v2,0.7,0
Hoita macrostachya,Dorycnium iberecum,0.2042,not synonym,sentence-transformers/all-MiniLM-L6-v2,0.7,0
Monnina crassifolia,Monnina pseudoaestuans,0.6861,not synonym,sentence-transformers/all-MiniLM-L6-v2,0.7,1
Archidendron vaillantii,Lonchocarpus heudelotianus,0.3231,not synonym,sentence-transformers/all-MiniLM-L6-v2,0.7,0
Nissolia brasiliensis,Racosperma ingramii,0.3677,not synonym,sentence-transformers/all-MiniLM-L6-v2,0.7,0
Calliandra peninsularis,Angylocalyx ramiflorus,0.3494,not synonym,sentence-transformers/all-MiniLM-L6-v2,0.7,0
Nissolia brasiliensis,Chaetocalyx matudai,0.3182,not synonym,sentence-transformers/all-MiniLM-L6-v2,0.7,1
Muraltia alopecuroides,Heistera macroceras,0.3151,not synonym,sentence-transformers/all-MiniLM-L6-v2,0.7,0
Machaerium seemannii,Zygia apoensis,0.2594,not synonym,sentence-transformers/all-MiniLM-L6-v2,0.7,0
Securidaca planchoniana,Securidaca rufescens,0.5806,not synonym,sentence-transformers/all-MiniLM-L6-v2,0.7,1
Archidendron oppositum,Albizia macrothyrsa,0.159,not synonym,sentence-transformers/all-MiniLM-L6-v2,0.7,1
Gastrolobium sericeum,Oxylobium sericeum,0.68,not synonym,sentence-transformers/all-MiniLM-L6-v2,0.7,1
Monnina ramosa,Hebeandra pubescens,0.3223,not synonym,sentence-transformers/all-MiniLM-L6-v2,0.7,0
Lebruniodendron leptanthum,Cynometra leptantha,0.6064,not synonym,sentence-transformers/all-MiniLM-L6-v2,0.7,1
Millettia peguensis,Ononis amoena,0.2479,not synonym,sentence-transformers/all-MiniLM-L6-v2,0.7,0
Millettia sericea,Maughania pauciflora,0.4892,not synonym,sentence-transformers/all-MiniLM-L6-v2,0.7,0
Erythrostemon angulatus,Caesalpinia angulicaulis,0.4298,not synonym,sentence-transformers/all-MiniLM-L6-v2,0.7,1
Chesneya kopetdaghensis,Pteromonnina macrostachya,0.4298,not synonym,sentence-transformers/all-MiniLM-L6-v2,0.7,0
Badiera propinqua,Polygala propinqua,0.5437,not synonym,sentence-transformers/all-MiniLM-L6-v2,0.7,1
Microcharis remotiflora,Otosema fruticosa,0.3026,not synonym,sentence-transformers/all-MiniLM-L6-v2,0.7,0
Lupinus ornatus,Lupinus hellerae,0.6995,not synonym,sentence-transformers/all-MiniLM-L6-v2,0.7,1
Polygala smallii,Pilostaxis arenicola,0.5236,not synonym,sentence-transformers/all-MiniLM-L6-v2,0.7,1
Archidendron quocense,Acacia leptoclada,0.269,not synonym,sentence-transformers/all-MiniLM-L6-v2,0.7,0
Dimorphandra exaltata,Elsota lamarckii,0.3557,not synonym,sentence-transformers/all-MiniLM-L6-v2,0.7,0
Monnina conferta,Monnina myrtilloides,0.6033,not synonym,sentence-transformers/all-MiniLM-L6-v2,0.7,1
Calliandra conferta,Feuilleea texana,0.3582,not synonym,sentence-transformers/all-MiniLM-L6-v2,0.7,1
Xanthophyllum vitellinum,Callistachys retusa,0.3126,not synonym,sentence-transformers/all-MiniLM-L6-v2,0.7,0
Monnina conferta,Ononis spinosiformis,0.2111,not synonym,sentence-transformers/all-MiniLM-L6-v2,0.7,0
Inga splendidissima,Inga splendidissima,1.0,synonym,sentence-transformers/all-MiniLM-L6-v2,0.7,1
Flemingia semialata,Maughania semialata,0.5976,not synonym,sentence-transformers/all-MiniLM-L6-v2,0.7,1
Betencourtia scarlatina,Caesalpinia texensis,0.3511,not synonym,sentence-transformers/all-MiniLM-L6-v2,0.7,0
Ononis atlantica,Ononis spinulosa,0.6772,not synonym,sentence-transformers/all-MiniLM-L6-v2,0.7,1
Calobota elongata,Dioclea cassinoides,0.318,not synonym,sentence-transformers/all-MiniLM-L6-v2,0.7,0
Archidendron bigeminum,Polygala chloroneura,0.1624,not synonym,sentence-transformers/all-MiniLM-L6-v2,0.7,0
Asemeia mollis,Polygala pubescens,0.2247,not synonym,sentence-transformers/all-MiniLM-L6-v2,0.7,1
Securidaca coriacea,Bredemeyera sellowii,0.3261,not synonym,sentence-transformers/all-MiniLM-L6-v2,0.7,0
Myroxylon balsamum,Myrospermum sonsonatense,0.4502,not synonym,sentence-transformers/all-MiniLM-L6-v2,0.7,1
Genista cinerea,Genista fasselata,0.7366,synonym,sentence-transformers/all-MiniLM-L6-v2,0.7,0
Glycine latifolia,Leptocyamus latifolius,0.3099,not synonym,sentence-transformers/all-MiniLM-L6-v2,0.7,1
Dialium pobeguinii,Dialium ovatum,0.668,not synonym,sentence-transformers/all-MiniLM-L6-v2,0.7,1
Apios fortunei,Lupinus dunnettii,0.3302,not synonym,sentence-transformers/all-MiniLM-L6-v2,0.7,0
Inga longiflora,Moghania stricta,0.3845,not synonym,sentence-transformers/all-MiniLM-L6-v2,0.7,0
Monnina macbridei,Abarema quocense,0.3541,not synonym,sentence-transformers/all-MiniLM-L6-v2,0.7,0
Cyclopia galioides,Inga planisiliqua,0.2041,not synonym,sentence-transformers/all-MiniLM-L6-v2,0.7,0
Muraltia stipulacea,Muraltia squarrosa,0.7177,synonym,sentence-transformers/all-MiniLM-L6-v2,0.7,1
Muraltia acipetala,Calliandra papillosa,0.4808,not synonym,sentence-transformers/all-MiniLM-L6-v2,0.7,0
Amphicarpaea bracteata,Ebenidium longipes,0.2494,not synonym,sentence-transformers/all-MiniLM-L6-v2,0.7,0
Securidaca divaricata,Heistera filiformis,0.335,not synonym,sentence-transformers/all-MiniLM-L6-v2,0.7,0
Millettia soyauxii,Millettia soyauxii,1.0,synonym,sentence-transformers/all-MiniLM-L6-v2,0.7,1
Cyclopia falcata,Cyclopia brachypoda,0.5948,not synonym,sentence-transformers/all-MiniLM-L6-v2,0.7,1
Amphicarpaea bracteata,Amphicarpaea chamaecaulis,0.708,synonym,sentence-transformers/all-MiniLM-L6-v2,0.7,1
Polygala alpina,Polygala lindenii,0.7134,synonym,sentence-transformers/all-MiniLM-L6-v2,0.7,0
Calobota psiloloba,Coulteria linnaei,0.2173,not synonym,sentence-transformers/all-MiniLM-L6-v2,0.7,0
Lotus fulgurans,Lotus leptophyllus,0.5877,not synonym,sentence-transformers/all-MiniLM-L6-v2,0.7,0
Flemingia vestita,Lepidocoma vestita,0.5402,not synonym,sentence-transformers/all-MiniLM-L6-v2,0.7,1
Chesneya vaginalis,Lupinus nutkatensis,0.158,not synonym,sentence-transformers/all-MiniLM-L6-v2,0.7,0
Erythrostemon exostemma,Mezoneurum oxyphyllum,0.2188,not synonym,sentence-transformers/all-MiniLM-L6-v2,0.7,1
Lotus garcinii,Racosperma multisiliquum,0.063,not synonym,sentence-transformers/all-MiniLM-L6-v2,0.7,0
Echinospartum horridum,Pithecellobium aruense,0.4494,not synonym,sentence-transformers/all-MiniLM-L6-v2,0.7,0
Machaerium donnell-smithii,Drepanocarpus costaricensis,0.371,not synonym,sentence-transformers/all-MiniLM-L6-v2,0.7,1
Muraltia angulosa,Pithecellobium novoguineense,0.3577,not synonym,sentence-transformers/all-MiniLM-L6-v2,0.7,0
Bouffordia dichotoma,Hedysarum quinquangulatum,0.3264,not synonym,sentence-transformers/all-MiniLM-L6-v2,0.7,1
Eutaxia parvifolia,Dalbergia venusta,0.3899,not synonym,sentence-transformers/all-MiniLM-L6-v2,0.7,0
Machaerium hirtum,Machaerium affine,0.6514,not synonym,sentence-transformers/all-MiniLM-L6-v2,0.7,1
Ononis vaginalis,Pultenaea rosmarinifolia,0.1994,not synonym,sentence-transformers/all-MiniLM-L6-v2,0.7,0
Asemeia lindmaniana,Polygala pauciramosa,0.4227,not synonym,sentence-transformers/all-MiniLM-L6-v2,0.7,1
Genista millii,Genista millii,1.0,synonym,sentence-transformers/all-MiniLM-L6-v2,0.7,1
Archidendron glabrum,Muraltia conferta,0.1306,not synonym,sentence-transformers/all-MiniLM-L6-v2,0.7,0
Genista numidica,Inga sordida,0.3737,not synonym,sentence-transformers/all-MiniLM-L6-v2,0.7,0
Calliandra selloi,Genista lucida,0.322,not synonym,sentence-transformers/all-MiniLM-L6-v2,0.7,0
Calliandra parvifolia,Feuilleea blanchetii,0.2736,not synonym,sentence-transformers/all-MiniLM-L6-v2,0.7,0
Flemingia lineata,Mimosa carinata,0.4515,not synonym,sentence-transformers/all-MiniLM-L6-v2,0.7,0
Hoffmannseggia glauca,Hoffmannseggia falcaria,0.815,synonym,sentence-transformers/all-MiniLM-L6-v2,0.7,1
Hoffmannseggia intricata,Hoffmannseggia glabra,0.864,synonym,sentence-transformers/all-MiniLM-L6-v2,0.7,1
Inga pilosula,Abarema globosa,0.5025,not synonym,sentence-transformers/all-MiniLM-L6-v2,0.7,0
Lupinus onustus,Lupinus pinetorum,0.6902,not synonym,sentence-transformers/all-MiniLM-L6-v2,0.7,1
Calpurnia aurea,Sophora aurea,0.4476,not synonym,sentence-transformers/all-MiniLM-L6-v2,0.7,1
Nissolia blanchetiana,Daniellia fosteri,0.4644,not synonym,sentence-transformers/all-MiniLM-L6-v2,0.7,0
Archidendron oppositum,Ononis crassifolia,0.2349,not synonym,sentence-transformers/all-MiniLM-L6-v2,0.7,0
Hebecarpa barbeyana,Dorycnium strictum,0.0348,not synonym,sentence-transformers/all-MiniLM-L6-v2,0.7,0
Erythrostemon coluteifolius,Caesalpinia coluteifolia,0.3586,not synonym,sentence-transformers/all-MiniLM-L6-v2,0.7,1
Archidendron fagifolium,Polygala puberula,0.3214,not synonym,sentence-transformers/all-MiniLM-L6-v2,0.7,0
Archidendron borneense,Pithecellobium borneense,0.2546,not synonym,sentence-transformers/all-MiniLM-L6-v2,0.7,1
Archidendron kuenstleri,Macrolobium ecoucense,0.1551,not synonym,sentence-transformers/all-MiniLM-L6-v2,0.7,0
Microcharis buchneri,Indigofera buchneri,0.4912,not synonym,sentence-transformers/all-MiniLM-L6-v2,0.7,1
Millettia chrysophylla,Millettia melanocalyx,0.6336,not synonym,sentence-transformers/all-MiniLM-L6-v2,0.7,1
Hoffmannseggia miranda,Caesalpinia stipulata,0.3024,not synonym,sentence-transformers/all-MiniLM-L6-v2,0.7,1
Hebecarpa rivinifolia,Polygala jaliscana,0.3844,not synonym,sentence-transformers/all-MiniLM-L6-v2,0.7,1
Muraltia harveyana,Heistera dregei,0.441,not synonym,sentence-transformers/all-MiniLM-L6-v2,0.7,1
Inga gereauana,Lotus pilosus,0.2559,not synonym,sentence-transformers/all-MiniLM-L6-v2,0.7,0
Hoffmannseggia oxycarpa,Hoffmanseggia oxycarpa,0.829,synonym,sentence-transformers/all-MiniLM-L6-v2,0.7,1
Calliandra parvifolia,Feuilleea hirtiflora,0.2307,not synonym,sentence-transformers/all-MiniLM-L6-v2,0.7,0
Comesperma ericinum,Comesperma acutifolium,0.5392,not synonym,sentence-transformers/all-MiniLM-L6-v2,0.7,1
Monnina dictyocarpa,Pteromonnina dictyocarpa,0.7034,synonym,sentence-transformers/all-MiniLM-L6-v2,0.7,1
Calliandra enervis,Anneslia enervis,0.488,not synonym,sentence-transformers/all-MiniLM-L6-v2,0.7,1
Monnina meridensis,Monnina coriacea,0.7748,synonym,sentence-transformers/all-MiniLM-L6-v2,0.7,1
Securidaca pubiflora,Securidaca latifolia,0.6663,not synonym,sentence-transformers/all-MiniLM-L6-v2,0.7,1
Securidaca acuminata,Elsota acuminata,0.7496,synonym,sentence-transformers/all-MiniLM-L6-v2,0.7,1
Gymnospora violoides,Polygala monspeliaca,0.4081,not synonym,sentence-transformers/all-MiniLM-L6-v2,0.7,0
Genista canariensis,Genista hillebrandii,0.618,not synonym,sentence-transformers/all-MiniLM-L6-v2,0.7,1
Bouffordia dichotoma,Hedysarum diffusum,0.3974,not synonym,sentence-transformers/all-MiniLM-L6-v2,0.7,1
Comesperma polygaloides,Racosperma barringtonense,0.4235,not synonym,sentence-transformers/all-MiniLM-L6-v2,0.7,0
Gilbertiodendron stipulaceum,Macrolobium benthamii,0.3807,not synonym,sentence-transformers/all-MiniLM-L6-v2,0.7,1
Microcharis sessilis,Genista mauritiana,0.3698,not synonym,sentence-transformers/all-MiniLM-L6-v2,0.7,0
Daprainia kingiana,Hippocrepis almeriensis,0.2489,not synonym,sentence-transformers/all-MiniLM-L6-v2,0.7,0
Archidendron multifoliolatum,Salomonia cordata,0.1457,not synonym,sentence-transformers/all-MiniLM-L6-v2,0.7,0
Millettia richardiana,Mundulea richardiana,0.6967,not synonym,sentence-transformers/all-MiniLM-L6-v2,0.7,1
Aotus ericoides,Deguelia cumingii,0.4235,not synonym,sentence-transformers/all-MiniLM-L6-v2,0.7,0
Inga laurina,Hedysarum sororium,0.1254,not synonym,sentence-transformers/all-MiniLM-L6-v2,0.7,0
Ononis arvensis,Polygala pseudohebeclada,0.1654,not synonym,sentence-transformers/all-MiniLM-L6-v2,0.7,0
Ononis serrata,Ononis glaucescens,0.6037,not synonym,sentence-transformers/all-MiniLM-L6-v2,0.7,1
Genista paivae,Cytisus paivae,0.4358,not synonym,sentence-transformers/all-MiniLM-L6-v2,0.7,1
Calobota linearifolia,Lebeckia dinteri,0.1932,not synonym,sentence-transformers/all-MiniLM-L6-v2,0.7,1
Acacia leptoclada,Acacia leptoclada,1.0,synonym,sentence-transformers/all-MiniLM-L6-v2,0.7,1
Hoffmannseggia pumilio,Caesalpinia riojana,0.314,not synonym,sentence-transformers/all-MiniLM-L6-v2,0.7,1
Inga pilosula,Mimosa lucida,0.5498,not synonym,sentence-transformers/all-MiniLM-L6-v2,0.7,1
Muraltia squarrosa,Heisteria dregei,0.4001,not synonym,sentence-transformers/all-MiniLM-L6-v2,0.7,1
Millettia ahernii,Polygala canarana,0.3385,not synonym,sentence-transformers/all-MiniLM-L6-v2,0.7,0
Acacia excentrica,Racosperma excentricum,0.3056,not synonym,sentence-transformers/all-MiniLM-L6-v2,0.7,1
Inga laurina,Mimosa fagifolia,0.2532,not synonym,sentence-transformers/all-MiniLM-L6-v2,0.7,1
Comesperma flavum,Bredemeyera flava,0.5108,not synonym,sentence-transformers/all-MiniLM-L6-v2,0.7,1
Monnina bonplandiana,Polygala santanderensis,0.3844,not synonym,sentence-transformers/all-MiniLM-L6-v2,0.7,0
Hoffmannseggia viscosa,Mimosa nitida,0.1925,not synonym,sentence-transformers/all-MiniLM-L6-v2,0.7,0
Genista cinerea,Telinaria cinerea,0.517,not synonym,sentence-transformers/all-MiniLM-L6-v2,0.7,1
Chorizema lowii,Polygala vulgaris,0.3165,not synonym,sentence-transformers/all-MiniLM-L6-v2,0.7,0
Caamembeca oxyphylla,Lotus aucheri,0.2008,not synonym,sentence-transformers/all-MiniLM-L6-v2,0.7,0
Flemingia vestita,Flemingia vestita,1.0,synonym,sentence-transformers/all-MiniLM-L6-v2,0.7,1
Genista albida,Galactia virgata,0.4106,not synonym,sentence-transformers/all-MiniLM-L6-v2,0.7,0
Calophaca soongorica,Calophaca howenii,0.7008,synonym,sentence-transformers/all-MiniLM-L6-v2,0.7,1
Dialium hydnocarpoides,Ononis micrantha,0.0458,not synonym,sentence-transformers/all-MiniLM-L6-v2,0.7,0
Calliandra tweediei,Anneslia tweediei,0.7696,synonym,sentence-transformers/all-MiniLM-L6-v2,0.7,1
Microcharis galpinii,Hebeandra celastroides,0.3103,not synonym,sentence-transformers/all-MiniLM-L6-v2,0.7,0
Archidendron kalkmanii,Muraltia metalasiifolia,0.2744,not synonym,sentence-transformers/all-MiniLM-L6-v2,0.7,0
Inga saltensis,Carmichaelia ramosa,0.3948,not synonym,sentence-transformers/all-MiniLM-L6-v2,0.7,0
Archidendron quocense,Abarema quocensis,0.4164,not synonym,sentence-transformers/all-MiniLM-L6-v2,0.7,1
Monnina lorenziana,Monnina lorentensis,0.8406,synonym,sentence-transformers/all-MiniLM-L6-v2,0.7,1
Acacia oxyclada,Racosperma oxycladum,0.2995,not synonym,sentence-transformers/all-MiniLM-L6-v2,0.7,1
Calpurnia aurea,Polygala guantanemana,0.2893,not synonym,sentence-transformers/all-MiniLM-L6-v2,0.7,0
Polygala amboniensis,Inga myriocephala,0.3688,not synonym,sentence-transformers/all-MiniLM-L6-v2,0.7,0
Dialium schlechteri,Anonis fruticosa,0.1958,not synonym,sentence-transformers/all-MiniLM-L6-v2,0.7,0
Polygala brachyphylla,Polygala brevifolia,0.696,not synonym,sentence-transformers/all-MiniLM-L6-v2,0.7,1
Asemeia grandiflora,Asemeia ieoides,0.7862,synonym,sentence-transformers/all-MiniLM-L6-v2,0.7,1
Brachypterum robustum,Sesbania thurberi,0.1665,not synonym,sentence-transformers/all-MiniLM-L6-v2,0.7,0
Securidaca divaricata,Caesalpinia acutifolia,0.4798,not synonym,sentence-transformers/all-MiniLM-L6-v2,0.7,0
Dysolobium grande,Phaseolus velutinus,0.3382,not synonym,sentence-transformers/all-MiniLM-L6-v2,0.7,1
Calliandra chilensis,Acacia nigra,0.3143,not synonym,sentence-transformers/all-MiniLM-L6-v2,0.7,1
Gilbertiodendron limba,Cracca fruticosa,0.2362,not synonym,sentence-transformers/all-MiniLM-L6-v2,0.7,0
Machaerium biovulatum,Calliandra brandegeei,0.1997,not synonym,sentence-transformers/all-MiniLM-L6-v2,0.7,0
Polygala karensium,Heisteria acicularis,0.2994,not synonym,sentence-transformers/all-MiniLM-L6-v2,0.7,0
Calliandra longipes,Calliandra pyrophila,0.6097,not synonym,sentence-transformers/all-MiniLM-L6-v2,0.7,1
Mora excelsa,Dimorphandra mora,0.55,not synonym,sentence-transformers/all-MiniLM-L6-v2,0.7,1
Machaerium nigrum,Phaseolus dolichicarpus,0.2848,not synonym,sentence-transformers/all-MiniLM-L6-v2,0.7,0
Kotschya aeschynomenoides,Albizia championii,0.2028,not synonym,sentence-transformers/all-MiniLM-L6-v2,0.7,0
Asemeia grandiflora,Badiera berteroana,0.427,not synonym,sentence-transformers/all-MiniLM-L6-v2,0.7,1
Archidendron arborescens,Flemingia capitata,0.219,not synonym,sentence-transformers/all-MiniLM-L6-v2,0.7,0
Hebecarpa americana,Polygala nemorosa,0.2995,not synonym,sentence-transformers/all-MiniLM-L6-v2,0.7,1
Muraltia striata,Feuilleea lindeniana,0.4013,not synonym,sentence-transformers/all-MiniLM-L6-v2,0.7,0
Monnina parviflora,Securidaca oblongifolia,0.3518,not synonym,sentence-transformers/all-MiniLM-L6-v2,0.7,0
Amphicarpaea bracteata,Amphicarpaea elliotii,0.6927,not synonym,sentence-transformers/all-MiniLM-L6-v2,0.7,1
Monnina rugosa,Pteromonnina rugosa,0.6744,not synonym,sentence-transformers/all-MiniLM-L6-v2,0.7,1
Calliandra hirsuta,Inga hirsuta,0.6559,not synonym,sentence-transformers/all-MiniLM-L6-v2,0.7,1
Lotus dorycnium,Monnina arenicola,0.1963,not synonym,sentence-transformers/all-MiniLM-L6-v2,0.7,0
Chesneya parviflora,Chesneya gaubeana,0.7385,synonym,sentence-transformers/all-MiniLM-L6-v2,0.7,1
Inga ciliata,Inga fagaraefolia,0.6855,not synonym,sentence-transformers/all-MiniLM-L6-v2,0.7,1
Monnina weddelliana,Calliandra tocatina,0.3154,not synonym,sentence-transformers/all-MiniLM-L6-v2,0.7,0
Calobota sericea,Lebeckia decipiens,0.3898,not synonym,sentence-transformers/all-MiniLM-L6-v2,0.7,1
Genista radiata,Lugaion radiatum,0.4226,not synonym,sentence-transformers/all-MiniLM-L6-v2,0.7,1
Ammopiptanthus mongolicus,Piptanthus mongolicus,0.6955,not synonym,sentence-transformers/all-MiniLM-L6-v2,0.7,1
Machaerium isadelphum,Machaerium bangii,0.7198,synonym,sentence-transformers/all-MiniLM-L6-v2,0.7,1
Microcharis medicaginea,Anila medicaginea,0.6323,not synonym,sentence-transformers/all-MiniLM-L6-v2,0.7,1
Millettia xylocarpa,Feuilleea californica,0.3958,not synonym,sentence-transformers/all-MiniLM-L6-v2,0.7,0
Kotschya thymodora,Mimosa obtusifolia,0.2795,not synonym,sentence-transformers/all-MiniLM-L6-v2,0.7,0
Lotus herbaceus,Dorycnium sabaudum,0.2283,not synonym,sentence-transformers/all-MiniLM-L6-v2,0.7,1
Erythrostemon laxus,Platylobium spinosum,0.1515,not synonym,sentence-transformers/all-MiniLM-L6-v2,0.7,0
Inga plumifera,Polygala nitida,0.4677,not synonym,sentence-transformers/all-MiniLM-L6-v2,0.7,0
Acacia armillata,Racosperma armillatum,0.3556,not synonym,sentence-transformers/all-MiniLM-L6-v2,0.7,1
Monnina salicifolia,Monnina crotalariifolia,0.8284,synonym,sentence-transformers/all-MiniLM-L6-v2,0.7,1
Camptosema rubicundum,Genista philippii,0.1238,not synonym,sentence-transformers/all-MiniLM-L6-v2,0.7,0
Hanslia ormocarpoides,Meibomia dependens,0.2775,not synonym,sentence-transformers/all-MiniLM-L6-v2,0.7,1
Dimorphandra davisiae,Monopetalanthus richardsiae,0.3406,not synonym,sentence-transformers/all-MiniLM-L6-v2,0.7,0
Hoffmannseggia glauca,Hoffmannseggia stricta,0.7552,synonym,sentence-transformers/all-MiniLM-L6-v2,0.7,1
Calliandra enervis,Calliandra bullata,0.6446,not synonym,sentence-transformers/all-MiniLM-L6-v2,0.7,1
Genista germanica,Hippocrepis dicarpa,0.2155,not synonym,sentence-transformers/all-MiniLM-L6-v2,0.7,0
Machaerium mucronulatum,Machaerium mucronulatum,1.0,synonym,sentence-transformers/all-MiniLM-L6-v2,0.7,1
Acacia elata,Acacia bilaura,0.847,synonym,sentence-transformers/all-MiniLM-L6-v2,0.7,1
Archidendron crateradenum,Nemcia pulchella,0.0829,not synonym,sentence-transformers/all-MiniLM-L6-v2,0.7,0
Genista clavata,Genista capitata,0.8135,synonym,sentence-transformers/all-MiniLM-L6-v2,0.7,1
Brachypterum involutum,Racosperma lobulatum,0.2371,not synonym,sentence-transformers/all-MiniLM-L6-v2,0.7,0
Asemeia tobatiensis,Polygala tobatiensis,0.6801,not synonym,sentence-transformers/all-MiniLM-L6-v2,0.7,1
Fairchildia panamensis,Galactia neesii,0.3971,not synonym,sentence-transformers/all-MiniLM-L6-v2,0.7,0
Glycine max,Cyclopia latifolia,0.1919,not synonym,sentence-transformers/all-MiniLM-L6-v2,0.7,0
Calliandra asplenioides,Calliandra asplenioides,1.0,synonym,sentence-transformers/all-MiniLM-L6-v2,0.7,1
Muraltia rubeacea,Geissaspis ciliatodenticulata,0.3055,not synonym,sentence-transformers/all-MiniLM-L6-v2,0.7,0
Monnina padifolia,Acacia prominens,0.4105,not synonym,sentence-transformers/all-MiniLM-L6-v2,0.7,0
Myroxylon peruiferum,Lonchocarpus griffonianus,0.4648,not synonym,sentence-transformers/all-MiniLM-L6-v2,0.7,0
Wiborgia obcordata,Inga rhoifolia,0.2927,not synonym,sentence-transformers/all-MiniLM-L6-v2,0.7,0
Eysenhardtia texana,Eysenhardtia angustifolia,0.6381,not synonym,sentence-transformers/all-MiniLM-L6-v2,0.7,1
Carmichaelia crassicaulis,Corallospartium crassicaule,0.5304,not synonym,sentence-transformers/all-MiniLM-L6-v2,0.7,1
Ononis adenotricha,Ononis pulchella,0.6638,not synonym,sentence-transformers/all-MiniLM-L6-v2,0.7,1
Inga heterophylla,Inga stenocarpa,0.5135,not synonym,sentence-transformers/all-MiniLM-L6-v2,0.7,1
Securidaca macrocarpa,Lotus macedonicus,0.2176,not synonym,sentence-transformers/all-MiniLM-L6-v2,0.7,0
Brachypterum microphyllum,Racosperma mallocladum,0.2557,not synonym,sentence-transformers/all-MiniLM-L6-v2,0.7,0
Genista canariensis,Bossiaea rhombifolia,0.3666,not synonym,sentence-transformers/all-MiniLM-L6-v2,0.7,0
Genista nevadensis,Chamaespartium nevadense,0.3991,not synonym,sentence-transformers/all-MiniLM-L6-v2,0.7,1
Genista carinalis,Nemcia tricuspidata,0.22,not synonym,sentence-transformers/all-MiniLM-L6-v2,0.7,0
Carmichaelia nana,Toluifera pedicellata,0.3493,not synonym,sentence-transformers/all-MiniLM-L6-v2,0.7,0
Machaerium brasiliense,Muraltia confusa,0.2995,not synonym,sentence-transformers/all-MiniLM-L6-v2,0.7,0
Ononis tridentata,Racosperma pravissimum,0.1859,not synonym,sentence-transformers/all-MiniLM-L6-v2,0.7,0
Daprainia kingiana,Desmodium kingianum,0.6032,not synonym,sentence-transformers/all-MiniLM-L6-v2,0.7,1
Microcharis tritoides,Coronilla depressa,0.1877,not synonym,sentence-transformers/all-MiniLM-L6-v2,0.7,0
Calliandra houstoniana,Duranta pearcei,0.4197,not synonym,sentence-transformers/all-MiniLM-L6-v2,0.7,0
Amphicarpaea bracteata,Teramnus clandestinus,0.3704,not synonym,sentence-transformers/all-MiniLM-L6-v2,0.7,0
Adenopodia patens,Acacia prosopoides,0.2283,not synonym,sentence-transformers/all-MiniLM-L6-v2,0.7,1
Nissolia subulata,Chaetocalyx subulatus,0.4399,not synonym,sentence-transformers/all-MiniLM-L6-v2,0.7,1
Muraltia carnosa,Heistera carnosa,0.602,not synonym,sentence-transformers/all-MiniLM-L6-v2,0.7,1
Lotus garcinii,Ononis aucheri,0.36,not synonym,sentence-transformers/all-MiniLM-L6-v2,0.7,1
Ononis adenotricha,Phaseolodes argenteum,0.175,not synonym,sentence-transformers/all-MiniLM-L6-v2,0.7,0
Muraltia thymifolia,Inga dolichantha,0.2233,not synonym,sentence-transformers/all-MiniLM-L6-v2,0.7,0
Monnina richardiana,Polygala glandulosa,0.4266,not synonym,sentence-transformers/all-MiniLM-L6-v2,0.7,1
Gastrolobium modestum,Machaerium lilacinum,0.5544,not synonym,sentence-transformers/all-MiniLM-L6-v2,0.7,0
Calliandra tweediei,Acacia diantreeana,0.2305,not synonym,sentence-transformers/all-MiniLM-L6-v2,0.7,0
Berlinia occidentalis,Abarema kalkmanii,0.3569,not synonym,sentence-transformers/all-MiniLM-L6-v2,0.7,0
Moutabea guianensis,Polygala diversifolia,0.4397,not synonym,sentence-transformers/all-MiniLM-L6-v2,0.7,0
Genista albida,Anneslia lagunae,0.3859,not synonym,sentence-transformers/all-MiniLM-L6-v2,0.7,0
Machaerium isadelphum,Machaerium microphyllum,0.6931,not synonym,sentence-transformers/all-MiniLM-L6-v2,0.7,1
Muraltia alopecuroides,Calliandra tenuiflora,0.2895,not synonym,sentence-transformers/all-MiniLM-L6-v2,0.7,0
Monnina marginata,Pongamia taiwaniana,0.3101,not synonym,sentence-transformers/all-MiniLM-L6-v2,0.7,0
Daniellia ogea,Cyanothyrsus ogea,0.4417,not synonym,sentence-transformers/all-MiniLM-L6-v2,0.7,1
Genista michelii,Telinaria aprutia,0.3406,not synonym,sentence-transformers/all-MiniLM-L6-v2,0.7,1
Ebenus lagopus,Securidaca surinamensis,0.2897,not synonym,sentence-transformers/all-MiniLM-L6-v2,0.7,0
Hebecarpa velutina,Vigna serrana,0.3689,not synonym,sentence-transformers/all-MiniLM-L6-v2,0.7,0
Heterostemon ellipticus,Moghania macrophylla,0.1716,not synonym,sentence-transformers/all-MiniLM-L6-v2,0.7,0
Archidendron alternifoliolatum,Archidendron glabrifolium,0.6776,not synonym,sentence-transformers/all-MiniLM-L6-v2,0.7,1
Genista tridentata,Odonia speciosa,0.3279,not synonym,sentence-transformers/all-MiniLM-L6-v2,0.7,0
Polygaloides paucifolia,Spartium virgatum,0.3608,not synonym,sentence-transformers/all-MiniLM-L6-v2,0.7,0
Machaerium punctatum,Asterocytisus radidtus,0.2643,not synonym,sentence-transformers/all-MiniLM-L6-v2,0.7,0
Lotus maritimus,Desmodium quinquangulatum,0.2239,not synonym,sentence-transformers/all-MiniLM-L6-v2,0.7,0
Ebenus pinnata,Hedysarum sericeum,0.3052,not synonym,sentence-transformers/all-MiniLM-L6-v2,0.7,1
Acacia cremiflora,Racosperma cremiflorum,0.3681,not synonym,sentence-transformers/all-MiniLM-L6-v2,0.7,1
Muraltia stipulacea,Banisteroides stipitatum,0.5858,not synonym,sentence-transformers/all-MiniLM-L6-v2,0.7,0
Archidendron eberhardtii,Albizia eberhardtii,0.5664,not synonym,sentence-transformers/all-MiniLM-L6-v2,0.7,1
Calobota cytisoides,Spartium cytisoides,0.4812,not synonym,sentence-transformers/all-MiniLM-L6-v2,0.7,1
Ancylotropis insignis,Monnina cuneata,0.0846,not synonym,sentence-transformers/all-MiniLM-L6-v2,0.7,1
Machaerium oblongifolium,Machaerium heterophyllum,0.6824,not synonym,sentence-transformers/all-MiniLM-L6-v2,0.7,1
Xanthophyllum obscurum,Deguelia robusta,0.2093,not synonym,sentence-transformers/all-MiniLM-L6-v2,0.7,0
Acanthocladus moyanoi,Phaseolodes pachycarpum,0.2441,not synonym,sentence-transformers/all-MiniLM-L6-v2,0.7,0
Dahlstedtia glaziovii,Xanthophyllum glandulosum,0.1619,not synonym,sentence-transformers/all-MiniLM-L6-v2,0.7,0
Muraltia juniperifolia,Muraltia sprengelioides,0.5646,not synonym,sentence-transformers/all-MiniLM-L6-v2,0.7,1
Flemingia lineata,Polygala umbrosa,0.3364,not synonym,sentence-transformers/all-MiniLM-L6-v2,0.7,0
Nissolia schottii,Chaetocalyx schottii,0.5469,not synonym,sentence-transformers/all-MiniLM-L6-v2,0.7,1
Inga longiflora,Inga tubaeformis,0.445,not synonym,sentence-transformers/all-MiniLM-L6-v2,0.7,1
Calliandra squarrosa,Calliandra catingae,0.5735,not synonym,sentence-transformers/all-MiniLM-L6-v2,0.7,1
Ononis natrix,Machaerium macrocarpum,0.2092,not synonym,sentence-transformers/all-MiniLM-L6-v2,0.7,0
Ononis alopecuroides,Chrysoxylon vinhatico,0.3305,not synonym,sentence-transformers/all-MiniLM-L6-v2,0.7,0
Carmichaelia nana,Carmichaelia nana,1.0,synonym,sentence-transformers/all-MiniLM-L6-v2,0.7,1
Acacia hamiltoniana,Acacia sieberi,0.7339,synonym,sentence-transformers/all-MiniLM-L6-v2,0.7,1
Lotus maritimus,Lotus gracilis,0.6784,not synonym,sentence-transformers/all-MiniLM-L6-v2,0.7,0
Genista sessilifolia,Cytisanthus sessilifolius,0.4944,not synonym,sentence-transformers/all-MiniLM-L6-v2,0.7,1
Fissicalyx fendleri,Monopteryx jahnii,0.2865,not synonym,sentence-transformers/all-MiniLM-L6-v2,0.7,1
Lotus halophilus,Lotus oligoceratos,0.5812,not synonym,sentence-transformers/all-MiniLM-L6-v2,0.7,1
Xanthophyllum lanceolatum,Xanthophyllum lanceolatum,1.0,synonym,sentence-transformers/all-MiniLM-L6-v2,0.7,1
Acacia concurrens,Racosperma concurrens,0.2741,not synonym,sentence-transformers/all-MiniLM-L6-v2,0.7,1
Ononis arvensis,Lotus argenteus,0.2811,not synonym,sentence-transformers/all-MiniLM-L6-v2,0.7,0
Polygala sericea,Heisteria depressa,0.3329,not synonym,sentence-transformers/all-MiniLM-L6-v2,0.7,0
Machaerium hirtum,Machaerium acaciaefolium,0.607,not synonym,sentence-transformers/all-MiniLM-L6-v2,0.7,1
Archidendron lucyi,Phaseolodes grande,0.2005,not synonym,sentence-transformers/all-MiniLM-L6-v2,0.7,0
Calliandra parvifolia,Feuilleea bicolor,0.2796,not synonym,sentence-transformers/all-MiniLM-L6-v2,0.7,1
Inga pilosula,Bossiaea tenuicaulis,0.4774,not synonym,sentence-transformers/all-MiniLM-L6-v2,0.7,0
Asemeia pohliana,Hoffmannseggia pilosa,0.3277,not synonym,sentence-transformers/all-MiniLM-L6-v2,0.7,0
Asemeia grandiflora,Asemeia leiodes,0.7311,synonym,sentence-transformers/all-MiniLM-L6-v2,0.7,1
Xanthophyllum vitellinum,Comesperma floribundum,0.3625,not synonym,sentence-transformers/all-MiniLM-L6-v2,0.7,0
Dialium schlechteri,Muraltia conferta,0.2294,not synonym,sentence-transformers/all-MiniLM-L6-v2,0.7,0
Microcharis butayei,Calliandra dendroidea,0.3823,not synonym,sentence-transformers/all-MiniLM-L6-v2,0.7,0
Hebecarpa buxifolia,Polygala ovalifolia,0.4554,not synonym,sentence-transformers/all-MiniLM-L6-v2,0.7,1
Carmichaelia compacta,Huttonella compacta,0.561,not synonym,sentence-transformers/all-MiniLM-L6-v2,0.7,1
Securidaca brownii,Securidaca volubilis,0.6511,not synonym,sentence-transformers/all-MiniLM-L6-v2,0.7,1
Monnina polystachya,Monnina cuspidata,0.6859,not synonym,sentence-transformers/all-MiniLM-L6-v2,0.7,1
Mysanthus uleanus,Phaseolus uleanus,0.5612,not synonym,sentence-transformers/all-MiniLM-L6-v2,0.7,1
Comesperma secundum,Lebeckia sericea,0.2938,not synonym,sentence-transformers/all-MiniLM-L6-v2,0.7,0
Securidaca lanceolata,Securidaca sellowiana,0.7445,synonym,sentence-transformers/all-MiniLM-L6-v2,0.7,1
Glycine max,Polygala maritima,0.0625,not synonym,sentence-transformers/all-MiniLM-L6-v2,0.7,0
Acacia covenyi,Machaerium rogaguense,0.2772,not synonym,sentence-transformers/all-MiniLM-L6-v2,0.7,0
Angylocalyx pynaertii,Hippocrepis rossetii,0.2853,not synonym,sentence-transformers/all-MiniLM-L6-v2,0.7,0
Lotus angustissimus,Cadia baronii,0.2968,not synonym,sentence-transformers/all-MiniLM-L6-v2,0.7,0
Genista germanica,Genista macrotropis,0.6572,not synonym,sentence-transformers/all-MiniLM-L6-v2,0.7,1
Collaea speciosa,Racosperma empeliocladum,0.3452,not synonym,sentence-transformers/all-MiniLM-L6-v2,0.7,0
Inga cocleensis,Hippocrepis velutina,0.2459,not synonym,sentence-transformers/all-MiniLM-L6-v2,0.7,0
Monnina sodiroana,Monnina pilgeri,0.7431,synonym,sentence-transformers/all-MiniLM-L6-v2,0.7,1
Genista tridentata,Genistella tridentata,0.768,synonym,sentence-transformers/all-MiniLM-L6-v2,0.7,1
Dialium orientale,Feuilleea myriophylla,0.1731,not synonym,sentence-transformers/all-MiniLM-L6-v2,0.7,0
Archidendron muricarpum,Pithecellobium muricatum,0.4446,not synonym,sentence-transformers/all-MiniLM-L6-v2,0.7,1
Inga edwallii,Affonsea edwallii,0.7251,synonym,sentence-transformers/all-MiniLM-L6-v2,0.7,1
Adenopodia scelerata,Entadopsis scelerata,0.531,not synonym,sentence-transformers/all-MiniLM-L6-v2,0.7,1
Berlinia sapinii,Berlinia delevoyi,0.802,synonym,sentence-transformers/all-MiniLM-L6-v2,0.7,1
Muraltia striata,Senega fendleri,0.3368,not synonym,sentence-transformers/all-MiniLM-L6-v2,0.7,0
Polygala amatymbica,Calliandra nitida,0.2982,not synonym,sentence-transformers/all-MiniLM-L6-v2,0.7,0
Genista tricuspidata,Ebenidium plumosum,0.2147,not synonym,sentence-transformers/all-MiniLM-L6-v2,0.7,0
Quillaja saponaria,Polygala urbani,0.423,not synonym,sentence-transformers/all-MiniLM-L6-v2,0.7,0
Archidendron bauchei,Glycine fortunei,0.3327,not synonym,sentence-transformers/all-MiniLM-L6-v2,0.7,0
Genista canariensis,Cytiscus racemosus,0.2838,not synonym,sentence-transformers/all-MiniLM-L6-v2,0.7,1
Acacia muelleriana,Monnina macrophylla,0.3607,not synonym,sentence-transformers/all-MiniLM-L6-v2,0.7,0
Genista canariensis,Spartium albicans,0.2874,not synonym,sentence-transformers/all-MiniLM-L6-v2,0.7,1
Brachypterum scandens,Berlinia platycarpa,0.1118,not synonym,sentence-transformers/all-MiniLM-L6-v2,0.7,0
Inga edwallii,Affonsea dusenii,0.4555,not synonym,sentence-transformers/all-MiniLM-L6-v2,0.7,1
Muraltia empetroides,Galactia pedunculata,0.3574,not synonym,sentence-transformers/all-MiniLM-L6-v2,0.7,0
Archidendron aruense,Pteromonnina pterocarpa,0.2192,not synonym,sentence-transformers/all-MiniLM-L6-v2,0.7,0
Comesperma variabile,Comesperma variabile,1.0,synonym,sentence-transformers/all-MiniLM-L6-v2,0.7,1
Salomonia cantoniensis,Indigofera cana,0.3841,not synonym,sentence-transformers/all-MiniLM-L6-v2,0.7,0
Polygala amatymbica,Polygala acuminata,0.7236,synonym,sentence-transformers/all-MiniLM-L6-v2,0.7,1
Camptosema rubicundum,Dioclea glycinioides,0.3956,not synonym,sentence-transformers/all-MiniLM-L6-v2,0.7,1
Bossiaea bracteosa,Bossiaea bracteosa,1.0,synonym,sentence-transformers/all-MiniLM-L6-v2,0.7,1
Calliandra viscidula,Pylostachya rugelii,0.365,not synonym,sentence-transformers/all-MiniLM-L6-v2,0.7,0
Acacia amyctica,Racosperma amycticum,0.3851,not synonym,sentence-transformers/all-MiniLM-L6-v2,0.7,1
Ebenus cretica,Anthyllis cretica,0.5967,not synonym,sentence-transformers/all-MiniLM-L6-v2,0.7,1
Erythrostemon exostemma,Dialium marginatum,0.0526,not synonym,sentence-transformers/all-MiniLM-L6-v2,0.7,0
Calobota cytisoides,Crotalaria pulchella,0.5248,not synonym,sentence-transformers/all-MiniLM-L6-v2,0.7,1
Genista germanica,Genista ottomanica,0.6158,not synonym,sentence-transformers/all-MiniLM-L6-v2,0.7,0
Ononis vaginalis,Calpurnia obovata,0.1695,not synonym,sentence-transformers/all-MiniLM-L6-v2,0.7,0
Securidaca diversifolia,Angylocalyx zeucheri,0.3361,not synonym,sentence-transformers/all-MiniLM-L6-v2,0.7,0
Gilbertiodendron pachyanthum,Macrolobium pachyanthum,0.6062,not synonym,sentence-transformers/all-MiniLM-L6-v2,0.7,1
Apios fortunei,Callerya songgangensis,0.1888,not synonym,sentence-transformers/all-MiniLM-L6-v2,0.7,1
Ononis arvensis,Echinospartum lugdunense,0.0481,not synonym,sentence-transformers/all-MiniLM-L6-v2,0.7,0
Genista stenopetala,Teline stenopetala,0.5507,not synonym,sentence-transformers/all-MiniLM-L6-v2,0.7,1
Dahlstedtia hylobia,Dorycnium kotschyi,0.2048,not synonym,sentence-transformers/all-MiniLM-L6-v2,0.7,0
Ononis spinosa,Inga ellipsoidea,0.273,not synonym,sentence-transformers/all-MiniLM-L6-v2,0.7,0
Genista stenopetala,Dialium yambataense,0.0695,not synonym,sentence-transformers/all-MiniLM-L6-v2,0.7,0
Millettia barteri,Millettia gentilii,0.6897,not synonym,sentence-transformers/all-MiniLM-L6-v2,0.7,1
Calliandra pedicellata,Anneslia pedicellata,0.7098,synonym,sentence-transformers/all-MiniLM-L6-v2,0.7,1
Genista stenopetala,Pithecellobium calycinum,0.1508,not synonym,sentence-transformers/all-MiniLM-L6-v2,0.7,0
Archidendron molle,Albizia mollis,0.4225,not synonym,sentence-transformers/all-MiniLM-L6-v2,0.7,1
Flemingia parvifolia,Drepanocarpus inundatus,0.2397,not synonym,sentence-transformers/all-MiniLM-L6-v2,0.7,0
Gastrolobium spinosum,Gastrolobium preissii,0.726,synonym,sentence-transformers/all-MiniLM-L6-v2,0.7,1
Humularia ledermannii,Wiborgia polystachya,0.4748,not synonym,sentence-transformers/all-MiniLM-L6-v2,0.7,0
Gilbertiodendron ogowense,Indigofera sessilis,0.3042,not synonym,sentence-transformers/all-MiniLM-L6-v2,0.7,0
Alistilus jumellei,Glycine membranacea,0.2282,not synonym,sentence-transformers/all-MiniLM-L6-v2,0.7,0
Ancistrotropis clitorioides,Quillaja smegmadermos,0.2073,not synonym,sentence-transformers/all-MiniLM-L6-v2,0.7,0
Muraltia empetroides,Muraltia azorella,0.6305,not synonym,sentence-transformers/all-MiniLM-L6-v2,0.7,1
Delonix elata,Millettia solheidii,0.3811,not synonym,sentence-transformers/all-MiniLM-L6-v2,0.7,0
Comesperma esulifolium,Comesperma esulifolium,1.0,synonym,sentence-transformers/all-MiniLM-L6-v2,0.7,1
Polygala sphenoptera,Lotus broussonetii,0.2318,not synonym,sentence-transformers/all-MiniLM-L6-v2,0.7,0
Gastrolobium nervosum,Polygala ovatifolia,0.254,not synonym,sentence-transformers/all-MiniLM-L6-v2,0.7,0
Ononis fruticosa,Chorizema chandleri,0.2725,not synonym,sentence-transformers/all-MiniLM-L6-v2,0.7,0
Caamembeca andina,Avornela linifolia,0.2863,not synonym,sentence-transformers/all-MiniLM-L6-v2,0.7,0
Genista tricuspidata,Genista longirostrata,0.6377,not synonym,sentence-transformers/all-MiniLM-L6-v2,0.7,1
Securidaca lanceolata,Elsota lanceolata,0.6976,not synonym,sentence-transformers/all-MiniLM-L6-v2,0.7,1
Securidaca sylvestris,Elsota sylvestris,0.6152,not synonym,sentence-transformers/all-MiniLM-L6-v2,0.7,1
Flemingia macrophylla,Muraltia levynsiana,0.3499,not synonym,sentence-transformers/all-MiniLM-L6-v2,0.7,0
Lupinus sarmentosus,Lupinus gracilis,0.744,synonym,sentence-transformers/all-MiniLM-L6-v2,0.7,1
Epirixanthes elongata,Calliandra mertensioides,0.3021,not synonym,sentence-transformers/all-MiniLM-L6-v2,0.7,0
Flemingia angusta,Polygala laotica,0.2615,not synonym,sentence-transformers/all-MiniLM-L6-v2,0.7,0
Amphicarpaea bracteata,Cryptolobus sarmentosus,0.2637,not synonym,sentence-transformers/all-MiniLM-L6-v2,0.7,1
Betencourtia gracillima,Galactia gracillima,0.5961,not synonym,sentence-transformers/all-MiniLM-L6-v2,0.7,1
Gastrolobium racemosum,Chorizema magnifolium,0.4116,not synonym,sentence-transformers/all-MiniLM-L6-v2,0.7,1
Inga fastuosa,Spiroloba fastuosa,0.6262,not synonym,sentence-transformers/all-MiniLM-L6-v2,0.7,1
Badiera penaea,Badiera portoricensis,0.6453,not synonym,sentence-transformers/all-MiniLM-L6-v2,0.7,1
Hebecarpa velutina,Inga taxifolia,0.3576,not synonym,sentence-transformers/all-MiniLM-L6-v2,0.7,0
Flemingia macrophylla,Moghania cummingiana,0.337,not synonym,sentence-transformers/all-MiniLM-L6-v2,0.7,1
Comesperma ericinum,Quillaja sellowiana,0.2626,not synonym,sentence-transformers/all-MiniLM-L6-v2,0.7,0
Asemeia violacea,Calliandra chotanoana,0.2823,not synonym,sentence-transformers/all-MiniLM-L6-v2,0.7,0
Coulteria mollis,Viborquia nigrostipellata,0.1967,not synonym,sentence-transformers/all-MiniLM-L6-v2,0.7,0
Adenopodia schlechteri,Teline candicans,0.1701,not synonym,sentence-transformers/all-MiniLM-L6-v2,0.7,0
Daniellia pynaertii,Daniellia mortehanii,0.7262,synonym,sentence-transformers/all-MiniLM-L6-v2,0.7,1
Decorsea grandidieri,Decorsea grandidieri,1.0,synonym,sentence-transformers/all-MiniLM-L6-v2,0.7,1
Brachypterum robustum,Polygala corsica,0.21,not synonym,sentence-transformers/all-MiniLM-L6-v2,0.7,0
Chorizema parviflorum,Carpolobia conradsiana,0.4589,not synonym,sentence-transformers/all-MiniLM-L6-v2,0.7,0
Archidendron eberhardtii,Lotus sericeus,0.3222,not synonym,sentence-transformers/all-MiniLM-L6-v2,0.7,0
Glycine tomentella,Polygala ponsii,0.2535,not synonym,sentence-transformers/all-MiniLM-L6-v2,0.7,0
Machaerium seemannii,Machaerium intermedium,0.6832,not synonym,sentence-transformers/all-MiniLM-L6-v2,0.7,1
Hippocrepis multisiliquosa,Hippocrepis confusa,0.7709,synonym,sentence-transformers/all-MiniLM-L6-v2,0.7,1
Acacia mearnsii,Racosperma mearnsii,0.4795,not synonym,sentence-transformers/all-MiniLM-L6-v2,0.7,1
Gilbertiodendron bilineatum,Macrolobium bilineatum,0.5727,not synonym,sentence-transformers/all-MiniLM-L6-v2,0.7,1
Gilbertiodendron zenkeri,Macrolobium zenkeri,0.6151,not synonym,sentence-transformers/all-MiniLM-L6-v2,0.7,1
Ebenus laguroides,Millettia drasticoides,0.4907,not synonym,sentence-transformers/all-MiniLM-L6-v2,0.7,0
Microcharis karinensis,Indigofera karinensis,0.5529,not synonym,sentence-transformers/all-MiniLM-L6-v2,0.7,1
Securidaca diversifolia,Polygala fimutu,0.27,not synonym,sentence-transformers/all-MiniLM-L6-v2,0.7,0
Lotus strictus,Lotus hirtulus,0.7165,synonym,sentence-transformers/all-MiniLM-L6-v2,0.7,0
Candolleodendron brachystachyum,Feuilleea rigida,0.24,not synonym,sentence-transformers/all-MiniLM-L6-v2,0.7,0
Lotus angustissimus,Bredemeyera autranii,0.2413,not synonym,sentence-transformers/all-MiniLM-L6-v2,0.7,0
Ononis antiquorum,Ononis antiquorum,1.0,synonym,sentence-transformers/all-MiniLM-L6-v2,0.7,1
Ononis sieberi,Ononis sieberi,1.0,synonym,sentence-transformers/all-MiniLM-L6-v2,0.7,1
Monnina cyanea,Pteromonnina cyanea,0.6871,not synonym,sentence-transformers/all-MiniLM-L6-v2,0.7,1
Polygala trichosperma,Polygala zindae,0.5936,not synonym,sentence-transformers/all-MiniLM-L6-v2,0.7,1
Inga pilosula,Hebeandra crassifolia,0.2606,not synonym,sentence-transformers/all-MiniLM-L6-v2,0.7,0
Millettia macrophylla,Pithecellobium tjendana,0.316,not synonym,sentence-transformers/all-MiniLM-L6-v2,0.7,0
Dahlstedtia floribunda,Sphinctolobium floribundum,0.512,not synonym,sentence-transformers/all-MiniLM-L6-v2,0.7,1
Archidendron poilanei,Cylindrokelupha annamense,0.3293,not synonym,sentence-transformers/all-MiniLM-L6-v2,0.7,1
Acacia genistifolia,Acacia davesoides,0.672,not synonym,sentence-transformers/all-MiniLM-L6-v2,0.7,1
Erythrostemon caudatus,Schrammia caudata,0.3505,not synonym,sentence-transformers/all-MiniLM-L6-v2,0.7,1
Delonix elata,Dorycnium intermedium,0.2879,not synonym,sentence-transformers/all-MiniLM-L6-v2,0.7,0
Genista tricuspidata,Genista pomelii,0.6872,not synonym,sentence-transformers/all-MiniLM-L6-v2,0.7,1
Inga densiflora,Inga limonensis,0.5968,not synonym,sentence-transformers/all-MiniLM-L6-v2,0.7,1
Muraltia juniperifolia,Mundtia desertorum,0.3608,not synonym,sentence-transformers/all-MiniLM-L6-v2,0.7,1
Machaerium hirtum,Polygala diversifolia,0.1875,not synonym,sentence-transformers/all-MiniLM-L6-v2,0.7,0
Acacia botrydion,Racosperma botrydion,0.2753,not synonym,sentence-transformers/all-MiniLM-L6-v2,0.7,1
Epirixanthes elongata,Dioclea glycinioides,0.3636,not synonym,sentence-transformers/all-MiniLM-L6-v2,0.7,0
Brachypterum philippinense,Hippocrepis commutata,0.2804,not synonym,sentence-transformers/all-MiniLM-L6-v2,0.7,0
Calliandra surinamensis,Wisteria involuta,0.3189,not synonym,sentence-transformers/all-MiniLM-L6-v2,0.7,0
Comesperma nudiusculum,Polygala desertorum,0.2954,not synonym,sentence-transformers/all-MiniLM-L6-v2,0.7,0
Calliandra guildingii,Brachysema latifolium,0.2865,not synonym,sentence-transformers/all-MiniLM-L6-v2,0.7,0
Muraltia ericoides,Heistera poiretii,0.3482,not synonym,sentence-transformers/all-MiniLM-L6-v2,0.7,1
Brya ebenus,Lupinus rivularis,0.2891,not synonym,sentence-transformers/all-MiniLM-L6-v2,0.7,0
Acacia chrysella,Racosperma chrysellum,0.4241,not synonym,sentence-transformers/all-MiniLM-L6-v2,0.7,1
Xanthophyllum flavescens,Xanthophyllum sarawakensis,0.7638,synonym,sentence-transformers/all-MiniLM-L6-v2,0.7,1
Dialium pobeguinii,Feuilleea stipulacea,0.2744,not synonym,sentence-transformers/all-MiniLM-L6-v2,0.7,0
Nogra filicaulis,Grona filicaulis,0.6493,not synonym,sentence-transformers/all-MiniLM-L6-v2,0.7,1
Genista aristata,Aotus lanigera,0.4002,not synonym,sentence-transformers/all-MiniLM-L6-v2,0.7,0
Collaea speciosa,Lotus americanus,0.1889,not synonym,sentence-transformers/all-MiniLM-L6-v2,0.7,1
Disynstemon paullinioides,Ononis reclinata,0.3161,not synonym,sentence-transformers/all-MiniLM-L6-v2,0.7,0
Ononis viscosa,Albizia dalatensis,0.2282,not synonym,sentence-transformers/all-MiniLM-L6-v2,0.7,0
Lotus jacobaeus,Lotus lugubris,0.6395,not synonym,sentence-transformers/all-MiniLM-L6-v2,0.7,1
Kotschya schweinfurthii,Securidaca fallax,0.3237,not synonym,sentence-transformers/all-MiniLM-L6-v2,0.7,0
Chesneya paucifoliolata,Smithia stolonifera,0.4151,not synonym,sentence-transformers/all-MiniLM-L6-v2,0.7,0
Calliandra eriophylla,Drepanocarpus floridus,0.5212,not synonym,sentence-transformers/all-MiniLM-L6-v2,0.7,0
Moutabea aculeata,Moutabea acostae,0.8826,synonym,sentence-transformers/all-MiniLM-L6-v2,0.7,1
Amphicarpaea bracteata,Tetrodea monoica,0.3939,not synonym,sentence-transformers/all-MiniLM-L6-v2,0.7,1
Gastrolobium pyramidale,Gastrolobium polycephalum,0.6486,not synonym,sentence-transformers/all-MiniLM-L6-v2,0.7,1
Xanthophyllum ellipticum,Flemingia horsfieldii,0.3208,not synonym,sentence-transformers/all-MiniLM-L6-v2,0.7,0
Hebecarpa buxifolia,Polygala nutkana,0.4009,not synonym,sentence-transformers/all-MiniLM-L6-v2,0.7,1
Acacia peruviana,Mimosa peruviana,0.6398,not synonym,sentence-transformers/all-MiniLM-L6-v2,0.7,1
Genista tricuspidata,Dialium reticulatum,0.2173,not synonym,sentence-transformers/all-MiniLM-L6-v2,0.7,0
Inga umbratica,Feuilleea umbratica,0.5521,not synonym,sentence-transformers/all-MiniLM-L6-v2,0.7,1
Carmichaelia juncea,Carmichaelia lacustris,0.7977,synonym,sentence-transformers/all-MiniLM-L6-v2,0.7,1
Polygaloides paucifolia,Lotus pumilus,0.292,not synonym,sentence-transformers/all-MiniLM-L6-v2,0.7,0
Lotus dorycnium,Indigofera acutifolia,0.3466,not synonym,sentence-transformers/all-MiniLM-L6-v2,0.7,0
Salomonia cantoniensis,Polygala undulata,0.4115,not synonym,sentence-transformers/all-MiniLM-L6-v2,0.7,1
Hebecarpa caracasana,Dorycnium sericeum,0.1109,not synonym,sentence-transformers/all-MiniLM-L6-v2,0.7,0
Asemeia lindmaniana,Polygala lindmaniana,0.6717,not synonym,sentence-transformers/all-MiniLM-L6-v2,0.7,1
Machaerium bondaense,Machaerium bondaen,0.9641,synonym,sentence-transformers/all-MiniLM-L6-v2,0.7,1
Genista spachiana,Genista bracteolata,0.6883,not synonym,sentence-transformers/all-MiniLM-L6-v2,0.7,1
Acacia bakeri,Acacia striata,0.7102,synonym,sentence-transformers/all-MiniLM-L6-v2,0.7,1
Archidendron clypearia,Albizia clypearia,0.468,not synonym,sentence-transformers/all-MiniLM-L6-v2,0.7,1
Xanthophyllum flavescens,Xanthophyllum excelsum,0.7842,synonym,sentence-transformers/all-MiniLM-L6-v2,0.7,1
Archidendron bubalinum,Macrolobium imenoense,0.2932,not synonym,sentence-transformers/all-MiniLM-L6-v2,0.7,0
Ononis natrix,Racosperma aculeatissimum,0.1315,not synonym,sentence-transformers/all-MiniLM-L6-v2,0.7,0
Chesneya nubigena,Acacia daintreeana,0.3563,not synonym,sentence-transformers/all-MiniLM-L6-v2,0.7,0
Archidendron palauense,Pithecellobium laxiflorum,0.1188,not synonym,sentence-transformers/all-MiniLM-L6-v2,0.7,1
Archidendron bigeminum,Feuilleea bigemina,0.3739,not synonym,sentence-transformers/all-MiniLM-L6-v2,0.7,1
Lotus longisiliquosus,Ebenidium creticum,0.2867,not synonym,sentence-transformers/all-MiniLM-L6-v2,0.7,0
Lotus holosericeus,Lotus genistoides,0.6504,not synonym,sentence-transformers/all-MiniLM-L6-v2,0.7,1
Millettia penicillata,Oxylobium graniticum,0.2855,not synonym,sentence-transformers/all-MiniLM-L6-v2,0.7,0
Ononis mitissima,Caesalpinia californica,0.2319,not synonym,sentence-transformers/all-MiniLM-L6-v2,0.7,0
Dialium platysepalum,Dialium maingayi,0.6964,not synonym,sentence-transformers/all-MiniLM-L6-v2,0.7,1
Humularia apiculata,Humularia luentensis,0.7346,synonym,sentence-transformers/all-MiniLM-L6-v2,0.7,1
Xanthophyllum flavescens,Inga afzelioides,0.2254,not synonym,sentence-transformers/all-MiniLM-L6-v2,0.7,0
Securidaca longifolia,Falcata bracteata,0.3247,not synonym,sentence-transformers/all-MiniLM-L6-v2,0.7,0
Calliandra hirsuta,Anneslia speciosa,0.2206,not synonym,sentence-transformers/all-MiniLM-L6-v2,0.7,1
Errazurizia benthamii,Dalea benthamii,0.4814,not synonym,sentence-transformers/all-MiniLM-L6-v2,0.7,1
Calliandra asplenioides,Feuilleea asplenioides,0.6491,not synonym,sentence-transformers/all-MiniLM-L6-v2,0.7,1
Ononis fruticosa,Anonis fruticosa,0.6442,not synonym,sentence-transformers/all-MiniLM-L6-v2,0.7,1
Millettia dubia,Feuilleea virescens,0.3227,not synonym,sentence-transformers/all-MiniLM-L6-v2,0.7,0
Bredemeyera hebeclada,Muraltia ruscifolia,0.2378,not synonym,sentence-transformers/all-MiniLM-L6-v2,0.7,0
Heinekenia petiorhyncha,Heinekenia petiorhyncha,1.0,synonym,sentence-transformers/all-MiniLM-L6-v2,0.7,1
Muraltia macrocarpa,Muraltia hamata,0.7164,synonym,sentence-transformers/all-MiniLM-L6-v2,0.7,1
Archidendron jiringa,Heisteria trinervia,0.1943,not synonym,sentence-transformers/all-MiniLM-L6-v2,0.7,0
Gilbertiodendron obliquum,Albizia rostrata,0.4352,not synonym,sentence-transformers/all-MiniLM-L6-v2,0.7,0
Polygala serpentaria,Cytisus pinnatus,0.3461,not synonym,sentence-transformers/all-MiniLM-L6-v2,0.7,0
Comesperma ericinum,Comesperma cordifolium,0.6299,not synonym,sentence-transformers/all-MiniLM-L6-v2,0.7,1
Monnina marginata,Monnina laurifolia,0.6486,not synonym,sentence-transformers/all-MiniLM-L6-v2,0.7,1
Echinospartum boissieri,Feuilleea speciosa,0.4342,not synonym,sentence-transformers/all-MiniLM-L6-v2,0.7,0
Lotus lalambensis,Mundtia candolleana,0.2411,not synonym,sentence-transformers/all-MiniLM-L6-v2,0.7,0
Acacia neorigida,Racosperma rigidum,0.1574,not synonym,sentence-transformers/all-MiniLM-L6-v2,0.7,1
Machaerium glabrum,Machaerium papilisetosum,0.6031,not synonym,sentence-transformers/all-MiniLM-L6-v2,0.7,1
Nissolia longiflora,Chaetocalyx longiflorus,0.4808,not synonym,sentence-transformers/all-MiniLM-L6-v2,0.7,1
Ononis serrata,Polygala regnellii,0.3447,not synonym,sentence-transformers/all-MiniLM-L6-v2,0.7,0
Ononis sicula,Hoffmannseggia densiflora,0.3674,not synonym,sentence-transformers/all-MiniLM-L6-v2,0.7,0
Ancistrotropis peduncularis,Cupulanthus bracteolosus,0.3345,not synonym,sentence-transformers/all-MiniLM-L6-v2,0.7,0
Acacia flavipila,Racosperma flavipilum,0.3125,not synonym,sentence-transformers/all-MiniLM-L6-v2,0.7,1
Quillaja brasiliensis,Polygala claessensii,0.4021,not synonym,sentence-transformers/all-MiniLM-L6-v2,0.7,0
Nissolia platycarpa,Pongamia velutina,0.3909,not synonym,sentence-transformers/all-MiniLM-L6-v2,0.7,0
Archidendron jiringa,Heterostemon conjugatus,0.2726,not synonym,sentence-transformers/all-MiniLM-L6-v2,0.7,0
Comesperma calymega,Millettia sericea,0.3445,not synonym,sentence-transformers/all-MiniLM-L6-v2,0.7,0
Muraltia mixta,Securidaca corytholobium,0.272,not synonym,sentence-transformers/all-MiniLM-L6-v2,0.7,0
Recchia connaroides,Rigiostachys connaroides,0.6074,not synonym,sentence-transformers/all-MiniLM-L6-v2,0.7,1
Lupinus paraguariensis,Chamaebuxus polygaleoides,0.3497,not synonym,sentence-transformers/all-MiniLM-L6-v2,0.7,0
Inga tenuistipula,Inga guentheri,0.5469,not synonym,sentence-transformers/all-MiniLM-L6-v2,0.7,1
Archidendron quocense,Abarema quocense,0.4659,not synonym,sentence-transformers/all-MiniLM-L6-v2,0.7,1
Gastrolobium heterophyllum,Nemcia heterophylla,0.5891,not synonym,sentence-transformers/all-MiniLM-L6-v2,0.7,1
Archidendron fagifolium,Hippocrepis bicontorta,0.2911,not synonym,sentence-transformers/all-MiniLM-L6-v2,0.7,0
Kotschya speciosa,Millettia pulchra,0.3662,not synonym,sentence-transformers/all-MiniLM-L6-v2,0.7,0
Coulteria cubensis,Polygala congoensis,0.4264,not synonym,sentence-transformers/all-MiniLM-L6-v2,0.7,0
Phlebotaenia cowellii,Phlebotaenia portoricensis,0.7426,synonym,sentence-transformers/all-MiniLM-L6-v2,0.7,1
Xanthophyllum obscurum,Feuilleea eriophylla,0.3601,not synonym,sentence-transformers/all-MiniLM-L6-v2,0.7,0
Archidendron oppositum,Phaseolus tuberosus,0.3193,not synonym,sentence-transformers/all-MiniLM-L6-v2,0.7,0
Muraltia squarrosa,Heisteria brevicornu,0.4145,not synonym,sentence-transformers/all-MiniLM-L6-v2,0.7,0
Millettia sericea,Polygala hirsuta,0.3694,not synonym,sentence-transformers/all-MiniLM-L6-v2,0.7,0
Genista germanica,Genista godetii,0.5934,not synonym,sentence-transformers/all-MiniLM-L6-v2,0.7,0
Asemeia monninoides,Hippocrepis comosa,0.1955,not synonym,sentence-transformers/all-MiniLM-L6-v2,0.7,0
Flemingia teysmanniana,Maughania teysmanniana,0.6895,not synonym,sentence-transformers/all-MiniLM-L6-v2,0.7,1
Acacia genistifolia,Genista borysthenica,0.227,not synonym,sentence-transformers/all-MiniLM-L6-v2,0.7,0
Genista humifusa,Heistera asparagifolia,0.195,not synonym,sentence-transformers/all-MiniLM-L6-v2,0.7,0
Muraltia satureioides,Muraltia burmanni,0.5495,not synonym,sentence-transformers/all-MiniLM-L6-v2,0.7,1
Dialium guianense,Aruna divaricata,0.1706,not synonym,sentence-transformers/all-MiniLM-L6-v2,0.7,1
Inga inicuil,Inga jinicuil,0.724,synonym,sentence-transformers/all-MiniLM-L6-v2,0.7,1
Flemingia kerrii,Senega campestris,0.2555,not synonym,sentence-transformers/all-MiniLM-L6-v2,0.7,0
Hoita macrostachya,Muraltia ecornuta,0.3036,not synonym,sentence-transformers/all-MiniLM-L6-v2,0.7,0
Xanthophyllum griffithii,Amerimnon escatophyllum,0.6803,not synonym,sentence-transformers/all-MiniLM-L6-v2,0.7,0
Millettia comosa,Racosperma enterocarpum,0.1305,not synonym,sentence-transformers/all-MiniLM-L6-v2,0.7,0
Dahlstedtia glaziovii,Muellera glaziovii,0.7251,synonym,sentence-transformers/all-MiniLM-L6-v2,0.7,1
Acacia obtusata,Racosperma obtusatum,0.2963,not synonym,sentence-transformers/all-MiniLM-L6-v2,0.7,1
Comesperma nudiusculum,Cylindrokelupha dalatensis,0.2804,not synonym,sentence-transformers/all-MiniLM-L6-v2,0.7,0
Millettia piscidia,Racosperma courtii,0.4075,not synonym,sentence-transformers/all-MiniLM-L6-v2,0.7,0
Erythrostemon pannosus,Pithecellobium alatum,0.3022,not synonym,sentence-transformers/all-MiniLM-L6-v2,0.7,0
Machaerium punctatum,Lotus dioscoridis,0.1545,not synonym,sentence-transformers/all-MiniLM-L6-v2,0.7,0
Lotus graecus,Dalbergia sericea,0.3237,not synonym,sentence-transformers/all-MiniLM-L6-v2,0.7,0
Ononis euphrasiifolia,Genistella florida,0.2231,not synonym,sentence-transformers/all-MiniLM-L6-v2,0.7,0
Flemingia parviflora,Adenopodia patens,0.2908,not synonym,sentence-transformers/all-MiniLM-L6-v2,0.7,0
Asemeia grandiflora,Asemeia cumulicola,0.7178,synonym,sentence-transformers/all-MiniLM-L6-v2,0.7,1
Millettia barteri,Millettia urophylla,0.5095,not synonym,sentence-transformers/all-MiniLM-L6-v2,0.7,1
Leptocyamus tabacina,Ononis littoralis,0.2491,not synonym,sentence-transformers/all-MiniLM-L6-v2,0.7,0
Genista stenopetala,Pithecellobium muricatum,0.1885,not synonym,sentence-transformers/all-MiniLM-L6-v2,0.7,0
Dysolobium grande,Inga purpurea,0.2864,not synonym,sentence-transformers/all-MiniLM-L6-v2,0.7,0
Erythrostemon epifanioi,Chesneya euphratensis,0.2926,not synonym,sentence-transformers/all-MiniLM-L6-v2,0.7,0
Calobota cytisoides,Lebeckia marginata,0.3381,not synonym,sentence-transformers/all-MiniLM-L6-v2,0.7,1
Flemingia sootepensis,Spartium linifolium,0.331,not synonym,sentence-transformers/all-MiniLM-L6-v2,0.7,0
Millettia glaucescens,Dialium praetermissum,0.3182,not synonym,sentence-transformers/all-MiniLM-L6-v2,0.7,0
Glycine clandestina,Kennedynella clandestina,0.5699,not synonym,sentence-transformers/all-MiniLM-L6-v2,0.7,1
Genista segonnei,Geissaspis subscabra,0.3024,not synonym,sentence-transformers/all-MiniLM-L6-v2,0.7,0
Genista januensis,Genista spathulata,0.6407,not synonym,sentence-transformers/all-MiniLM-L6-v2,0.7,1
Carmichaelia australis,Carmichaelia corymbosa,0.7186,synonym,sentence-transformers/all-MiniLM-L6-v2,0.7,1
Erinacea anthyllis,Myrospermum pedicellatum,0.291,not synonym,sentence-transformers/all-MiniLM-L6-v2,0.7,0
Calliandra parvifolia,Anneslia parvifolia,0.6564,not synonym,sentence-transformers/all-MiniLM-L6-v2,0.7,1
Archidendron robinsonii,Cylindrokelupha poilanei,0.3524,not synonym,sentence-transformers/all-MiniLM-L6-v2,0.7,1
Glycine tabacina,Bredemeyera defoliata,0.2742,not synonym,sentence-transformers/all-MiniLM-L6-v2,0.7,0
Archidendron bubalinum,Jansonia formosa,0.2323,not synonym,sentence-transformers/all-MiniLM-L6-v2,0.7,0
Archidendron turgidum,Cytisus ramosissimus,0.3905,not synonym,sentence-transformers/all-MiniLM-L6-v2,0.7,0
Dolichopsis ligulata,Phaseolus ligulatus,0.5822,not synonym,sentence-transformers/all-MiniLM-L6-v2,0.7,1
Hebecarpa caracasana,Lotus clausonis,0.1575,not synonym,sentence-transformers/all-MiniLM-L6-v2,0.7,0
Polygala grazielae,Muraltia viminea,0.3959,not synonym,sentence-transformers/all-MiniLM-L6-v2,0.7,0
Lotus subbiflorus,Lotus filiformis,0.7294,synonym,sentence-transformers/all-MiniLM-L6-v2,0.7,1
Calliandra haematocephala,Cajanus wolgaricus,0.3505,not synonym,sentence-transformers/all-MiniLM-L6-v2,0.7,0
Lupinus padre-crowleyi,Lupinus dedeckerae,0.5841,not synonym,sentence-transformers/all-MiniLM-L6-v2,0.7,1
Lotus conimbricensis,Inga codonantha,0.1567,not synonym,sentence-transformers/all-MiniLM-L6-v2,0.7,0
Inga laurina,Cytisus philippii,0.1788,not synonym,sentence-transformers/all-MiniLM-L6-v2,0.7,0
Comesperma integerrimum,Comesperma scandens,0.557,not synonym,sentence-transformers/all-MiniLM-L6-v2,0.7,1
Camptosema rubicundum,Comesperma contractum,0.3595,not synonym,sentence-transformers/all-MiniLM-L6-v2,0.7,0
Padbruggea filipes,Caesalpinia coluteifolia,0.3179,not synonym,sentence-transformers/all-MiniLM-L6-v2,0.7,0
Collaea speciosa,Calliandra tocantina,0.3491,not synonym,sentence-transformers/all-MiniLM-L6-v2,0.7,0
Ancistrotropis firmula,Damapana aeschynomenodes,0.227,not synonym,sentence-transformers/all-MiniLM-L6-v2,0.7,0
Erythrostemon pannosus,Caesalpinia pannosa,0.4407,not synonym,sentence-transformers/all-MiniLM-L6-v2,0.7,1
Millettia grandis,Ononis pseudocintrana,0.2726,not synonym,sentence-transformers/all-MiniLM-L6-v2,0.7,0
Inga laevigata,Inga semiglabra,0.7109,synonym,sentence-transformers/all-MiniLM-L6-v2,0.7,1
Lotus hirsutus,Spartium triquetrum,0.2472,not synonym,sentence-transformers/all-MiniLM-L6-v2,0.7,0
Archidendron kalkmanii,Abarema kalkmanii,0.6155,not synonym,sentence-transformers/all-MiniLM-L6-v2,0.7,1
Muraltia calycina,Polygala nutkana,0.2705,not synonym,sentence-transformers/all-MiniLM-L6-v2,0.7,0
Gastrolobium modestum,Brachysema modestum,0.6133,not synonym,sentence-transformers/all-MiniLM-L6-v2,0.7,1
Rhinotropis desertorum,Polygala desertorum,0.5917,not synonym,sentence-transformers/all-MiniLM-L6-v2,0.7,1
Genista stenopetala,Muraltia faciculata,0.2736,not synonym,sentence-transformers/all-MiniLM-L6-v2,0.7,0
Rhinotropis desertorum,Machaerium discolor,0.2635,not synonym,sentence-transformers/all-MiniLM-L6-v2,0.7,0
Genista carinalis,Derris glaziovii,0.5095,not synonym,sentence-transformers/all-MiniLM-L6-v2,0.7,0
Calpurnia sericea,Mimosa flagelliformis,0.3171,not synonym,sentence-transformers/all-MiniLM-L6-v2,0.7,0
Securidaca retusa,Elsota retusa,0.6744,not synonym,sentence-transformers/all-MiniLM-L6-v2,0.7,1
Monnina bonplandiana,Hebeandra mucronata,0.4128,not synonym,sentence-transformers/all-MiniLM-L6-v2,0.7,1
Flemingia wightiana,Mimosa houstoniana,0.438,not synonym,sentence-transformers/all-MiniLM-L6-v2,0.7,0
Bouffordia dichotoma,Nemcia cuneata,0.2154,not synonym,sentence-transformers/all-MiniLM-L6-v2,0.7,0
Inga laevigata,Maughania paniculata,0.1878,not synonym,sentence-transformers/all-MiniLM-L6-v2,0.7,0
Muraltia heisteria,Nemcia dilatata,0.3784,not synonym,sentence-transformers/all-MiniLM-L6-v2,0.7,0
Genista spartioides,Genista palmiformis,0.5975,not synonym,sentence-transformers/all-MiniLM-L6-v2,0.7,1
Angylocalyx oligophyllus,Uraria retrofructa,0.2518,not synonym,sentence-transformers/all-MiniLM-L6-v2,0.7,0
Calliandra sessilis,Calliandra tocatina,0.6685,not synonym,sentence-transformers/all-MiniLM-L6-v2,0.7,1
Apios carnea,Apios carnea,1.0,synonym,sentence-transformers/all-MiniLM-L6-v2,0.7,1
Hebecarpa caracasana,Larrea pueblana,0.4416,not synonym,sentence-transformers/all-MiniLM-L6-v2,0.7,0
Amphicarpaea bracteata,Savia volubilis,0.3456,not synonym,sentence-transformers/all-MiniLM-L6-v2,0.7,1
Acacia johannis,Racosperma johannis,0.4314,not synonym,sentence-transformers/all-MiniLM-L6-v2,0.7,1
Genista radiata,Enantiospartum radiatum,0.3543,not synonym,sentence-transformers/all-MiniLM-L6-v2,0.7,1
Archidendron lucidum,Archidendron brevipes,0.7783,synonym,sentence-transformers/all-MiniLM-L6-v2,0.7,0
Ononis ornithopodioides,Millettia obtusa,0.3484,not synonym,sentence-transformers/all-MiniLM-L6-v2,0.7,0
Amphicarpaea bracteata,Amphicarpaea japonica,0.747,synonym,sentence-transformers/all-MiniLM-L6-v2,0.7,1
Berlinia giorgii,Racosperma hemignostum,0.1295,not synonym,sentence-transformers/all-MiniLM-L6-v2,0.7,0
Dimorphandra vernicosa,Dimorphandra vernicosa,1.0,synonym,sentence-transformers/all-MiniLM-L6-v2,0.7,1
Acacia microcalyx,Racosperma microcalyx,0.3752,not synonym,sentence-transformers/all-MiniLM-L6-v2,0.7,1
Hoffmannseggia drummondii,Machaerium marginatum,0.2156,not synonym,sentence-transformers/all-MiniLM-L6-v2,0.7,0
Salomonia ciliata,Salomonia obovata,0.8409,synonym,sentence-transformers/all-MiniLM-L6-v2,0.7,1
Hippocrepis comosa,Hippocrepis rolandi,0.7388,synonym,sentence-transformers/all-MiniLM-L6-v2,0.7,1
Decorsea dinteri,Ononis adglutinans,0.3689,not synonym,sentence-transformers/all-MiniLM-L6-v2,0.7,0
Flemingia angusta,Maughania angusta,0.6574,not synonym,sentence-transformers/all-MiniLM-L6-v2,0.7,1
Monnina cuneata,Podolobium coriaceum,0.2804,not synonym,sentence-transformers/all-MiniLM-L6-v2,0.7,0
Genista hispanica,Dorycnium hirsuitum,0.0741,not synonym,sentence-transformers/all-MiniLM-L6-v2,0.7,0
Ononis orygalis,Racosperma cochlocarpum,0.2333,not synonym,sentence-transformers/all-MiniLM-L6-v2,0.7,0
Hoita orbicularis,Hoita douglasii,0.573,not synonym,sentence-transformers/all-MiniLM-L6-v2,0.7,0
Erythrostemon gilliesii,Poinciania gilliesii,0.6854,not synonym,sentence-transformers/all-MiniLM-L6-v2,0.7,1
Monnina salicifolia,Monnina crotalarioides,0.6141,not synonym,sentence-transformers/all-MiniLM-L6-v2,0.7,1
Calliandra californica,Lonchocarpus hylobius,0.3524,not synonym,sentence-transformers/all-MiniLM-L6-v2,0.7,0
Acacia leptophleba,Bossiaea cordifolia,0.42,not synonym,sentence-transformers/all-MiniLM-L6-v2,0.7,0
Adenopodia patens,Adenopodia patens,1.0,synonym,sentence-transformers/all-MiniLM-L6-v2,0.7,1
Myroxylon balsamum,Lonchocarpus grandiflorus,0.3587,not synonym,sentence-transformers/all-MiniLM-L6-v2,0.7,0
Gilbertiodendron pachyanthum,Senega appressa,0.1975,not synonym,sentence-transformers/all-MiniLM-L6-v2,0.7,0
Monnina marginata,Polygala stipulacea,0.3618,not synonym,sentence-transformers/all-MiniLM-L6-v2,0.7,0
Lotus maritimus,Calliandra anthoniae,0.3468,not synonym,sentence-transformers/all-MiniLM-L6-v2,0.7,0
Millettia pachycarpa,Genista polyanthus,0.3927,not synonym,sentence-transformers/all-MiniLM-L6-v2,0.7,0
Archidendron aruense,Pithecellobium aruense,0.3028,not synonym,sentence-transformers/all-MiniLM-L6-v2,0.7,1
Flemingia macrophylla,Smithia thymodora,0.3671,not synonym,sentence-transformers/all-MiniLM-L6-v2,0.7,0
Bossiaea hendersonii,Bossiaea cordigera,0.7751,synonym,sentence-transformers/all-MiniLM-L6-v2,0.7,1
Inga splendidissima,Anneslia parvifolia,0.2908,not synonym,sentence-transformers/all-MiniLM-L6-v2,0.7,0
Kotschya aeschynomenoides,Smithia volkensii,0.1814,not synonym,sentence-transformers/all-MiniLM-L6-v2,0.7,1
Inga laurina,Mimosa coruscans,0.252,not synonym,sentence-transformers/all-MiniLM-L6-v2,0.7,1
Lotus hirsutus,Xanthophyllum laoticum,0.3902,not synonym,sentence-transformers/all-MiniLM-L6-v2,0.7,0
Genista tenera,Cytisus congestus,0.0986,not synonym,sentence-transformers/all-MiniLM-L6-v2,0.7,1
Polygala ludwigiana,Lupinus inflatus,0.3073,not synonym,sentence-transformers/all-MiniLM-L6-v2,0.7,0
Daniellia ogea,Daniellia punchii,0.716,synonym,sentence-transformers/all-MiniLM-L6-v2,0.7,1
Kotschya platyphylla,Genista virgata,0.1731,not synonym,sentence-transformers/all-MiniLM-L6-v2,0.7,0
Securidaca diversifolia,Elsota schlechtendaliana,0.4015,not synonym,sentence-transformers/all-MiniLM-L6-v2,0.7,1
Ononis sieberi,Bredemeyera lucida,0.4095,not synonym,sentence-transformers/all-MiniLM-L6-v2,0.7,0
Delonix elata,Cytisus segonnei,0.427,not synonym,sentence-transformers/all-MiniLM-L6-v2,0.7,0
Inga sapindoides,Inga pitteri,0.4671,not synonym,sentence-transformers/all-MiniLM-L6-v2,0.7,1
Inga blanchetiana,Feuilleea blanchetiana,0.7464,synonym,sentence-transformers/all-MiniLM-L6-v2,0.7,1
Archidendron balansae,Lotus affinis,0.3017,not synonym,sentence-transformers/all-MiniLM-L6-v2,0.7,0
Archidendron clypearia,Adenanthera ossea,0.3278,not synonym,sentence-transformers/all-MiniLM-L6-v2,0.7,1
Calliandra purpurea,Codonandra coroensis,0.4506,not synonym,sentence-transformers/all-MiniLM-L6-v2,0.7,1
Gastrolobium coriaceum,Chorizema coriaceum,0.6659,not synonym,sentence-transformers/all-MiniLM-L6-v2,0.7,1
Xanthophyllum lanceatum,Hedysarum dichotomum,0.2843,not synonym,sentence-transformers/all-MiniLM-L6-v2,0.7,0
Genista spachiana,Grona dalzellii,0.5154,not synonym,sentence-transformers/all-MiniLM-L6-v2,0.7,0
Securidaca cacumina,Securidaca cacuminis,0.9272,synonym,sentence-transformers/all-MiniLM-L6-v2,0.7,1
Lotus herbaceus,Spartium aetnense,0.3281,not synonym,sentence-transformers/all-MiniLM-L6-v2,0.7,0
Acacia dealbata,Polygala sherardioides,0.334,not synonym,sentence-transformers/all-MiniLM-L6-v2,0.7,0
Calobota angustifolia,Camptosema splendens,0.1875,not synonym,sentence-transformers/all-MiniLM-L6-v2,0.7,0
Moutabea guianensis,Entadopsis rotundifolia,0.3893,not synonym,sentence-transformers/all-MiniLM-L6-v2,0.7,0
Inga fendleriana,Abarema novoguineense,0.3874,not synonym,sentence-transformers/all-MiniLM-L6-v2,0.7,0
Polygala sphenoptera,Polygala persicariifolia,0.5504,not synonym,sentence-transformers/all-MiniLM-L6-v2,0.7,1
Ononis striata,Phaseoloides piscidia,0.2436,not synonym,sentence-transformers/all-MiniLM-L6-v2,0.7,0
Inga bullata,Monnina angustata,0.5714,not synonym,sentence-transformers/all-MiniLM-L6-v2,0.7,0
Carmichaelia australis,Mundtia kraussiana,0.3926,not synonym,sentence-transformers/all-MiniLM-L6-v2,0.7,0
Chesneya rytidosperma,Chesneya oliveri,0.6099,not synonym,sentence-transformers/all-MiniLM-L6-v2,0.7,1
Muraltia rigida,Heistera rigida,0.6678,not synonym,sentence-transformers/all-MiniLM-L6-v2,0.7,1
Genista haensleri,Cytisus haensleri,0.5029,not synonym,sentence-transformers/all-MiniLM-L6-v2,0.7,1
Asemeia violacea,Cytisus radiatus,0.2384,not synonym,sentence-transformers/all-MiniLM-L6-v2,0.7,0
Muraltia scoparia,Jansonia pimeleoides,0.3422,not synonym,sentence-transformers/all-MiniLM-L6-v2,0.7,0
Gymnospora violoides,Feuilleea pavoniana,0.3096,not synonym,sentence-transformers/all-MiniLM-L6-v2,0.7,0
Flemingia praecox,Moghania praecox,0.6841,not synonym,sentence-transformers/all-MiniLM-L6-v2,0.7,1
Muraltia flanaganii,Lepidocoma nilgheriensis,0.2485,not synonym,sentence-transformers/all-MiniLM-L6-v2,0.7,0
Julbernardia seretii,Psoralea schultzii,0.4168,not synonym,sentence-transformers/all-MiniLM-L6-v2,0.7,0
Polygala serpyllifolia,Polygala lioranii,0.6963,not synonym,sentence-transformers/all-MiniLM-L6-v2,0.7,1
Genista stenopetala,Cytisus stenopetalus,0.4034,not synonym,sentence-transformers/all-MiniLM-L6-v2,0.7,1
Muraltia divaricata,Muraltia ciliaris,0.7792,synonym,sentence-transformers/all-MiniLM-L6-v2,0.7,1
Lotus namulensis,Genista bracteolata,0.1939,not synonym,sentence-transformers/all-MiniLM-L6-v2,0.7,0
Genista pilosa,Hoita rhomboidea,0.326,not synonym,sentence-transformers/all-MiniLM-L6-v2,0.7,0
Bredemeyera hebeclada,Amblygonocarpus obtusangulus,0.2619,not synonym,sentence-transformers/all-MiniLM-L6-v2,0.7,0
Calliandra asplenioides,Calliandra dendroides,0.7091,synonym,sentence-transformers/all-MiniLM-L6-v2,0.7,1
Diphysa thurberi,Chesneya gaubeana,0.425,not synonym,sentence-transformers/all-MiniLM-L6-v2,0.7,0
Lotus maritimus,Tetragonolobus bouteloui,0.3109,not synonym,sentence-transformers/all-MiniLM-L6-v2,0.7,1
Calliandra coriacea,Feuilleea sapindodes,0.3104,not synonym,sentence-transformers/all-MiniLM-L6-v2,0.7,0
Flemingia macrophylla,Dialium triste,0.1357,not synonym,sentence-transformers/all-MiniLM-L6-v2,0.7,0
Inga densiflora,Comesperma longibracteatum,0.0609,not synonym,sentence-transformers/all-MiniLM-L6-v2,0.7,0
Acacia brachyclada,Racosperma brachycladum,0.3409,not synonym,sentence-transformers/all-MiniLM-L6-v2,0.7,1
Flemingia kerrii,Anneslia michelii,0.5933,not synonym,sentence-transformers/all-MiniLM-L6-v2,0.7,0
Collaea pascuorum,Collaea pascuorum,1.0,synonym,sentence-transformers/all-MiniLM-L6-v2,0.7,1
Berlinia giorgii,Telinaria umbellata,0.3605,not synonym,sentence-transformers/all-MiniLM-L6-v2,0.7,0
Calliandra surinamensis,Calliandra tenuiflora,0.5375,not synonym,sentence-transformers/all-MiniLM-L6-v2,0.7,1
Lotus graecus,Maughania racemosa,0.2902,not synonym,sentence-transformers/all-MiniLM-L6-v2,0.7,0
Polygala brevialata,Ebenus capensis,0.2893,not synonym,sentence-transformers/all-MiniLM-L6-v2,0.7,0
Betencourtia neesii,Clitoria rubiginosa,0.4543,not synonym,sentence-transformers/all-MiniLM-L6-v2,0.7,1
Machaerium kegelii,Polygala krugii,0.4808,not synonym,sentence-transformers/all-MiniLM-L6-v2,0.7,0
Bossiaea rhombifolia,Pteromonnina exaltata,0.4066,not synonym,sentence-transformers/all-MiniLM-L6-v2,0.7,0
Julbernardia seretii,Phaseolodes urophyllum,0.274,not synonym,sentence-transformers/all-MiniLM-L6-v2,0.7,0
Acacia multistipulosa,Polygala bracteoglandulosa,0.4468,not synonym,sentence-transformers/all-MiniLM-L6-v2,0.7,0
Centrolobium robustum,Inga fagifolia,0.1073,not synonym,sentence-transformers/all-MiniLM-L6-v2,0.7,0
Xanthophyllum stipitatum,Banisteroides stipitatum,0.5798,not synonym,sentence-transformers/all-MiniLM-L6-v2,0.7,1
Inga insignis,Inga pachycarpa,0.5,not synonym,sentence-transformers/all-MiniLM-L6-v2,0.7,1
Acacia burdekensis,Racosperma burdekense,0.4298,not synonym,sentence-transformers/all-MiniLM-L6-v2,0.7,1
Muraltia pappeana,Abarema glomeriflora,0.3177,not synonym,sentence-transformers/all-MiniLM-L6-v2,0.7,0
Cyclopia meyeriana,Abarema mindanaense,0.2551,not synonym,sentence-transformers/all-MiniLM-L6-v2,0.7,0
Polygala cymosa,Dolichos apioides,0.337,not synonym,sentence-transformers/all-MiniLM-L6-v2,0.7,0
Acacia lacertensis,Racosperma lacertense,0.3202,not synonym,sentence-transformers/all-MiniLM-L6-v2,0.7,1
Lotus cruentus,Inga sinemariensis,0.1795,not synonym,sentence-transformers/all-MiniLM-L6-v2,0.7,0
Dicraeopetalum stipulare,Abarema arborescens,0.2778,not synonym,sentence-transformers/all-MiniLM-L6-v2,0.7,0
Hebecarpa punctata,Polygala glandulosa,0.4135,not synonym,sentence-transformers/all-MiniLM-L6-v2,0.7,1
Securidaca divaricata,Securidaca longifolia,0.6311,not synonym,sentence-transformers/all-MiniLM-L6-v2,0.7,1
Angylocalyx pynaertii,Polygala pubescens,0.4619,not synonym,sentence-transformers/all-MiniLM-L6-v2,0.7,0
Atroxima afzeliana,Atroxima congolana,0.7334,synonym,sentence-transformers/all-MiniLM-L6-v2,0.7,1
Acacia elata,Polygala orobus,0.383,not synonym,sentence-transformers/all-MiniLM-L6-v2,0.7,0
Ononis tournefortii,Muraltia burchellii,0.4225,not synonym,sentence-transformers/all-MiniLM-L6-v2,0.7,0
Polygala trichosperma,Inga donaeana,0.1878,not synonym,sentence-transformers/all-MiniLM-L6-v2,0.7,0
Eleiotis rottleri,Desmodium bakeri,0.4457,not synonym,sentence-transformers/all-MiniLM-L6-v2,0.7,1
Genista fasselata,Genista sphacelata,0.745,synonym,sentence-transformers/all-MiniLM-L6-v2,0.7,1
Bredemeyera hebeclada,Comesperma kunthianum,0.2728,not synonym,sentence-transformers/all-MiniLM-L6-v2,0.7,1
Archidendron lucidum,Polygala loureroi,0.2817,not synonym,sentence-transformers/all-MiniLM-L6-v2,0.7,0
Chesneya nubigena,Astragalus crassicaulis,0.3064,not synonym,sentence-transformers/all-MiniLM-L6-v2,0.7,1
Lupinus ccorilazensis,Piptanthus nanus,0.4413,not synonym,sentence-transformers/all-MiniLM-L6-v2,0.7,0
Bredemeyera floribunda,Poincianella nelsonii,0.2459,not synonym,sentence-transformers/all-MiniLM-L6-v2,0.7,0
Muraltia asparagifolia,Heisteria asparagifolia,0.677,not synonym,sentence-transformers/all-MiniLM-L6-v2,0.7,1
Calliandra foliolosa,Maughania semialata,0.4187,not synonym,sentence-transformers/all-MiniLM-L6-v2,0.7,0
Dialium platysepalum,Salomonia ramosissima,0.1395,not synonym,sentence-transformers/all-MiniLM-L6-v2,0.7,0
Calliandra tweediei,Feuilleea tweediei,0.7362,synonym,sentence-transformers/all-MiniLM-L6-v2,0.7,1
Genista pulchella,Elsota longifolia,0.2158,not synonym,sentence-transformers/all-MiniLM-L6-v2,0.7,0
Hoffmannseggia glauca,Muraltia brevifolia,0.246,not synonym,sentence-transformers/all-MiniLM-L6-v2,0.7,0
Lupinus pubescens,Lupinus lindenianus,0.473,not synonym,sentence-transformers/all-MiniLM-L6-v2,0.7,1
Acacia provincialis,Polygala stuhlmannii,0.347,not synonym,sentence-transformers/all-MiniLM-L6-v2,0.7,0
Xanthophyllum ellipticum,Tetrapleura andongensis,0.3361,not synonym,sentence-transformers/all-MiniLM-L6-v2,0.7,0
Brachypterum cumingii,Machaerium paniculatum,0.3446,not synonym,sentence-transformers/all-MiniLM-L6-v2,0.7,0
Acacia pelophila,Larrea watsonii,0.2205,not synonym,sentence-transformers/all-MiniLM-L6-v2,0.7,0
Acacia decora,Racosperma burdekense,0.0538,not synonym,sentence-transformers/all-MiniLM-L6-v2,0.7,0
Archidendron eberhardtii,Dialium simsii,0.2604,not synonym,sentence-transformers/all-MiniLM-L6-v2,0.7,0
Archidendron chevalieri,Albizia chevalieri,0.6102,not synonym,sentence-transformers/all-MiniLM-L6-v2,0.7,1
Calliandra asplenioides,Telinaria canariensis,0.3802,not synonym,sentence-transformers/all-MiniLM-L6-v2,0.7,0
Machaerium incorruptibile,Albizia lucyi,0.1381,not synonym,sentence-transformers/all-MiniLM-L6-v2,0.7,0
Inga plumifera,Inga plumifera,1.0,synonym,sentence-transformers/all-MiniLM-L6-v2,0.7,1
Carmichaelia juncea,Carmichaelia prona,0.7903,synonym,sentence-transformers/all-MiniLM-L6-v2,0.7,1
Mundulea barclayi,Mundulea revoluta,0.633,not synonym,sentence-transformers/all-MiniLM-L6-v2,0.7,1
Securidaca revoluta,Securidaca bahiensis,0.6046,not synonym,sentence-transformers/all-MiniLM-L6-v2,0.7,1
Chesneya acaulis,Moghania rollae,0.457,not synonym,sentence-transformers/all-MiniLM-L6-v2,0.7,0
Millettia caudata,Brya leonensis,0.3237,not synonym,sentence-transformers/all-MiniLM-L6-v2,0.7,0
Glycine clandestina,Leptocyamus clandestinus,0.5431,not synonym,sentence-transformers/all-MiniLM-L6-v2,0.7,1
Moutabea aculeata,Acosta aculeata,0.5605,not synonym,sentence-transformers/all-MiniLM-L6-v2,0.7,1
Erythrostemon gilliesii,Xanthophyllum sumatranum,0.2911,not synonym,sentence-transformers/all-MiniLM-L6-v2,0.7,0
Genista carinalis,Larrea drepanocarpa,0.2833,not synonym,sentence-transformers/all-MiniLM-L6-v2,0.7,0
Acacia obtusifolia,Racosperma obtusifolium,0.3044,not synonym,sentence-transformers/all-MiniLM-L6-v2,0.7,1
Brachypterum scandens,Psorobatus megacarpus,0.1855,not synonym,sentence-transformers/all-MiniLM-L6-v2,0.7,0
Inga ruiziana,Monnina meridensis,0.383,not synonym,sentence-transformers/all-MiniLM-L6-v2,0.7,0
Salomonia ciliata,Salomonia sessilifolia,0.7851,synonym,sentence-transformers/all-MiniLM-L6-v2,0.7,1
Millettia fruticosa,Cracca fruticosa,0.7388,synonym,sentence-transformers/all-MiniLM-L6-v2,0.7,1
Genista tenera,Bossiaea linnaeoides,0.2149,not synonym,sentence-transformers/all-MiniLM-L6-v2,0.7,0
Bredemeyera myrtifolia,Oxylobium tetragonophyllum,0.3155,not synonym,sentence-transformers/all-MiniLM-L6-v2,0.7,0
Polygaloides paucifolia,Phaseolus lucens,0.3768,not synonym,sentence-transformers/all-MiniLM-L6-v2,0.7,0
Muraltia heisteria,Polygala stipulacea,0.4083,not synonym,sentence-transformers/all-MiniLM-L6-v2,0.7,1
Genista canariensis,Lebeckia capensis,0.3034,not synonym,sentence-transformers/all-MiniLM-L6-v2,0.7,0
Adenopodia rotundifolia,Entada rotundifolia,0.5577,not synonym,sentence-transformers/all-MiniLM-L6-v2,0.7,1
Erythrostemon exilifolius,Caesalpinia exilifolia,0.3925,not synonym,sentence-transformers/all-MiniLM-L6-v2,0.7,1
Ononis crispa,Lotus hispidus,0.339,not synonym,sentence-transformers/all-MiniLM-L6-v2,0.7,0
Lotus tetragonolobus,Tetragonolobus tetragonolobus,0.7133,synonym,sentence-transformers/all-MiniLM-L6-v2,0.7,1
Securidaca calophylla,Securidaca cristata,0.6119,not synonym,sentence-transformers/all-MiniLM-L6-v2,0.7,1
Bredemeyera brevifolia,Elsota marginata,0.3161,not synonym,sentence-transformers/all-MiniLM-L6-v2,0.7,0
Flemingia chappar,Flemingia chapper,0.8773,synonym,sentence-transformers/all-MiniLM-L6-v2,0.7,1
Glycine latrobeana,Zichya latrobeana,0.6531,not synonym,sentence-transformers/all-MiniLM-L6-v2,0.7,1
Flemingia paniculata,Moghania sarmentosa,0.3201,not synonym,sentence-transformers/all-MiniLM-L6-v2,0.7,1
Genista anglica,Myroxylon toluiferum,0.2201,not synonym,sentence-transformers/all-MiniLM-L6-v2,0.7,0
Erythrostemon palmeri,Dorycnium amani,0.2776,not synonym,sentence-transformers/all-MiniLM-L6-v2,0.7,0
Machaerium quinata,Quinata violacea,0.6777,not synonym,sentence-transformers/all-MiniLM-L6-v2,0.7,1
Polygala sphenoptera,Lotus tingitanus,0.1919,not synonym,sentence-transformers/all-MiniLM-L6-v2,0.7,0
Millettia lenneoides,Millettia polystachya,0.7202,synonym,sentence-transformers/all-MiniLM-L6-v2,0.7,1
Asemeia grandiflora,Feuilleea bigemina,0.3999,not synonym,sentence-transformers/all-MiniLM-L6-v2,0.7,0
Calobota acanthoclada,Lebeckia candicans,0.3042,not synonym,sentence-transformers/all-MiniLM-L6-v2,0.7,1
Dysolobium pilosum,Feuilleea brevipes,0.2873,not synonym,sentence-transformers/all-MiniLM-L6-v2,0.7,0
Securidaca divaricata,Securidaca floribunda,0.811,synonym,sentence-transformers/all-MiniLM-L6-v2,0.7,1
Genista patens,Cytisus mutabilis,0.0337,not synonym,sentence-transformers/all-MiniLM-L6-v2,0.7,1
Padbruggea dasyphylla,Polygala montana,0.2772,not synonym,sentence-transformers/all-MiniLM-L6-v2,0.7,0
Calliandra parvifolia,Calliandra peckoltii,0.6341,not synonym,sentence-transformers/all-MiniLM-L6-v2,0.7,1
Calliandra rubescens,Mimosa hymenaeoides,0.3195,not synonym,sentence-transformers/all-MiniLM-L6-v2,0.7,0
Comesperma acerosum,Inga fagaraefolia,0.274,not synonym,sentence-transformers/all-MiniLM-L6-v2,0.7,0
Dahlstedtia confertiflora,Derris confertiflora,0.6396,not synonym,sentence-transformers/all-MiniLM-L6-v2,0.7,1
Xanthophyllum lanceatum,Banisterodes glaucum,0.369,not synonym,sentence-transformers/all-MiniLM-L6-v2,0.7,1
Dialium guianense,Smithia carsonii,0.1446,not synonym,sentence-transformers/all-MiniLM-L6-v2,0.7,0
Acanthocladus tehuelchum,Polygala darwiniana,0.3786,not synonym,sentence-transformers/all-MiniLM-L6-v2,0.7,1
Erythrostemon gilliesii,Acacia subrotata,0.2501,not synonym,sentence-transformers/all-MiniLM-L6-v2,0.7,0
Securidaca divaricata,Racosperma covenyi,0.2455,not synonym,sentence-transformers/all-MiniLM-L6-v2,0.7,0
Securidaca divaricata,Geissaspis chevalieri,0.3792,not synonym,sentence-transformers/all-MiniLM-L6-v2,0.7,0
Inga capitata,Inga albicans,0.4951,not synonym,sentence-transformers/all-MiniLM-L6-v2,0.7,1
Muraltia macropetala,Heistera macropetala,0.6369,not synonym,sentence-transformers/all-MiniLM-L6-v2,0.7,1
Millettia richardiana,Neodunnia atrocyanea,0.2824,not synonym,sentence-transformers/all-MiniLM-L6-v2,0.7,1
Muraltia serpylloides,Muraltia serpyllifolia,0.8267,synonym,sentence-transformers/all-MiniLM-L6-v2,0.7,1
Calliandra mollissima,Feuilleea mollissima,0.6491,not synonym,sentence-transformers/all-MiniLM-L6-v2,0.7,1
Asemeia monninoides,Muraltia carnosa,0.3749,not synonym,sentence-transformers/all-MiniLM-L6-v2,0.7,0
Acacia paradoxa,Racosperma filifolium,0.1459,not synonym,sentence-transformers/all-MiniLM-L6-v2,0.7,0
Archidendron ellipticum,Pithecellobium ellipticum,0.5391,not synonym,sentence-transformers/all-MiniLM-L6-v2,0.7,1
Polygala ericifolia,Polygala mundiana,0.6182,not synonym,sentence-transformers/all-MiniLM-L6-v2,0.7,1
Calliandra lanata,Ortholobium chevalieri,0.3166,not synonym,sentence-transformers/all-MiniLM-L6-v2,0.7,0
Securidaca coriacea,Amphicarpa bracteata,0.3986,not synonym,sentence-transformers/all-MiniLM-L6-v2,0.7,0
Machaerium nigrum,Machaerium fruticosum,0.6925,not synonym,sentence-transformers/all-MiniLM-L6-v2,0.7,1
Genista micrantha,Genista broteri,0.7207,synonym,sentence-transformers/all-MiniLM-L6-v2,0.7,1
Genista virgata,Genista virgata,1.0,synonym,sentence-transformers/all-MiniLM-L6-v2,0.7,1
Chesneya yunnanensis,Spongiocarpella yunnanensis,0.6309,not synonym,sentence-transformers/all-MiniLM-L6-v2,0.7,1
Acacia campylophylla,Racosperma campylophyllum,0.4454,not synonym,sentence-transformers/all-MiniLM-L6-v2,0.7,1
Gastrolobium bilobum,Gastrolobium corymbosum,0.7162,synonym,sentence-transformers/all-MiniLM-L6-v2,0.7,1
Nissolia vincentina,Chaetocalyx nigrescens,0.3393,not synonym,sentence-transformers/all-MiniLM-L6-v2,0.7,1
Berlinia giorgii,Berlinia gilletii,0.7638,synonym,sentence-transformers/all-MiniLM-L6-v2,0.7,1
Hippocrepis eriocarpa,Coronilla eriocarpa,0.5337,not synonym,sentence-transformers/all-MiniLM-L6-v2,0.7,1
Erythrostemon nelsonii,Caesalpinia nelsonii,0.5872,not synonym,sentence-transformers/all-MiniLM-L6-v2,0.7,1
Kotschya capitulifera,Caesalpinia riojana,0.2202,not synonym,sentence-transformers/all-MiniLM-L6-v2,0.7,0
Genista tricuspidata,Genista crebrispina,0.6287,not synonym,sentence-transformers/all-MiniLM-L6-v2,0.7,1
Dahlstedtia bahiana,Lonchocarpus bahianus,0.5344,not synonym,sentence-transformers/all-MiniLM-L6-v2,0.7,1
Lotus dorycnium,Ononis broussonetii,0.1984,not synonym,sentence-transformers/all-MiniLM-L6-v2,0.7,0
Polygala leptostachys,Polygala salicifolia,0.557,not synonym,sentence-transformers/all-MiniLM-L6-v2,0.7,0
Polygala declinata,Polygala declinata,1.0,synonym,sentence-transformers/all-MiniLM-L6-v2,0.7,1
Polygala sphenoptera,Polygala aethiopica,0.6334,not synonym,sentence-transformers/all-MiniLM-L6-v2,0.7,1
Muraltia mixta,Polygala mixta,0.6486,not synonym,sentence-transformers/all-MiniLM-L6-v2,0.7,1
Inga pleiogyna,Indigofera praetermissa,0.4675,not synonym,sentence-transformers/all-MiniLM-L6-v2,0.7,0
Archidendron robinsonii,Pithecellobium robinsonii,0.5501,not synonym,sentence-transformers/all-MiniLM-L6-v2,0.7,1
Muraltia dumosa,Muraltia brevifolia,0.6205,not synonym,sentence-transformers/all-MiniLM-L6-v2,0.7,1
Humularia mendoncae,Geissaspis mendoncae,0.6244,not synonym,sentence-transformers/all-MiniLM-L6-v2,0.7,1
Hebecarpa obscura,Polygala laeta,0.2884,not synonym,sentence-transformers/all-MiniLM-L6-v2,0.7,1
Acacia auriculiformis,Feuilleea panamensis,0.2572,not synonym,sentence-transformers/all-MiniLM-L6-v2,0.7,0
Asemeia violacea,Genista compressa,0.2139,not synonym,sentence-transformers/all-MiniLM-L6-v2,0.7,0
Echinospartum boissieri,Retama webbii,0.2664,not synonym,sentence-transformers/all-MiniLM-L6-v2,0.7,1
Polygala celosioides,Feuilleea hymeneioides,0.5161,not synonym,sentence-transformers/all-MiniLM-L6-v2,0.7,0
Archidendron molle,Archidendron mollis,0.813,synonym,sentence-transformers/all-MiniLM-L6-v2,0.7,1
Kotschya strigosa,Pteromonnina stenophylla,0.3724,not synonym,sentence-transformers/all-MiniLM-L6-v2,0.7,0
Hoffmannseggia watsonii,Hippocrepis atlantica,0.3163,not synonym,sentence-transformers/all-MiniLM-L6-v2,0.7,0
Inga fendleriana,Inga subalata,0.5502,not synonym,sentence-transformers/all-MiniLM-L6-v2,0.7,1
Calliandra hymenaeoides,Feuilleea hymenaeoides,0.7043,synonym,sentence-transformers/all-MiniLM-L6-v2,0.7,1
Genista lydia,Genista rumelica,0.6221,not synonym,sentence-transformers/all-MiniLM-L6-v2,0.7,1
Acacia evenulosa,Racosperma evenulosum,0.4413,not synonym,sentence-transformers/all-MiniLM-L6-v2,0.7,1
Lotus jordanii,Bonjeanea sericea,0.3157,not synonym,sentence-transformers/all-MiniLM-L6-v2,0.7,1
Lotus strictus,Lotus albus,0.7214,synonym,sentence-transformers/all-MiniLM-L6-v2,0.7,1
Acacia hylonoma,Phaseoloides argenteum,0.3092,not synonym,sentence-transformers/all-MiniLM-L6-v2,0.7,0
Lotus cytisoides,Lotus patens,0.5993,not synonym,sentence-transformers/all-MiniLM-L6-v2,0.7,1
Asemeia violacea,Polygala cinerea,0.3328,not synonym,sentence-transformers/all-MiniLM-L6-v2,0.7,1
Ebenus barbigera,Solori pseudinvoluta,0.3456,not synonym,sentence-transformers/all-MiniLM-L6-v2,0.7,0
Acacia leptophleba,Ebenus cappadocica,0.3666,not synonym,sentence-transformers/all-MiniLM-L6-v2,0.7,0
Lotus graecus,Dorycnium vexillare,0.2866,not synonym,sentence-transformers/all-MiniLM-L6-v2,0.7,1
Bredemeyera brevifolia,Inga guadeloupensis,0.3133,not synonym,sentence-transformers/all-MiniLM-L6-v2,0.7,0
Nissolia microptera,Anneslia pittieri,0.1678,not synonym,sentence-transformers/all-MiniLM-L6-v2,0.7,0
Asemeia violacea,Polygala violacea,0.5984,not synonym,sentence-transformers/all-MiniLM-L6-v2,0.7,1
Microcharis welwitschii,Indigofera variabilis,0.1237,not synonym,sentence-transformers/all-MiniLM-L6-v2,0.7,1
Flemingia javanica,Flemingia macrophylla,0.6522,not synonym,sentence-transformers/all-MiniLM-L6-v2,0.7,1
Calophaca tianschanica,Calophaca kultiassovii,0.6731,not synonym,sentence-transformers/all-MiniLM-L6-v2,0.7,1
Centrolobium tomentosum,Genista leptophylla,0.1403,not synonym,sentence-transformers/all-MiniLM-L6-v2,0.7,0
Inga sessilis,Mimosa sessilis,0.6363,not synonym,sentence-transformers/all-MiniLM-L6-v2,0.7,1
Lotus maritimus,Bossiaea ensata,0.3029,not synonym,sentence-transformers/all-MiniLM-L6-v2,0.7,0
Millettia pachycarpa,Racosperma oxycladum,0.2122,not synonym,sentence-transformers/all-MiniLM-L6-v2,0.7,0
Calophaca soongorica,Calophaca hovenii,0.7039,synonym,sentence-transformers/all-MiniLM-L6-v2,0.7,1
Inga densiflora,Inga langlassei,0.7196,synonym,sentence-transformers/all-MiniLM-L6-v2,0.7,1
Genista aristata,Ononis stipularis,0.1093,not synonym,sentence-transformers/all-MiniLM-L6-v2,0.7,0
Erythrostemon mexicanus,Caesalpinia mexicana,0.4557,not synonym,sentence-transformers/all-MiniLM-L6-v2,0.7,1
Quillaja saponaria,Salzwedelia sagittalis,0.2095,not synonym,sentence-transformers/all-MiniLM-L6-v2,0.7,0
Acacia aculeatissima,Mimosa tenuifolia,0.4178,not synonym,sentence-transformers/all-MiniLM-L6-v2,0.7,1
Lotus conimbricensis,Macrostigma australis,0.2351,not synonym,sentence-transformers/all-MiniLM-L6-v2,0.7,0
Coulteria cubensis,Caesalpinia brasiliensis,0.449,not synonym,sentence-transformers/all-MiniLM-L6-v2,0.7,1
Calliandra asplenioides,Feuilleea aspleniodes,0.564,not synonym,sentence-transformers/all-MiniLM-L6-v2,0.7,1
Cyclopia buxifolia,Cyclopia latifolia,0.8212,synonym,sentence-transformers/all-MiniLM-L6-v2,0.7,1
Julbernardia globiflora,Berlinia globiflora,0.6184,not synonym,sentence-transformers/all-MiniLM-L6-v2,0.7,1
Carpolobia goetzei,Carpolobia conradsiana,0.6662,not synonym,sentence-transformers/all-MiniLM-L6-v2,0.7,1
Securidaca diversifolia,Securidaca fendleri,0.5563,not synonym,sentence-transformers/all-MiniLM-L6-v2,0.7,1
Acacia biflora,Mimosa biflora,0.5132,not synonym,sentence-transformers/all-MiniLM-L6-v2,0.7,1
Monnina dictyocarpa,Angylocalyx zenkeri,0.2885,not synonym,sentence-transformers/all-MiniLM-L6-v2,0.7,0
Millettia sericea,Phaseoloides argenteum,0.3265,not synonym,sentence-transformers/all-MiniLM-L6-v2,0.7,1
Archidendron minahassae,Abarema teijsemannii,0.3066,not synonym,sentence-transformers/all-MiniLM-L6-v2,0.7,1
Julbernardia paniculata,Pseudoberlinia baumii,0.3324,not synonym,sentence-transformers/all-MiniLM-L6-v2,0.7,1
Inga acrocephala,Feuilleea acrocephala,0.7097,synonym,sentence-transformers/all-MiniLM-L6-v2,0.7,1
Hippocrepis constricta,Hippocrepis arenaria,0.7308,synonym,sentence-transformers/all-MiniLM-L6-v2,0.7,1
Dimorphandra conjugata,Ononis persica,0.3561,not synonym,sentence-transformers/all-MiniLM-L6-v2,0.7,0
Atroxima afzeliana,Millettia bojeri,0.4145,not synonym,sentence-transformers/all-MiniLM-L6-v2,0.7,0
Inga ornata,Inga fredoniana,0.6539,not synonym,sentence-transformers/all-MiniLM-L6-v2,0.7,1
Hoffmannseggia prostrata,Caesalpinia pilosa,0.4292,not synonym,sentence-transformers/all-MiniLM-L6-v2,0.7,1
Archidendron vaillantii,Affonsea vaillantii,0.5708,not synonym,sentence-transformers/all-MiniLM-L6-v2,0.7,1
Monnina dictyocarpa,Monnina argentina,0.5725,not synonym,sentence-transformers/all-MiniLM-L6-v2,0.7,1
Calliandra rubescens,Anneslia pallida,0.3097,not synonym,sentence-transformers/all-MiniLM-L6-v2,0.7,1
Aotus ericoides,Aotus virgata,0.5845,not synonym,sentence-transformers/all-MiniLM-L6-v2,0.7,1
Genista canariensis,Pithecellobium glomeriflorum,0.2719,not synonym,sentence-transformers/all-MiniLM-L6-v2,0.7,0
Xanthophyllum ellipticum,Ononis syriaca,0.3021,not synonym,sentence-transformers/all-MiniLM-L6-v2,0.7,0
Dysolobium pilosum,Poinciana leucantha,0.3395,not synonym,sentence-transformers/all-MiniLM-L6-v2,0.7,0
Chesneya ternata,Kostyczewa trifoliata,0.4451,not synonym,sentence-transformers/all-MiniLM-L6-v2,0.7,1
Dysolobium pilosum,Zuccagnia mucronata,0.3404,not synonym,sentence-transformers/all-MiniLM-L6-v2,0.7,0
Genista canariensis,Telinaria canariensis,0.6041,not synonym,sentence-transformers/all-MiniLM-L6-v2,0.7,1
Myroxylon peruiferum,Myrospermum arboreum,0.5415,not synonym,sentence-transformers/all-MiniLM-L6-v2,0.7,1
Acacia cultriformis,Lupinus amabilis,0.2252,not synonym,sentence-transformers/all-MiniLM-L6-v2,0.7,0
Lotus arabicus,Andaca arabica,0.6018,not synonym,sentence-transformers/all-MiniLM-L6-v2,0.7,1
Gastrolobium leakeanum,Oxylobium atropurpureum,0.347,not synonym,sentence-transformers/all-MiniLM-L6-v2,0.7,1
Hippocrepis areolata,Ononis curtipendula,0.2555,not synonym,sentence-transformers/all-MiniLM-L6-v2,0.7,0
Ononis campestris,Ononis campestris,1.0,synonym,sentence-transformers/all-MiniLM-L6-v2,0.7,1
Millettia barteri,Millettia calabarica,0.6913,not synonym,sentence-transformers/all-MiniLM-L6-v2,0.7,1
Gastrolobium reticulatum,Eutaxia reticulata,0.3997,not synonym,sentence-transformers/all-MiniLM-L6-v2,0.7,1
Polygala trichosperma,Polygala variabilis,0.5768,not synonym,sentence-transformers/all-MiniLM-L6-v2,0.7,1
Amphicarpaea bracteata,Falcata pitcheri,0.3178,not synonym,sentence-transformers/all-MiniLM-L6-v2,0.7,1
Acacia dealbata,Racosperma dealbatum,0.369,not synonym,sentence-transformers/all-MiniLM-L6-v2,0.7,1
Calliandra hymenaeoides,Inga afzelioides,0.1922,not synonym,sentence-transformers/all-MiniLM-L6-v2,0.7,1
Securidaca longifolia,Securidaca capparidifolia,0.7539,synonym,sentence-transformers/all-MiniLM-L6-v2,0.7,1
Genista stenopetala,Heistera pauciflora,0.4855,not synonym,sentence-transformers/all-MiniLM-L6-v2,0.7,0
Flemingia wightiana,Dorycnium broussonetii,0.2855,not synonym,sentence-transformers/all-MiniLM-L6-v2,0.7,0
Lotus hirsutus,Machaerium secundiflorum,0.1831,not synonym,sentence-transformers/all-MiniLM-L6-v2,0.7,0
Millettia comosa,Millettia brunneosericea,0.6275,not synonym,sentence-transformers/all-MiniLM-L6-v2,0.7,1
Hoffmannseggia eremophila,Feuilleea guildingii,0.3987,not synonym,sentence-transformers/all-MiniLM-L6-v2,0.7,0
Carmichaelia nana,Daniellia caillei,0.3983,not synonym,sentence-transformers/all-MiniLM-L6-v2,0.7,0
Carmichaelia australis,Carmichaelia multicaulis,0.7491,synonym,sentence-transformers/all-MiniLM-L6-v2,0.7,1
Humularia welwitschii,Geissaspis gossweileri,0.4228,not synonym,sentence-transformers/all-MiniLM-L6-v2,0.7,1
Xanthophyllum rufum,Banisteroides rufum,0.594,not synonym,sentence-transformers/all-MiniLM-L6-v2,0.7,1
Gastrolobium dorrienii,Phaseoloides pachycarpum,0.2919,not synonym,sentence-transformers/all-MiniLM-L6-v2,0.7,0
Calliandra hymenaeoides,Dorycnium sabaudum,0.1886,not synonym,sentence-transformers/all-MiniLM-L6-v2,0.7,0
Monnina arbuscula,Monnina myrtoides,0.5879,not synonym,sentence-transformers/all-MiniLM-L6-v2,0.7,1
Acacia prominens,Hoffmannseggia glauca,0.1991,not synonym,sentence-transformers/all-MiniLM-L6-v2,0.7,0
Comesperma ericinum,Comesperma uncinatum,0.6614,not synonym,sentence-transformers/all-MiniLM-L6-v2,0.7,1
Genista spartioides,Genista cossoniana,0.6455,not synonym,sentence-transformers/all-MiniLM-L6-v2,0.7,1
Nissolia wislizeni,Chaetocalyx wislizeni,0.4916,not synonym,sentence-transformers/all-MiniLM-L6-v2,0.7,1
Cyclopia genistoides,Cyclopia teretifolia,0.6821,not synonym,sentence-transformers/all-MiniLM-L6-v2,0.7,1
Polygaloides paucifolia,Polygala commutata,0.5283,not synonym,sentence-transformers/all-MiniLM-L6-v2,0.7,1
Machaerium lanceolatum,Polygala veronicea,0.3366,not synonym,sentence-transformers/all-MiniLM-L6-v2,0.7,0
Hoffmannseggia humilis,Larrea platycarpa,0.3104,not synonym,sentence-transformers/all-MiniLM-L6-v2,0.7,1
Monnina marginata,Dialium klainei,0.2968,not synonym,sentence-transformers/all-MiniLM-L6-v2,0.7,0
Muraltia ericifolia,Heistera ericifolia,0.6661,not synonym,sentence-transformers/all-MiniLM-L6-v2,0.7,1
Nissolia vincentina,Chaetocalyx perglandulosus,0.1739,not synonym,sentence-transformers/all-MiniLM-L6-v2,0.7,1
Gastrolobium pyramidale,Nemcia pyramidalis,0.5143,not synonym,sentence-transformers/all-MiniLM-L6-v2,0.7,1
Asemeia grandiflora,Polygala domingensis,0.3178,not synonym,sentence-transformers/all-MiniLM-L6-v2,0.7,1
Gastrolobium bilobum,Monnina piauhensis,0.2032,not synonym,sentence-transformers/all-MiniLM-L6-v2,0.7,0
Gilbertiodendron stipulaceum,Pithecellobium robinsonii,0.4314,not synonym,sentence-transformers/all-MiniLM-L6-v2,0.7,0
Archidendron borneense,Calliandra novaesae,0.2313,not synonym,sentence-transformers/all-MiniLM-L6-v2,0.7,0
Flemingia gracilis,Lepidocoma gracilis,0.4645,not synonym,sentence-transformers/all-MiniLM-L6-v2,0.7,1
Genista triquetra,Moghania kerrii,0.3988,not synonym,sentence-transformers/all-MiniLM-L6-v2,0.7,0
Genista radiata,Lotus belgradicus,0.2228,not synonym,sentence-transformers/all-MiniLM-L6-v2,0.7,0
Hippocrepis eriocarpa,Racosperma cardiophyllum,0.1187,not synonym,sentence-transformers/all-MiniLM-L6-v2,0.7,0
Genista sagittalis,Polygala polyphylla,0.1465,not synonym,sentence-transformers/all-MiniLM-L6-v2,0.7,0
Gastrolobium parviflorum,Pilostaxis cymosa,0.3691,not synonym,sentence-transformers/all-MiniLM-L6-v2,0.7,0
Acacia genistifolia,Albizia muelleriana,0.4241,not synonym,sentence-transformers/all-MiniLM-L6-v2,0.7,0
Acacia genistifolia,Acacia daviesioides,0.7185,synonym,sentence-transformers/all-MiniLM-L6-v2,0.7,1
Acacia pravissima,Acacia rigida,0.7643,synonym,sentence-transformers/all-MiniLM-L6-v2,0.7,0
Genista tenera,Cytisus tener,0.3297,not synonym,sentence-transformers/all-MiniLM-L6-v2,0.7,1
Inga bullata,Inga campanulata,0.6482,not synonym,sentence-transformers/all-MiniLM-L6-v2,0.7,1
Ebenus sibthorpii,Albizia brevipes,0.3193,not synonym,sentence-transformers/all-MiniLM-L6-v2,0.7,0
Dimorphandra polyandra,Inga balaensis,0.2528,not synonym,sentence-transformers/all-MiniLM-L6-v2,0.7,0
Brachypterum involutum,Derris involuta,0.3896,not synonym,sentence-transformers/all-MiniLM-L6-v2,0.7,1
Cyclopia galioides,Cyclopia genistoides,0.8008,synonym,sentence-transformers/all-MiniLM-L6-v2,0.7,1
Ononis ornithopodioides,Passaea ornithopoides,0.5927,not synonym,sentence-transformers/all-MiniLM-L6-v2,0.7,1
Genista aspalathoides,Genista gymnoptera,0.5482,not synonym,sentence-transformers/all-MiniLM-L6-v2,0.7,1
Inga sapindoides,Feuilleea clypearia,0.3403,not synonym,sentence-transformers/all-MiniLM-L6-v2,0.7,0
Apios carnea,Pueraria stracheyi,0.3683,not synonym,sentence-transformers/all-MiniLM-L6-v2,0.7,1
Archidendron turgidum,Albizia turgida,0.4112,not synonym,sentence-transformers/all-MiniLM-L6-v2,0.7,1
Millettia barteri,Myrospermum pereirae,0.4774,not synonym,sentence-transformers/all-MiniLM-L6-v2,0.7,0
Betencourtia scarlatina,Indigofera disjuncta,0.2266,not synonym,sentence-transformers/all-MiniLM-L6-v2,0.7,0
Calliandra hirsuta,Anneslia houghiana,0.4159,not synonym,sentence-transformers/all-MiniLM-L6-v2,0.7,1
Echinospartum boissieri,Lotus borkouanus,0.38,not synonym,sentence-transformers/all-MiniLM-L6-v2,0.7,0
Hebecarpa palmeri,Anneslia bullata,0.3536,not synonym,sentence-transformers/all-MiniLM-L6-v2,0.7,0
Muraltia carnosa,Nemcia luteifolia,0.3417,not synonym,sentence-transformers/all-MiniLM-L6-v2,0.7,0
Myroxylon peruiferum,Myrospermum robiniifolium,0.4608,not synonym,sentence-transformers/all-MiniLM-L6-v2,0.7,1
Inga vulpina,Feuilleea guilleminiana,0.4483,not synonym,sentence-transformers/all-MiniLM-L6-v2,0.7,1
Archidendron balansae,Albizia balansae,0.5442,not synonym,sentence-transformers/all-MiniLM-L6-v2,0.7,1
Chesneya acaulis,Caragana acaulis,0.6958,not synonym,sentence-transformers/all-MiniLM-L6-v2,0.7,1
Genista tridens,Spartium tridens,0.4219,not synonym,sentence-transformers/all-MiniLM-L6-v2,0.7,1
Genista holopetala,Lotus confusus,0.15,not synonym,sentence-transformers/all-MiniLM-L6-v2,0.7,0
Fairchildia panamensis,Swartzia panamensis,0.6976,not synonym,sentence-transformers/all-MiniLM-L6-v2,0.7,1
Calophaca wolgarica,Colutea wolgarica,0.5977,not synonym,sentence-transformers/all-MiniLM-L6-v2,0.7,1
Acacia kenneallyi,Racosperma kenneallyi,0.4099,not synonym,sentence-transformers/all-MiniLM-L6-v2,0.7,1
Ononis diffusa,Polygala heterophylla,0.286,not synonym,sentence-transformers/all-MiniLM-L6-v2,0.7,0
Archidendron minahassae,Heistera macropetala,0.2546,not synonym,sentence-transformers/all-MiniLM-L6-v2,0.7,0
Lotus cytisoides,Lotus allionii,0.7249,synonym,sentence-transformers/all-MiniLM-L6-v2,0.7,1
Ononis arvensis,Ononis laevis,0.7212,synonym,sentence-transformers/all-MiniLM-L6-v2,0.7,1
Gilbertiodendron limba,Macrolobium ivorense,0.3468,not synonym,sentence-transformers/all-MiniLM-L6-v2,0.7,1
Bossiaea linophylla,Platylobium linifolium,0.4217,not synonym,sentence-transformers/all-MiniLM-L6-v2,0.7,1
Bredemeyera acuminata,Polygala psammophila,0.2573,not synonym,sentence-transformers/all-MiniLM-L6-v2,0.7,0
Ebenus pinnata,Mundulea chapelieri,0.4321,not synonym,sentence-transformers/all-MiniLM-L6-v2,0.7,0
Polygaloides paucifolia,Racosperma hylonomum,0.3297,not synonym,sentence-transformers/all-MiniLM-L6-v2,0.7,0
Bossiaea dentata,Heistera poiretii,0.3514,not synonym,sentence-transformers/all-MiniLM-L6-v2,0.7,0
Acacia echinula,Acacia echinata,0.9449,synonym,sentence-transformers/all-MiniLM-L6-v2,0.7,1
Securidaca diversifolia,Xanthophyllum acuminatissimum,0.3848,not synonym,sentence-transformers/all-MiniLM-L6-v2,0.7,0
Kotschya capitulifera,Damapana capitulifera,0.6841,not synonym,sentence-transformers/all-MiniLM-L6-v2,0.7,1
Acacia aureocrinita,Chesneya vaginalis,0.2206,not synonym,sentence-transformers/all-MiniLM-L6-v2,0.7,0
Muraltia thymifolia,Polygala ciliata,0.4175,not synonym,sentence-transformers/all-MiniLM-L6-v2,0.7,0
Caamembeca insignis,Bugranopsis variegata,0.1953,not synonym,sentence-transformers/all-MiniLM-L6-v2,0.7,0
Machaerium declinatum,Berlinia splendida,0.3432,not synonym,sentence-transformers/all-MiniLM-L6-v2,0.7,0
Inga fastuosa,Mimosa fastuosa,0.7135,synonym,sentence-transformers/all-MiniLM-L6-v2,0.7,1
Genista anatolica,Lotus glaberrimus,0.0745,not synonym,sentence-transformers/all-MiniLM-L6-v2,0.7,0
Moutabea pacifica,Archidendron effeminatum,0.1535,not synonym,sentence-transformers/all-MiniLM-L6-v2,0.7,0
Machaerium punctatum,Nissolia punctata,0.5492,not synonym,sentence-transformers/all-MiniLM-L6-v2,0.7,1
Calliandra laxa,Galactia linearifolia,0.3163,not synonym,sentence-transformers/all-MiniLM-L6-v2,0.7,0
Inga laurina,Racosperma durabile,0.1079,not synonym,sentence-transformers/all-MiniLM-L6-v2,0.7,0
Millettia sericea,Polygala zindae,0.4236,not synonym,sentence-transformers/all-MiniLM-L6-v2,0.7,0
Genista linifolia,Avornela linifolia,0.6723,not synonym,sentence-transformers/all-MiniLM-L6-v2,0.7,1
Cyclopia subternata,Cyclopia grandiflora,0.7403,synonym,sentence-transformers/all-MiniLM-L6-v2,0.7,1
Archidendron arborescens,Pithecellobium arborescens,0.6674,not synonym,sentence-transformers/all-MiniLM-L6-v2,0.7,1
Gastrolobium celsianum,Dorycnium corsicum,0.4252,not synonym,sentence-transformers/all-MiniLM-L6-v2,0.7,0
Lotus subbiflorus,Racosperma ixiophyllum,0.1672,not synonym,sentence-transformers/all-MiniLM-L6-v2,0.7,0
Asemeia monninoides,Flemingia cavaleriei,0.3381,not synonym,sentence-transformers/all-MiniLM-L6-v2,0.7,0
Myroxylon balsamum,Genista oliveri,0.0903,not synonym,sentence-transformers/all-MiniLM-L6-v2,0.7,0
Myroxylon peruiferum,Myrospermum peruiferum,0.7131,synonym,sentence-transformers/all-MiniLM-L6-v2,0.7,1
Erythrostemon acapulcensis,Poincianella acapulcensis,0.5793,not synonym,sentence-transformers/all-MiniLM-L6-v2,0.7,1
Polygala leptostachys,Polygala tenuis,0.5554,not synonym,sentence-transformers/all-MiniLM-L6-v2,0.7,1
Hippocrepis emerus,Genista palmiformis,0.192,not synonym,sentence-transformers/all-MiniLM-L6-v2,0.7,0
Chesneya macrantha,Polygala cantalica,0.4084,not synonym,sentence-transformers/all-MiniLM-L6-v2,0.7,0
Acacia hakeoides,Smithia bequaertii,0.4082,not synonym,sentence-transformers/all-MiniLM-L6-v2,0.7,0
Dialium excelsum,Teline monspessulana,0.1331,not synonym,sentence-transformers/all-MiniLM-L6-v2,0.7,0
Lotus biflorus,Carmichaelia prona,0.1383,not synonym,sentence-transformers/all-MiniLM-L6-v2,0.7,0
Gastrolobium coriaceum,Derris muehlbergiana,0.254,not synonym,sentence-transformers/all-MiniLM-L6-v2,0.7,0
Lotus dorycnium,Dorycnium hispanicum,0.675,not synonym,sentence-transformers/all-MiniLM-L6-v2,0.7,1
Genista micrantha,Genista broteroi,0.6651,not synonym,sentence-transformers/all-MiniLM-L6-v2,0.7,1
Genista canariensis,Genista paniculata,0.721,synonym,sentence-transformers/all-MiniLM-L6-v2,0.7,1
Acacia pachyphylla,Racosperma pacyphyllum,0.5348,not synonym,sentence-transformers/all-MiniLM-L6-v2,0.7,1
Archidendron turgidum,Polygala wrightii,0.3033,not synonym,sentence-transformers/all-MiniLM-L6-v2,0.7,0
Muraltia ericoides,Heistera tenuifolia,0.3527,not synonym,sentence-transformers/all-MiniLM-L6-v2,0.7,0
Dialium guineense,Securidaca timboensis,0.1328,not synonym,sentence-transformers/all-MiniLM-L6-v2,0.7,0
Inga chocoensis,Genistella tridentata,0.3259,not synonym,sentence-transformers/all-MiniLM-L6-v2,0.7,0
Bossiaea scolopendria,Monnina emarginata,0.3015,not synonym,sentence-transformers/all-MiniLM-L6-v2,0.7,0
Ononis pubescens,Ononis paniculata,0.7239,synonym,sentence-transformers/all-MiniLM-L6-v2,0.7,1
Polygala karensium,Lugaion etnense,0.2148,not synonym,sentence-transformers/all-MiniLM-L6-v2,0.7,0
Securidaca coriacea,Securidaca coriacea,1.0,synonym,sentence-transformers/all-MiniLM-L6-v2,0.7,1
Eysenhardtia spinosa,Wiborgia spinosa,0.5965,not synonym,sentence-transformers/all-MiniLM-L6-v2,0.7,1
Inga sessilis,Heisteria longicuspis,0.2755,not synonym,sentence-transformers/all-MiniLM-L6-v2,0.7,0
Machaerium salvadorense,Pithecellobium macrophyllum,0.2208,not synonym,sentence-transformers/all-MiniLM-L6-v2,0.7,0
Gilbertiodendron ivorense,Berlinia ivorensis,0.6178,not synonym,sentence-transformers/all-MiniLM-L6-v2,0.7,1
Inga tarapotensis,Inga tarapotensis,1.0,synonym,sentence-transformers/all-MiniLM-L6-v2,0.7,1
Archidendron muellerianum,Albizia muelleriana,0.4559,not synonym,sentence-transformers/all-MiniLM-L6-v2,0.7,1
Archidendron dalatense,Abarema lucida,0.326,not synonym,sentence-transformers/all-MiniLM-L6-v2,0.7,0
Recchia mexicana,Pultenaea neurocalyx,0.3158,not synonym,sentence-transformers/all-MiniLM-L6-v2,0.7,0
Asemeia violacea,Heistera serpylloides,0.4046,not synonym,sentence-transformers/all-MiniLM-L6-v2,0.7,0
Calobota spinescens,Vigna peduncularis,0.2216,not synonym,sentence-transformers/all-MiniLM-L6-v2,0.7,0
Millettia lenneoides,Feuilleea maynensis,0.3426,not synonym,sentence-transformers/all-MiniLM-L6-v2,0.7,0
Flemingia macrophylla,Anneslia tweedyi,0.2853,not synonym,sentence-transformers/all-MiniLM-L6-v2,0.7,0
Lotus angustissimus,Lotus oligoceratos,0.6055,not synonym,sentence-transformers/all-MiniLM-L6-v2,0.7,1
Monnina marginata,Heistera juniperifolia,0.3628,not synonym,sentence-transformers/all-MiniLM-L6-v2,0.7,0
Ononis leucotricha,Ononis schousboei,0.72,synonym,sentence-transformers/all-MiniLM-L6-v2,0.7,1
Quillaja saponaria,Smegmaria emarginata,0.4788,not synonym,sentence-transformers/all-MiniLM-L6-v2,0.7,1
Archidendron baucheri,Abarema baucheri,0.6164,not synonym,sentence-transformers/all-MiniLM-L6-v2,0.7,1
Lupinus angustifolius,Lupinus jugoslavicus,0.6782,not synonym,sentence-transformers/all-MiniLM-L6-v2,0.7,1
Xanthophyllum flavescens,Xanthophyllum multiramosum,0.7249,synonym,sentence-transformers/all-MiniLM-L6-v2,0.7,1
Calliandra umbellifera,Feuilleea ceacana,0.405,not synonym,sentence-transformers/all-MiniLM-L6-v2,0.7,1
Eysenhardtia polystachya,Cyclopia galioides,0.2303,not synonym,sentence-transformers/all-MiniLM-L6-v2,0.7,0
Dialium platysepalum,Racosperma chartaceum,0.2211,not synonym,sentence-transformers/all-MiniLM-L6-v2,0.7,0
Monnina macrocarpa,Pteromonnina macrocarpa,0.6946,not synonym,sentence-transformers/all-MiniLM-L6-v2,0.7,1
Lotus biflorus,Heistera calycina,0.1492,not synonym,sentence-transformers/all-MiniLM-L6-v2,0.7,0
Acanthocladus dichromus,Lotus longicaulis,0.1962,not synonym,sentence-transformers/all-MiniLM-L6-v2,0.7,0
Dahlstedtia glaziovii,Polygala communis,0.261,not synonym,sentence-transformers/all-MiniLM-L6-v2,0.7,0
Carmichaelia nana,Polygala congesta,0.4237,not synonym,sentence-transformers/all-MiniLM-L6-v2,0.7,0
Acacia provincialis,Acacia semperflorens,0.765,synonym,sentence-transformers/all-MiniLM-L6-v2,0.7,1
Polygala timoutou,Senega timoutou,0.6078,not synonym,sentence-transformers/all-MiniLM-L6-v2,0.7,1
Machaerium brasiliense,Machaerium triste,0.6687,not synonym,sentence-transformers/all-MiniLM-L6-v2,0.7,1
Betencourtia scarlatina,Clitoria fulgens,0.426,not synonym,sentence-transformers/all-MiniLM-L6-v2,0.7,1
Lotus dorycnium,Dorycnium suffruticosum,0.6767,not synonym,sentence-transformers/all-MiniLM-L6-v2,0.7,1
Securidaca divaricata,Securidaca parvifolia,0.6791,not synonym,sentence-transformers/all-MiniLM-L6-v2,0.7,1
Muraltia squarrosa,Callistachys parviflora,0.3574,not synonym,sentence-transformers/all-MiniLM-L6-v2,0.7,0
Gonocytisus angulatus,Cytisus angulatus,0.7517,synonym,sentence-transformers/all-MiniLM-L6-v2,0.7,1
Inga maynensis,Feuilleea maynensis,0.557,not synonym,sentence-transformers/all-MiniLM-L6-v2,0.7,1
Machaerium hirtum,Machaerium acaciefolium,0.6698,not synonym,sentence-transformers/all-MiniLM-L6-v2,0.7,1
Coulteria mollis,Moldenhawera mollis,0.6309,not synonym,sentence-transformers/all-MiniLM-L6-v2,0.7,1
Securidaca brownii,Securidaca virgata,0.5741,not synonym,sentence-transformers/all-MiniLM-L6-v2,0.7,1
Lotus garcinii,Derris involuta,0.2577,not synonym,sentence-transformers/all-MiniLM-L6-v2,0.7,0
Genista scorpius,Genista scorpius,1.0,synonym,sentence-transformers/all-MiniLM-L6-v2,0.7,1
Genista tridentata,Pterospartum tridentatum,0.4671,not synonym,sentence-transformers/all-MiniLM-L6-v2,0.7,1
Calliandra parvifolia,Feuilleea myriophylla,0.2607,not synonym,sentence-transformers/all-MiniLM-L6-v2,0.7,1
Machaerium lunatum,Sommerfeldtia obovata,0.4253,not synonym,sentence-transformers/all-MiniLM-L6-v2,0.7,1
Chesneya acaulis,Calophaca acaulis,0.6827,not synonym,sentence-transformers/all-MiniLM-L6-v2,0.7,1
Flemingia nilgheriensis,Machaerium martii,0.3146,not synonym,sentence-transformers/all-MiniLM-L6-v2,0.7,0
Archidendron jiringa,Pithecellobium lobatum,0.3017,not synonym,sentence-transformers/all-MiniLM-L6-v2,0.7,1
Genista stenopetala,Genista everestiana,0.5961,not synonym,sentence-transformers/all-MiniLM-L6-v2,0.7,1
Monnina pumila,Lupinus niger,0.3492,not synonym,sentence-transformers/all-MiniLM-L6-v2,0.7,0
Machaerium quinata,Nissolia quinata,0.6322,not synonym,sentence-transformers/all-MiniLM-L6-v2,0.7,1
Muraltia leptorhiza,Inga falcistipula,0.3077,not synonym,sentence-transformers/all-MiniLM-L6-v2,0.7,0
Amphicarpaea bracteata,Falcata caroliniana,0.4058,not synonym,sentence-transformers/all-MiniLM-L6-v2,0.7,1
Padbruggea dasyphylla,Callerya dasyphylla,0.6358,not synonym,sentence-transformers/all-MiniLM-L6-v2,0.7,1
Genista aetnensis,Spartium aetnensis,0.3768,not synonym,sentence-transformers/all-MiniLM-L6-v2,0.7,1
Flemingia fruticulosa,Aotus ferruginea,0.3424,not synonym,sentence-transformers/all-MiniLM-L6-v2,0.7,0
Genista januensis,Larrea texensis,0.2587,not synonym,sentence-transformers/all-MiniLM-L6-v2,0.7,0
Polygala timoutou,Acacia asplenioides,0.3028,not synonym,sentence-transformers/all-MiniLM-L6-v2,0.7,0
Erythrostemon exilifolius,Machaerium eriostemon,0.3212,not synonym,sentence-transformers/all-MiniLM-L6-v2,0.7,0
Machaerium isadelphum,Machaerium costaricanum,0.7204,synonym,sentence-transformers/all-MiniLM-L6-v2,0.7,1
Genista canariensis,Pithecellobium kubaryanum,0.3352,not synonym,sentence-transformers/all-MiniLM-L6-v2,0.7,0
Polygala macroptera,Polygala volubilis,0.6872,not synonym,sentence-transformers/all-MiniLM-L6-v2,0.7,1
Hoffmannseggia eremophila,Lotus schimperi,0.2186,not synonym,sentence-transformers/all-MiniLM-L6-v2,0.7,0
Archidendron lucyi,Archidendron peekelii,0.6829,not synonym,sentence-transformers/all-MiniLM-L6-v2,0.7,1
Monnina cuneata,Lotus peliorhynchus,0.2406,not synonym,sentence-transformers/all-MiniLM-L6-v2,0.7,0
Inga sapindoides,Cytisus tener,0.2704,not synonym,sentence-transformers/all-MiniLM-L6-v2,0.7,0
Calobota cytisoides,Calobota cytisoides,1.0,synonym,sentence-transformers/all-MiniLM-L6-v2,0.7,1
Archidendron glomeriflorum,Abarema glomeriflora,0.4847,not synonym,sentence-transformers/all-MiniLM-L6-v2,0.7,1
Acacia ampliata,Racosperma ampliatum,0.2629,not synonym,sentence-transformers/all-MiniLM-L6-v2,0.7,1
Muraltia lancifolia,Muraltia tenuifolia,0.8807,synonym,sentence-transformers/all-MiniLM-L6-v2,0.7,1
Julbernardia globiflora,Julbernardia globifera,0.9022,synonym,sentence-transformers/all-MiniLM-L6-v2,0.7,1
Hanslia ormocarpoides,Hedysarum adhaerens,0.4613,not synonym,sentence-transformers/all-MiniLM-L6-v2,0.7,1
Julbernardia globiflora,Callistachys acuta,0.3087,not synonym,sentence-transformers/all-MiniLM-L6-v2,0.7,0
Genista ferox,Genista salditana,0.6602,not synonym,sentence-transformers/all-MiniLM-L6-v2,0.7,1
Hebecarpa costaricensis,Polygala antillensis,0.209,not synonym,sentence-transformers/all-MiniLM-L6-v2,0.7,1
Polygala leucantha,Polygala graebiana,0.7503,synonym,sentence-transformers/all-MiniLM-L6-v2,0.7,1
Dialium guianense,Dialium acuminatum,0.5466,not synonym,sentence-transformers/all-MiniLM-L6-v2,0.7,1
Genista canariensis,Muraltia conferta,0.3518,not synonym,sentence-transformers/all-MiniLM-L6-v2,0.7,0
Lotus angustissimus,Mullaghera variabilis,0.2003,not synonym,sentence-transformers/all-MiniLM-L6-v2,0.7,1
Inga cordistipula,Mimosa plana,0.4421,not synonym,sentence-transformers/all-MiniLM-L6-v2,0.7,1
Inga ciliata,Feuilleea ciliata,0.6784,not synonym,sentence-transformers/all-MiniLM-L6-v2,0.7,1
Lotus dorycnium,Astragalus larkyaensis,0.2517,not synonym,sentence-transformers/all-MiniLM-L6-v2,0.7,0
Hebecarpa caracasana,Badiera caracasana,0.713,synonym,sentence-transformers/all-MiniLM-L6-v2,0.7,1
Echinospartum horridum,Monnina cuneata,0.2315,not synonym,sentence-transformers/all-MiniLM-L6-v2,0.7,0
Calobota elongata,Crotalaria elongata,0.7242,synonym,sentence-transformers/all-MiniLM-L6-v2,0.7,1
Lupinus chamissonis,Lupinus ornatus,0.6586,not synonym,sentence-transformers/all-MiniLM-L6-v2,0.7,1
Aotus phylicoides,Aotus phylicoides,1.0,synonym,sentence-transformers/all-MiniLM-L6-v2,0.7,1
Bossiaea spinosa,Bossiaea calycina,0.7739,synonym,sentence-transformers/all-MiniLM-L6-v2,0.7,1
Inga ursi,Bredemeyera acuminata,0.3492,not synonym,sentence-transformers/all-MiniLM-L6-v2,0.7,0
Acacia incrassata,Pithecellobium laxiflorum,0.3345,not synonym,sentence-transformers/all-MiniLM-L6-v2,0.7,0
Machaerium lunatum,Bugranopsis tournefortii,0.356,not synonym,sentence-transformers/all-MiniLM-L6-v2,0.7,0
Carpolobia goetzei,Galactia crassifolia,0.1467,not synonym,sentence-transformers/all-MiniLM-L6-v2,0.7,0
Ononis arvensis,Ononis semihircina,0.7241,synonym,sentence-transformers/all-MiniLM-L6-v2,0.7,1
Asemeia mollis,Polygala mollis,0.5209,not synonym,sentence-transformers/all-MiniLM-L6-v2,0.7,1
Gastrolobium retusum,Oxylobium virgatum,0.4737,not synonym,sentence-transformers/all-MiniLM-L6-v2,0.7,1
Nissolia brasiliensis,Chaetocalyx brasiliensis,0.5272,not synonym,sentence-transformers/all-MiniLM-L6-v2,0.7,1
Apios fortunei,Glycine fortunei,0.6133,not synonym,sentence-transformers/all-MiniLM-L6-v2,0.7,1
Chorizema obtusifolium,Oxylobium obtusifolium,0.5617,not synonym,sentence-transformers/all-MiniLM-L6-v2,0.7,1
Gastrolobium nervosum,Oxytropis grubovii,0.3518,not synonym,sentence-transformers/all-MiniLM-L6-v2,0.7,0
Humularia kassneri,Geissaspis kassneri,0.6652,not synonym,sentence-transformers/all-MiniLM-L6-v2,0.7,1
Xanthophyllum flavescens,Xanthophyllum affine,0.7879,synonym,sentence-transformers/all-MiniLM-L6-v2,0.7,1
Dysolobium pilosum,Caesalpinia violacea,0.3165,not synonym,sentence-transformers/all-MiniLM-L6-v2,0.7,0
Polygala trichosperma,Polygala sulcata,0.6353,not synonym,sentence-transformers/all-MiniLM-L6-v2,0.7,1
Erythrostemon placidus,Polygala schimperi,0.2157,not synonym,sentence-transformers/all-MiniLM-L6-v2,0.7,0
Inga ursi,Cytisus parviflorus,0.1378,not synonym,sentence-transformers/all-MiniLM-L6-v2,0.7,0
Caamembeca insignis,Polygala mucronata,0.3767,not synonym,sentence-transformers/all-MiniLM-L6-v2,0.7,1
Muraltia macrocarpa,Polygala pohliana,0.4165,not synonym,sentence-transformers/all-MiniLM-L6-v2,0.7,0
Lotus glinoides,Lotus ehrenbergii,0.6694,not synonym,sentence-transformers/all-MiniLM-L6-v2,0.7,1
Machaerium cirrhiferum,Machaerium arborescens,0.683,not synonym,sentence-transformers/all-MiniLM-L6-v2,0.7,1
Coulteria cubensis,Echinospartum horridum,0.2812,not synonym,sentence-transformers/all-MiniLM-L6-v2,0.7,0
Machaerium lunatum,Racosperma leptolobum,0.0391,not synonym,sentence-transformers/all-MiniLM-L6-v2,0.7,0
Comesperma spinosum,Dorycnium elongatum,0.327,not synonym,sentence-transformers/all-MiniLM-L6-v2,0.7,0
Inga pilosula,Machaerium heterophyllum,0.1591,not synonym,sentence-transformers/all-MiniLM-L6-v2,0.7,0
Apios americana,Apios tuberosa,0.5573,not synonym,sentence-transformers/all-MiniLM-L6-v2,0.7,1
Dysolobium pilosum,Vigna pilosa,0.4163,not synonym,sentence-transformers/all-MiniLM-L6-v2,0.7,1
Hoita macrostachya,Psoralea macrostachya,0.5043,not synonym,sentence-transformers/all-MiniLM-L6-v2,0.7,1
Archidendron contortum,Entada schlechteri,0.1454,not synonym,sentence-transformers/all-MiniLM-L6-v2,0.7,0
Securidaca longifolia,Elsota longifolia,0.6639,not synonym,sentence-transformers/all-MiniLM-L6-v2,0.7,1
Humularia drepanocephala,Geissaspis homblei,0.2116,not synonym,sentence-transformers/all-MiniLM-L6-v2,0.7,1
Comesperma lhotzkyanum,Comesperma lhotzkyanum,1.0,synonym,sentence-transformers/all-MiniLM-L6-v2,0.7,1
Muraltia spinosa,Albizia bubalina,0.4662,not synonym,sentence-transformers/all-MiniLM-L6-v2,0.7,0
Dialium guianense,Dialium divaricatum,0.5806,not synonym,sentence-transformers/all-MiniLM-L6-v2,0.7,1
Lotus lalambensis,Lotus lalambensis,1.0,synonym,sentence-transformers/all-MiniLM-L6-v2,0.7,1
Inga sapindoides,Inga panamensis,0.5832,not synonym,sentence-transformers/all-MiniLM-L6-v2,0.7,1
Betencourtia martii,Ononis rentonarensis,0.2535,not synonym,sentence-transformers/all-MiniLM-L6-v2,0.7,0
Lotus namulensis,Lotus eylesii,0.6971,not synonym,sentence-transformers/all-MiniLM-L6-v2,0.7,1
Genista ephedroides,Cytisanthus ephedroides,0.4836,not synonym,sentence-transformers/all-MiniLM-L6-v2,0.7,1
Genista spachiana,Cytisus spachianus,0.4587,not synonym,sentence-transformers/all-MiniLM-L6-v2,0.7,1
Calliandra hirsuta,Calliandra speciosa,0.5459,not synonym,sentence-transformers/all-MiniLM-L6-v2,0.7,1
Muraltia muraltioides,Berlinia preussii,0.4009,not synonym,sentence-transformers/all-MiniLM-L6-v2,0.7,0
Ononis mitissima,Moghania tuberosa,0.311,not synonym,sentence-transformers/all-MiniLM-L6-v2,0.7,0
Muraltia macropetala,Heisteria macropetala,0.6095,not synonym,sentence-transformers/all-MiniLM-L6-v2,0.7,1
Camptosema tomentosum,Amphicarpaea deltifolia,0.3653,not synonym,sentence-transformers/all-MiniLM-L6-v2,0.7,0
Gastrolobium nervosum,Phaseolus robustus,0.2314,not synonym,sentence-transformers/all-MiniLM-L6-v2,0.7,0
Archidendron glomeriflorum,Albizia glomeriflora,0.5257,not synonym,sentence-transformers/all-MiniLM-L6-v2,0.7,1
Calliandra hymenaeoides,Spartium pilosum,0.3301,not synonym,sentence-transformers/all-MiniLM-L6-v2,0.7,0
Aubrevillea kerstingii,Piptadenia kerstingii,0.6791,not synonym,sentence-transformers/all-MiniLM-L6-v2,0.7,1
Polygala paludicola,Polygala claessensii,0.763,synonym,sentence-transformers/all-MiniLM-L6-v2,0.7,1
Securidaca lateralis,Elsota lateralis,0.6473,not synonym,sentence-transformers/all-MiniLM-L6-v2,0.7,1
Erythrostemon pannosus,Caesalpinia arenosa,0.2603,not synonym,sentence-transformers/all-MiniLM-L6-v2,0.7,1
Genista hispanica,Pithecellobium minahassae,0.2245,not synonym,sentence-transformers/all-MiniLM-L6-v2,0.7,0
Hebecarpa costaricensis,Polygala sanctae-luciae,0.4309,not synonym,sentence-transformers/all-MiniLM-L6-v2,0.7,1
Polygala calcarea,Cylindrokelupha platyphylla,0.5344,not synonym,sentence-transformers/all-MiniLM-L6-v2,0.7,0
Carmichaelia odorata,Camptosema bellatulum,0.3923,not synonym,sentence-transformers/all-MiniLM-L6-v2,0.7,0
Humularia renieri,Geissaspis renieri,0.687,not synonym,sentence-transformers/all-MiniLM-L6-v2,0.7,1
Carmichaelia australis,Carmichaelia rivulata,0.781,synonym,sentence-transformers/all-MiniLM-L6-v2,0.7,1
Millettia barteri,Lotus trigonelloides,0.1367,not synonym,sentence-transformers/all-MiniLM-L6-v2,0.7,0
Monnina xalapensis,Calliandra patrisii,0.2945,not synonym,sentence-transformers/all-MiniLM-L6-v2,0.7,0
Monnina padifolia,Calliandra prostrata,0.2882,not synonym,sentence-transformers/all-MiniLM-L6-v2,0.7,0
Lotus jordanii,Bionia rigida,0.4219,not synonym,sentence-transformers/all-MiniLM-L6-v2,0.7,0
Gastrolobium melanocarpum,Genista longirostrata,0.2382,not synonym,sentence-transformers/all-MiniLM-L6-v2,0.7,0
Calobota cytisoides,Ebenus capensis,0.3809,not synonym,sentence-transformers/all-MiniLM-L6-v2,0.7,1
Chorizema parviflorum,Chorizema gomphocarpum,0.6875,not synonym,sentence-transformers/all-MiniLM-L6-v2,0.7,1
Comesperma praecelsum,Bredemeyera praecelsa,0.5542,not synonym,sentence-transformers/all-MiniLM-L6-v2,0.7,1
Microcharis garissaensis,Indigofera garissaensis,0.5611,not synonym,sentence-transformers/all-MiniLM-L6-v2,0.7,1
Mecopus nidulans,Machaerium velutinum,0.2577,not synonym,sentence-transformers/all-MiniLM-L6-v2,0.7,0
Gastrolobium dorrienii,Nemcia emarginata,0.42,not synonym,sentence-transformers/all-MiniLM-L6-v2,0.7,1
Calliandra obesifolia,Calliandra obesifolia,1.0,synonym,sentence-transformers/all-MiniLM-L6-v2,0.7,1
Muraltia dumosa,Polygala minutifolia,0.404,not synonym,sentence-transformers/all-MiniLM-L6-v2,0.7,0
Aphanocalyx microphyllus,Galactia martii,0.2397,not synonym,sentence-transformers/all-MiniLM-L6-v2,0.7,0
Julbernardia globiflora,Acacia mirbelii,0.3553,not synonym,sentence-transformers/all-MiniLM-L6-v2,0.7,0
Nissolia vincentina,Chaetocalyx pubescens,0.2346,not synonym,sentence-transformers/all-MiniLM-L6-v2,0.7,1
Apios americana,Archidendron bequinii,0.2223,not synonym,sentence-transformers/all-MiniLM-L6-v2,0.7,0
Archidendron lucyi,Guatteria incerta,0.2375,not synonym,sentence-transformers/all-MiniLM-L6-v2,0.7,0
Securidaca diversifolia,Securidaca macrostachya,0.6173,not synonym,sentence-transformers/all-MiniLM-L6-v2,0.7,1
Calliandra foliolosa,Feuilleea foliolosa,0.6867,not synonym,sentence-transformers/all-MiniLM-L6-v2,0.7,1
Camptosema spectabile,Lalage ornata,0.1616,not synonym,sentence-transformers/all-MiniLM-L6-v2,0.7,0
Ebenus macrophylla,Ebenidium macrophyllum,0.7997,synonym,sentence-transformers/all-MiniLM-L6-v2,0.7,1
Lupinus covillei,Lupinus convillei,0.9496,synonym,sentence-transformers/all-MiniLM-L6-v2,0.7,1
Polygala caudata,Chesniella mongolica,0.4036,not synonym,sentence-transformers/all-MiniLM-L6-v2,0.7,0
Neoharmsia baronii,Cadia baronii,0.647,not synonym,sentence-transformers/all-MiniLM-L6-v2,0.7,1
Acacia peruviana,Mimosa cassioides,0.2614,not synonym,sentence-transformers/all-MiniLM-L6-v2,0.7,1
Flemingia macrophylla,Psoralea macrostachya,0.3222,not synonym,sentence-transformers/all-MiniLM-L6-v2,0.7,0
Archidendron aruense,Hansemannia aruensis,0.2938,not synonym,sentence-transformers/all-MiniLM-L6-v2,0.7,1
Archidendron lucidum,Albizia championiae,0.2604,not synonym,sentence-transformers/all-MiniLM-L6-v2,0.7,1
Hebecarpa americana,Polygala sancta-luciae,0.3681,not synonym,sentence-transformers/all-MiniLM-L6-v2,0.7,1
Polygala bonariensis,Senega bonariensis,0.634,not synonym,sentence-transformers/all-MiniLM-L6-v2,0.7,1
Lotus jordanii,Archidendron laxiflorum,0.2797,not synonym,sentence-transformers/all-MiniLM-L6-v2,0.7,0
Bredemeyera hebeclada,Pomaria humilis,0.3403,not synonym,sentence-transformers/all-MiniLM-L6-v2,0.7,0
Inga sapindoides,Telinaria humifusa,0.378,not synonym,sentence-transformers/all-MiniLM-L6-v2,0.7,0
Genista falcata,Scorpius falcatus,0.2296,not synonym,sentence-transformers/all-MiniLM-L6-v2,0.7,1
Acacia anthochaera,Polygala badensis,0.2893,not synonym,sentence-transformers/all-MiniLM-L6-v2,0.7,0
Securidaca virgata,Hippocrepis divaricata,0.4465,not synonym,sentence-transformers/all-MiniLM-L6-v2,0.7,0
Flemingia stricta,Lotus minor,0.2311,not synonym,sentence-transformers/all-MiniLM-L6-v2,0.7,0
Gastrolobium retusum,Oxylobium drummondii,0.4596,not synonym,sentence-transformers/all-MiniLM-L6-v2,0.7,1
Hoffmannseggia drummondii,Caesalpinia texana,0.3819,not synonym,sentence-transformers/all-MiniLM-L6-v2,0.7,1
Dysolobium pilosum,Chesneya spinosa,0.4064,not synonym,sentence-transformers/all-MiniLM-L6-v2,0.7,0
Polygala scutellata,Phaseolus velutinus,0.3348,not synonym,sentence-transformers/all-MiniLM-L6-v2,0.7,0
Archidendron kinubaluense,Trigonia velutina,0.1604,not synonym,sentence-transformers/all-MiniLM-L6-v2,0.7,0
Echinospartum boissieri,Genista lusitanica,0.2803,not synonym,sentence-transformers/all-MiniLM-L6-v2,0.7,1
Ononis cheiranthoides,Scorpius anglicus,0.3221,not synonym,sentence-transformers/all-MiniLM-L6-v2,0.7,0
Polygala cneorum,Polygala regnellii,0.7701,synonym,sentence-transformers/all-MiniLM-L6-v2,0.7,1
Gilbertiodendron grandistipulatum,Macrolobium letestui,0.2478,not synonym,sentence-transformers/all-MiniLM-L6-v2,0.7,1
Coulteria pringlei,Caesalpinia pringlei,0.579,not synonym,sentence-transformers/all-MiniLM-L6-v2,0.7,1
Comesperma ericinum,Maughania ferruginea,0.3356,not synonym,sentence-transformers/all-MiniLM-L6-v2,0.7,0
Archidendron bubalinum,Pithecellobium lobatum,0.3855,not synonym,sentence-transformers/all-MiniLM-L6-v2,0.7,1
Archidendron contortum,Feuilleea contorta,0.3809,not synonym,sentence-transformers/all-MiniLM-L6-v2,0.7,1
Archidendron ramiflorum,Pithecellobium ramiflorum,0.5748,not synonym,sentence-transformers/all-MiniLM-L6-v2,0.7,1
Salomonia cantoniensis,Senega regnellii,0.4199,not synonym,sentence-transformers/all-MiniLM-L6-v2,0.7,0
Amphicarpaea bracteata,Deguelia polyphylla,0.3836,not synonym,sentence-transformers/all-MiniLM-L6-v2,0.7,0
Dialium zenkeri,Dialium densiflorum,0.4984,not synonym,sentence-transformers/all-MiniLM-L6-v2,0.7,1
Genista tridentata,Chamaespartium tridentatum,0.3747,not synonym,sentence-transformers/all-MiniLM-L6-v2,0.7,1
Discolobium paucijugum,Hedysarum adhaerens,0.2845,not synonym,sentence-transformers/all-MiniLM-L6-v2,0.7,0
Inga xalapensis,Dalbergia ougeinensis,0.279,not synonym,sentence-transformers/all-MiniLM-L6-v2,0.7,0
Securidaca tenuifolia,Elsota tenuifolia,0.7276,synonym,sentence-transformers/all-MiniLM-L6-v2,0.7,1
Glycine max,Poincianella placida,0.1859,not synonym,sentence-transformers/all-MiniLM-L6-v2,0.7,0
Carpolobia goetzei,Carpolobia leandriana,0.6311,not synonym,sentence-transformers/all-MiniLM-L6-v2,0.7,1
Millettia macrophylla,Polygala tenuiloba,0.408,not synonym,sentence-transformers/all-MiniLM-L6-v2,0.7,0
Betencourtia crassifolia,Lebeckia linearifolia,0.6066,not synonym,sentence-transformers/all-MiniLM-L6-v2,0.7,0
Acacia paradoxa,Acacia undulata,0.7768,synonym,sentence-transformers/all-MiniLM-L6-v2,0.7,1
Archidendron clypearia,Feuilleea clypearia,0.4995,not synonym,sentence-transformers/all-MiniLM-L6-v2,0.7,1
Polygala garcini,Polygala zahlbruckneri,0.6847,not synonym,sentence-transformers/all-MiniLM-L6-v2,0.7,1
Gastrolobium wonganense,Gastrolobium wonganensis,0.8761,synonym,sentence-transformers/all-MiniLM-L6-v2,0.7,1
Dialium guineense,Codarium solanderi,0.2588,not synonym,sentence-transformers/all-MiniLM-L6-v2,0.7,1
Inga capitata,Cytiscus monspessulanus,0.0684,not synonym,sentence-transformers/all-MiniLM-L6-v2,0.7,0
Echinospartum barnadesii,Spartium radiatum,0.3103,not synonym,sentence-transformers/all-MiniLM-L6-v2,0.7,1
Machaerium leucopterum,Machaerium pungens,0.6448,not synonym,sentence-transformers/all-MiniLM-L6-v2,0.7,1
Acacia glutinosissima,Racosperma glutinosissimum,0.4991,not synonym,sentence-transformers/all-MiniLM-L6-v2,0.7,1
Genista tenera,Spartium congestum,0.0953,not synonym,sentence-transformers/all-MiniLM-L6-v2,0.7,1
Kotschya africana,Smithia africana,0.6138,not synonym,sentence-transformers/all-MiniLM-L6-v2,0.7,1
Lotus mlanjeanus,Lalage hoveaefolia,0.2458,not synonym,sentence-transformers/all-MiniLM-L6-v2,0.7,0
Flemingia stricta,Maughania stricta,0.6537,not synonym,sentence-transformers/all-MiniLM-L6-v2,0.7,1
Amphicarpaea bracteata,Glycine comosa,0.336,not synonym,sentence-transformers/all-MiniLM-L6-v2,0.7,1
Delonix floribunda,Aprevalia floribunda,0.6491,not synonym,sentence-transformers/all-MiniLM-L6-v2,0.7,1
Echinospartum barnadesii,Genista barnadesii,0.5388,not synonym,sentence-transformers/all-MiniLM-L6-v2,0.7,1
Brachypterum microphyllum,Salomonia rigida,0.2844,not synonym,sentence-transformers/all-MiniLM-L6-v2,0.7,0
Polygala exilis,Genista hirsuta,0.1805,not synonym,sentence-transformers/all-MiniLM-L6-v2,0.7,0
Camptosema coccineum,Corytholobium macrophyllum,0.3707,not synonym,sentence-transformers/all-MiniLM-L6-v2,0.7,0
Polygala brevialata,Polygala subsecunda,0.7392,synonym,sentence-transformers/all-MiniLM-L6-v2,0.7,1
Kotschya capitulifera,Smithia capitulifera,0.5739,not synonym,sentence-transformers/all-MiniLM-L6-v2,0.7,1
Gilbertiodendron grandistipulatum,Macrolobium grandistipulatum,0.6014,not synonym,sentence-transformers/all-MiniLM-L6-v2,0.7,1
Scottia aquifolium,Scottia aquifolium,1.0,synonym,sentence-transformers/all-MiniLM-L6-v2,0.7,1
Machaerium arboreum,Nissolia glabrata,0.1812,not synonym,sentence-transformers/all-MiniLM-L6-v2,0.7,1
Genista tricuspidata,Polygala gracillima,0.4796,not synonym,sentence-transformers/all-MiniLM-L6-v2,0.7,0
Lupinus angustifolius,Ebenidium tragacanthoides,0.2707,not synonym,sentence-transformers/all-MiniLM-L6-v2,0.7,0
Acanthocladus dichromus,Monnina schlechtendaliana,0.3512,not synonym,sentence-transformers/all-MiniLM-L6-v2,0.7,0
Acacia gordonii,Racosperma gordonii,0.3565,not synonym,sentence-transformers/all-MiniLM-L6-v2,0.7,1
Muraltia carnosa,Larrea platycarpa,0.4694,not synonym,sentence-transformers/all-MiniLM-L6-v2,0.7,0
Machaerium goudotii,Inga albicans,0.1434,not synonym,sentence-transformers/all-MiniLM-L6-v2,0.7,0
Glycine dalbergioides,Deguelia philippinensis,0.3398,not synonym,sentence-transformers/all-MiniLM-L6-v2,0.7,0
Inga panurensis,Hansemannia molle,0.1506,not synonym,sentence-transformers/all-MiniLM-L6-v2,0.7,0
Muraltia rubeacea,Calliandra nipensis,0.4123,not synonym,sentence-transformers/all-MiniLM-L6-v2,0.7,0
Millettia pachycarpa,Phaseoloides caeruleum,0.2374,not synonym,sentence-transformers/all-MiniLM-L6-v2,0.7,0
Archidendron syringifolium,Abarema syringifolia,0.4371,not synonym,sentence-transformers/all-MiniLM-L6-v2,0.7,1
Bossiaea ornata,Anthyllis erinacea,0.3507,not synonym,sentence-transformers/all-MiniLM-L6-v2,0.7,0
Muraltia heisteria,Caesalpinia hintonii,0.3695,not synonym,sentence-transformers/all-MiniLM-L6-v2,0.7,0
Ononis baetica,Ononis broteriana,0.7338,synonym,sentence-transformers/all-MiniLM-L6-v2,0.7,1
Dysolobium lucens,Phaseolus lucens,0.5736,not synonym,sentence-transformers/all-MiniLM-L6-v2,0.7,1
Rhinotropis lindheimeri,Polygala emoryi,0.2697,not synonym,sentence-transformers/all-MiniLM-L6-v2,0.7,1
Calliandra hirsuta,Acacia microcantha,0.2897,not synonym,sentence-transformers/all-MiniLM-L6-v2,0.7,0
Gastrolobium latifolium,Feuilleea glyphoxylon,0.4483,not synonym,sentence-transformers/all-MiniLM-L6-v2,0.7,0
Nissolia vincentina,Glycine pubescens,0.1524,not synonym,sentence-transformers/all-MiniLM-L6-v2,0.7,1
Polygaloides chamaebuxus,Polygala buxifolia,0.5643,not synonym,sentence-transformers/all-MiniLM-L6-v2,0.7,1
Comesperma virgatum,Comesperma hirtulum,0.6934,not synonym,sentence-transformers/all-MiniLM-L6-v2,0.7,0
Machaerium myrianthum,Gastrolobium lineare,0.3027,not synonym,sentence-transformers/all-MiniLM-L6-v2,0.7,0
Machaerium madeirense,Machaerium compressicaule,0.6705,not synonym,sentence-transformers/all-MiniLM-L6-v2,0.7,1
Lupinus prunophilus,Feuilleea venosa,0.3568,not synonym,sentence-transformers/all-MiniLM-L6-v2,0.7,0
Inga heterophylla,Inga vouapifolia,0.575,not synonym,sentence-transformers/all-MiniLM-L6-v2,0.7,1
Polygaloides paucifolia,Trichlisperma paucifolium,0.5962,not synonym,sentence-transformers/all-MiniLM-L6-v2,0.7,1
Ebenus cretica,Rhynchosia holubii,0.4716,not synonym,sentence-transformers/all-MiniLM-L6-v2,0.7,0
Flemingia parviflora,Flemingia racemosa,0.7365,synonym,sentence-transformers/all-MiniLM-L6-v2,0.7,1
Padbruggea filipes,Afgekia filipes,0.7215,synonym,sentence-transformers/all-MiniLM-L6-v2,0.7,1
Acacia concurrens,Acacia cunninghamii,0.8016,synonym,sentence-transformers/all-MiniLM-L6-v2,0.7,1
Asemeia acuminata,Lonchocarpus glaziovii,0.2935,not synonym,sentence-transformers/all-MiniLM-L6-v2,0.7,0
Comesperma virgatum,Polygala graminifolia,0.2307,not synonym,sentence-transformers/all-MiniLM-L6-v2,0.7,0
Glycine tabacina,Leptocyamus elongatus,0.1733,not synonym,sentence-transformers/all-MiniLM-L6-v2,0.7,1
Ononis euphrasiifolia,Tetragonolobus tetragonolobus,0.2824,not synonym,sentence-transformers/all-MiniLM-L6-v2,0.7,0
Millettia pachycarpa,Heisteria heisteria,0.2811,not synonym,sentence-transformers/all-MiniLM-L6-v2,0.7,0
Gastrolobium nervosum,Lupinus punensis,0.1836,not synonym,sentence-transformers/all-MiniLM-L6-v2,0.7,0
Acacia elata,Moghania bracteata,0.3861,not synonym,sentence-transformers/all-MiniLM-L6-v2,0.7,0
Muraltia ericifolia,Calliandra tapirorum,0.4152,not synonym,sentence-transformers/all-MiniLM-L6-v2,0.7,0
Cyclopia falcata,Oxylobium dorrienii,0.3394,not synonym,sentence-transformers/all-MiniLM-L6-v2,0.7,0
Dahlstedtia confertiflora,Indigofera pseudoindigofera,0.3981,not synonym,sentence-transformers/all-MiniLM-L6-v2,0.7,0
Securidaca inappendiculata,Polygala ligustroides,0.0595,not synonym,sentence-transformers/all-MiniLM-L6-v2,0.7,0
Monnina marginata,Genista gracilis,0.2311,not synonym,sentence-transformers/all-MiniLM-L6-v2,0.7,0
Caamembeca grandifolia,Inga longiflora,0.3136,not synonym,sentence-transformers/all-MiniLM-L6-v2,0.7,0
Delonix regia,Poinciana regia,0.4963,not synonym,sentence-transformers/all-MiniLM-L6-v2,0.7,1
Rhamphopetalum microphyllum,Hualania microphylla,0.4864,not synonym,sentence-transformers/all-MiniLM-L6-v2,0.7,1
Rhinotropis parryi,Polygala mexicana,0.3044,not synonym,sentence-transformers/all-MiniLM-L6-v2,0.7,0
Cadia purpurea,Dialium laurentii,0.2677,not synonym,sentence-transformers/all-MiniLM-L6-v2,0.7,0
Genista pilosa,Genista repens,0.7386,synonym,sentence-transformers/all-MiniLM-L6-v2,0.7,1
Archidendron bigeminum,Mimosa monadelpha,0.1937,not synonym,sentence-transformers/all-MiniLM-L6-v2,0.7,1
Archidendron bellum,Pithecellobium bellum,0.4273,not synonym,sentence-transformers/all-MiniLM-L6-v2,0.7,1
Aotus lanigera,Aotus lanigera,1.0,synonym,sentence-transformers/all-MiniLM-L6-v2,0.7,1
Dialium procerum,Inga titiribiana,0.1383,not synonym,sentence-transformers/all-MiniLM-L6-v2,0.7,0
Badiera oblongata,Monopteryx jahnii,0.1709,not synonym,sentence-transformers/all-MiniLM-L6-v2,0.7,0
Brachypterum microphyllum,Solori microphylla,0.588,not synonym,sentence-transformers/all-MiniLM-L6-v2,0.7,1
Machaerium isadelphum,Drepanocarpus isadelphus,0.2245,not synonym,sentence-transformers/all-MiniLM-L6-v2,0.7,1
Lotus quinatus,Lotus montanus,0.6873,not synonym,sentence-transformers/all-MiniLM-L6-v2,0.7,1
Dysolobium lucens,Polygala guatemalensis,0.2325,not synonym,sentence-transformers/all-MiniLM-L6-v2,0.7,0
Daniellia klainei,Daniellia klainei,1.0,synonym,sentence-transformers/all-MiniLM-L6-v2,0.7,1
Gilbertiodendron limba,Vouapa limba,0.5219,not synonym,sentence-transformers/all-MiniLM-L6-v2,0.7,1
Machaerium declinatum,Machaerium discolor,0.6562,not synonym,sentence-transformers/all-MiniLM-L6-v2,0.7,1
Acacia alpina,Racosperma alpinum,0.3069,not synonym,sentence-transformers/all-MiniLM-L6-v2,0.7,1
Hippocrepis comosa,Bredemeyera hilaireana,0.3258,not synonym,sentence-transformers/all-MiniLM-L6-v2,0.7,0
Lotus dorycnium,Dorycnium stenocladum,0.6796,not synonym,sentence-transformers/all-MiniLM-L6-v2,0.7,1
Xanthophyllum rufum,Xanthophyllum flavum,0.8088,synonym,sentence-transformers/all-MiniLM-L6-v2,0.7,1
Monnina herzogii,Pteromonnina herzogii,0.7627,synonym,sentence-transformers/all-MiniLM-L6-v2,0.7,1
Calliandra pauciflora,Anneslia diquetii,0.417,not synonym,sentence-transformers/all-MiniLM-L6-v2,0.7,0
Machaerium stipitatum,Phaseolus crassifolius,0.2856,not synonym,sentence-transformers/all-MiniLM-L6-v2,0.7,0
Genista hypericifolia,Genista hypericifolia,1.0,synonym,sentence-transformers/all-MiniLM-L6-v2,0.7,1
Genista osmariensis,Teline osmariensis,0.6127,not synonym,sentence-transformers/all-MiniLM-L6-v2,0.7,1
Carmichaelia australis,Millettia mavangensis,0.3414,not synonym,sentence-transformers/all-MiniLM-L6-v2,0.7,0
Genista monspessulana,Teline eriocarpa,0.2777,not synonym,sentence-transformers/all-MiniLM-L6-v2,0.7,1
Calliandra harrisii,Inga preussii,0.3245,not synonym,sentence-transformers/all-MiniLM-L6-v2,0.7,0
Genista monspessulana,Muraltia squarrosa,0.4083,not synonym,sentence-transformers/all-MiniLM-L6-v2,0.7,0
Millettia richardiana,Millettia baronii,0.7639,synonym,sentence-transformers/all-MiniLM-L6-v2,0.7,1
Inga uraguensis,Cytisus spachianus,0.1721,not synonym,sentence-transformers/all-MiniLM-L6-v2,0.7,0
Hesperolaburnum platycarpum,Machaerium fluminense,0.2554,not synonym,sentence-transformers/all-MiniLM-L6-v2,0.7,0
Inga pilosula,Calliandra coroensis,0.226,not synonym,sentence-transformers/all-MiniLM-L6-v2,0.7,0
Carpolobia alba,Carpolobia glabrescens,0.6863,not synonym,sentence-transformers/all-MiniLM-L6-v2,0.7,1
Inga umbratica,Inga radiata,0.6401,not synonym,sentence-transformers/all-MiniLM-L6-v2,0.7,1
Lupinus angustifolius,Lupinus maissurianii,0.8048,synonym,sentence-transformers/all-MiniLM-L6-v2,0.7,1
Inga plumifera,Feuilleea plumifera,0.673,not synonym,sentence-transformers/all-MiniLM-L6-v2,0.7,1
Genista sibirica,Chesniella ferganensis,0.3012,not synonym,sentence-transformers/all-MiniLM-L6-v2,0.7,0
Comesperma virgatum,Muraltia candollei,0.2222,not synonym,sentence-transformers/all-MiniLM-L6-v2,0.7,0
Daniellia ogea,Maughania angusta,0.4119,not synonym,sentence-transformers/all-MiniLM-L6-v2,0.7,0
Calophaca wolgarica,Adenocarpus wolgensis,0.3503,not synonym,sentence-transformers/all-MiniLM-L6-v2,0.7,1
Millettia fruticosa,Lebeckia cinerea,0.4093,not synonym,sentence-transformers/all-MiniLM-L6-v2,0.7,0
Campsiandra laurifolia,Inga laurifolia,0.6647,not synonym,sentence-transformers/all-MiniLM-L6-v2,0.7,1
Hippocrepis glauca,Brachysema platypteron,0.2551,not synonym,sentence-transformers/all-MiniLM-L6-v2,0.7,0
Calliandra magdalenae,Anthyllis capensis,0.291,not synonym,sentence-transformers/all-MiniLM-L6-v2,0.7,0
Polygala cymosa,Pithecellobium grandiflorum,0.3676,not synonym,sentence-transformers/all-MiniLM-L6-v2,0.7,0
Echinospartum horridum,Acacia cultrata,0.2743,not synonym,sentence-transformers/all-MiniLM-L6-v2,0.7,0
Calliandra tolimensis,Racosperma pinguiculosum,0.2291,not synonym,sentence-transformers/all-MiniLM-L6-v2,0.7,0
Millettia richardiana,Albizia championiae,0.3944,not synonym,sentence-transformers/all-MiniLM-L6-v2,0.7,0
Caamembeca salicifolia,Lotus corbierei,0.2989,not synonym,sentence-transformers/all-MiniLM-L6-v2,0.7,0
Inga stipulacea,Inga setigera,0.5162,not synonym,sentence-transformers/all-MiniLM-L6-v2,0.7,1
Polygala serpyllifolia,Nemcia dorrienii,0.3186,not synonym,sentence-transformers/all-MiniLM-L6-v2,0.7,0
Myroxylon balsamum,Myroxylon hanburyanum,0.6624,not synonym,sentence-transformers/all-MiniLM-L6-v2,0.7,1
Bredemeyera myrtifolia,Bredemeyera parviflora,0.4423,not synonym,sentence-transformers/all-MiniLM-L6-v2,0.7,1
Millettia barteri,Dalbergia krowee,0.4171,not synonym,sentence-transformers/all-MiniLM-L6-v2,0.7,0
Calliandra aeschynomenoides,Polygala decaisnei,0.2802,not synonym,sentence-transformers/all-MiniLM-L6-v2,0.7,0
Ononis ramosissima,Chaetocalyx bracteosus,0.2895,not synonym,sentence-transformers/all-MiniLM-L6-v2,0.7,0
Comesperma aphyllum,Comesperma aphyllum,1.0,synonym,sentence-transformers/all-MiniLM-L6-v2,0.7,1
Archidendron pahangense,Abarema pahangensis,0.3118,not synonym,sentence-transformers/all-MiniLM-L6-v2,0.7,1
Genista sagittalis,Chamaespartium sagittale,0.5038,not synonym,sentence-transformers/all-MiniLM-L6-v2,0.7,1
Calliandra selloi,Pithecolobium selloi,0.4939,not synonym,sentence-transformers/all-MiniLM-L6-v2,0.7,1
Genista segonnei,Racosperma biflorum,0.1066,not synonym,sentence-transformers/all-MiniLM-L6-v2,0.7,0
Myroxylon balsamum,Myroxylon sonsouatense,0.6384,not synonym,sentence-transformers/all-MiniLM-L6-v2,0.7,1
Genista sessilifolia,Polygala verdickii,0.3697,not synonym,sentence-transformers/all-MiniLM-L6-v2,0.7,0
Eleiotis sororia,Cytisus microphyllus,0.2519,not synonym,sentence-transformers/all-MiniLM-L6-v2,0.7,0
Hoffmannseggia glauca,Dorycnium stenophyllum,0.153,not synonym,sentence-transformers/all-MiniLM-L6-v2,0.7,0
Lotus herbaceus,Bredemeyera revoluta,0.2819,not synonym,sentence-transformers/all-MiniLM-L6-v2,0.7,0
Millettia ahernii,Millettia cavitensis,0.7652,synonym,sentence-transformers/all-MiniLM-L6-v2,0.7,1
Flemingia hockii,Moghania hockii,0.7224,synonym,sentence-transformers/all-MiniLM-L6-v2,0.7,1
Nissolia longiflora,Swartzia brachystachya,0.3703,not synonym,sentence-transformers/all-MiniLM-L6-v2,0.7,0
Comesperma retusum,Bredemeyera retusa,0.4905,not synonym,sentence-transformers/all-MiniLM-L6-v2,0.7,1
Gastrolobium melanocarpum,Racosperma isoneurum,0.3637,not synonym,sentence-transformers/all-MiniLM-L6-v2,0.7,0
Muraltia muraltioides,Heisteria beiliana,0.3947,not synonym,sentence-transformers/all-MiniLM-L6-v2,0.7,1
Echinospartum horridum,Spartium horridum,0.4669,not synonym,sentence-transformers/all-MiniLM-L6-v2,0.7,1
Amphicarpaea edgeworthii,Falcata edgeworthii,0.6405,not synonym,sentence-transformers/all-MiniLM-L6-v2,0.7,1
Comesperma nudiusculum,Cytisus sericeus,0.296,not synonym,sentence-transformers/all-MiniLM-L6-v2,0.7,0
Salomonia ciliata,Lupinus amplus,0.2613,not synonym,sentence-transformers/all-MiniLM-L6-v2,0.7,0
Genista lydia,Genista pontica,0.5967,not synonym,sentence-transformers/all-MiniLM-L6-v2,0.7,1
Gastrolobium plicatum,Genista transcaucasica,0.3031,not synonym,sentence-transformers/all-MiniLM-L6-v2,0.7,0
Acacia cardiophylla,Racosperma cardiophyllum,0.397,not synonym,sentence-transformers/all-MiniLM-L6-v2,0.7,1
Lupinus soukupianus,Lupinus soukupianus,1.0,synonym,sentence-transformers/all-MiniLM-L6-v2,0.7,1
Lotus jordanii,Flemingia bhottea,0.3517,not synonym,sentence-transformers/all-MiniLM-L6-v2,0.7,0
Genista canariensis,Mucuna recta,0.2633,not synonym,sentence-transformers/all-MiniLM-L6-v2,0.7,0
Archidendron jiringa,Caesalpinia oyamae,0.256,not synonym,sentence-transformers/all-MiniLM-L6-v2,0.7,0
Comesperma viscidulum,Millettia zollingeriana,0.1687,not synonym,sentence-transformers/all-MiniLM-L6-v2,0.7,0
Lupinus nanus,Abarema borneensis,0.2818,not synonym,sentence-transformers/all-MiniLM-L6-v2,0.7,0
Lotus tetragonolobus,Lotus purpureus,0.702,synonym,sentence-transformers/all-MiniLM-L6-v2,0.7,1
Muraltia ericoides,Polygala fasciculata,0.3622,not synonym,sentence-transformers/all-MiniLM-L6-v2,0.7,1
Inga umbratica,Inga suturalis,0.642,not synonym,sentence-transformers/all-MiniLM-L6-v2,0.7,1
Quillaja brasiliensis,Inga superbiens,0.3911,not synonym,sentence-transformers/all-MiniLM-L6-v2,0.7,0
Gastrolobium modestum,Racosperma kingianum,0.4588,not synonym,sentence-transformers/all-MiniLM-L6-v2,0.7,0
Archidendron scutiferum,Mimosa scutifera,0.3017,not synonym,sentence-transformers/all-MiniLM-L6-v2,0.7,1
Dalhousiea bracteata,Spongiocarpella grubovii,0.3837,not synonym,sentence-transformers/all-MiniLM-L6-v2,0.7,0
Acacia inamabilis,Racosperma inamabile,0.066,not synonym,sentence-transformers/all-MiniLM-L6-v2,0.7,1
Monnina dictyocarpa,Teline bracteolata,0.3598,not synonym,sentence-transformers/all-MiniLM-L6-v2,0.7,0
Archidendron merrillii,Paralbizzia platycarpa,0.1809,not synonym,sentence-transformers/all-MiniLM-L6-v2,0.7,1
Millettia stuhlmannii,Lonchocarpus mossambicensis,0.3129,not synonym,sentence-transformers/all-MiniLM-L6-v2,0.7,1
Lotus conimbricensis,Cyclopia montana,0.1644,not synonym,sentence-transformers/all-MiniLM-L6-v2,0.7,0
Muraltia aspalatha,Polygala columbica,0.3455,not synonym,sentence-transformers/all-MiniLM-L6-v2,0.7,0
Genista majorica,Ononis gibraltarica,0.2626,not synonym,sentence-transformers/all-MiniLM-L6-v2,0.7,0
Ancistrotropis clitorioides,Phaseolus oblongifolius,0.4155,not synonym,sentence-transformers/all-MiniLM-L6-v2,0.7,1
Coulteria glabra,Lupinus franciscanus,0.2186,not synonym,sentence-transformers/all-MiniLM-L6-v2,0.7,0
Polygala longifolia,Nemcia coriacea,0.3195,not synonym,sentence-transformers/all-MiniLM-L6-v2,0.7,0
Acacia hemignosta,Racosperma hemignostum,0.2386,not synonym,sentence-transformers/all-MiniLM-L6-v2,0.7,1
Hoffmannseggia glauca,Hoffmannseggia densiflora,0.7678,synonym,sentence-transformers/all-MiniLM-L6-v2,0.7,1
Bredemeyera hebeclada,Bredemeyera kunthiana,0.6099,not synonym,sentence-transformers/all-MiniLM-L6-v2,0.7,1
Camptosema rubicundum,Dioclea glycinoides,0.2679,not synonym,sentence-transformers/all-MiniLM-L6-v2,0.7,1
Lupinus luteolus,Lupinus milo-bakeri,0.5922,not synonym,sentence-transformers/all-MiniLM-L6-v2,0.7,1
Centrolobium robustum,Cytisus angulatus,0.2097,not synonym,sentence-transformers/all-MiniLM-L6-v2,0.7,0
Genista canariensis,Avornela canariensis,0.6697,not synonym,sentence-transformers/all-MiniLM-L6-v2,0.7,1
Betencourtia martii,Betencourtia rhynchosioides,0.6677,not synonym,sentence-transformers/all-MiniLM-L6-v2,0.7,1
Hebecarpa costaricensis,Lotus palaestinus,0.4063,not synonym,sentence-transformers/all-MiniLM-L6-v2,0.7,0
Acanthocladus brasiliensis,Ononis altissima,0.1952,not synonym,sentence-transformers/all-MiniLM-L6-v2,0.7,0
Berlinia coriacea,Berlinia grandiflora,0.7943,synonym,sentence-transformers/all-MiniLM-L6-v2,0.7,1
Asemeia monticola,Xanthophyllum ellipticum,0.3269,not synonym,sentence-transformers/all-MiniLM-L6-v2,0.7,0
Xanthophyllum erythrostachyum,Cytisanthus sessilifolius,0.441,not synonym,sentence-transformers/all-MiniLM-L6-v2,0.7,0
Inga velutina,Feuilleea velutina,0.6046,not synonym,sentence-transformers/all-MiniLM-L6-v2,0.7,1
Inga pilosula,Lupinus pinetorum,0.2743,not synonym,sentence-transformers/all-MiniLM-L6-v2,0.7,0
Inga longipes,Feuilleea peruviana,0.2906,not synonym,sentence-transformers/all-MiniLM-L6-v2,0.7,1
Amphicarpaea ferruginea,Shuteria ferruginea,0.702,synonym,sentence-transformers/all-MiniLM-L6-v2,0.7,1
Muraltia acipetala,Securidaca densiflora,0.3103,not synonym,sentence-transformers/all-MiniLM-L6-v2,0.7,0
Kartalinia acaulis,Aspalthium acaulis,0.6293,not synonym,sentence-transformers/all-MiniLM-L6-v2,0.7,1
Apios carnea,Securidaca myrtifolia,0.1997,not synonym,sentence-transformers/all-MiniLM-L6-v2,0.7,0
Kartalinia acaulis,Asphalthium acaule,0.44,not synonym,sentence-transformers/all-MiniLM-L6-v2,0.7,1
Ancistrotropis peduncularis,Phaseolus peduncularis,0.6378,not synonym,sentence-transformers/all-MiniLM-L6-v2,0.7,1
Genista pubescens,Acacia cloncurrensis,0.1928,not synonym,sentence-transformers/all-MiniLM-L6-v2,0.7,0
Genista sagittalis,Lotus purpureus,0.1563,not synonym,sentence-transformers/all-MiniLM-L6-v2,0.7,0
Archidendron borneense,Abarema borneense,0.3562,not synonym,sentence-transformers/all-MiniLM-L6-v2,0.7,1
Monnina salicifolia,Caesalpinia arida,0.43,not synonym,sentence-transformers/all-MiniLM-L6-v2,0.7,0
Archidendron clypearia,Pithecellobium subacutum,0.2241,not synonym,sentence-transformers/all-MiniLM-L6-v2,0.7,1
Ononis rotundifolia,Polygala comesperma,0.2384,not synonym,sentence-transformers/all-MiniLM-L6-v2,0.7,0
Inga capitata,Inga capuchoi,0.639,not synonym,sentence-transformers/all-MiniLM-L6-v2,0.7,1
Asemeia grandiflora,Racosperma chrysellum,0.2719,not synonym,sentence-transformers/all-MiniLM-L6-v2,0.7,0
Flemingia strobilifera,Maughania strobilifera,0.6911,not synonym,sentence-transformers/all-MiniLM-L6-v2,0.7,1
Xanthophyllum stipitatum,Banisterodes stipitatum,0.5188,not synonym,sentence-transformers/all-MiniLM-L6-v2,0.7,1
Eysenhardtia polystachya,Lupinus canaliculatus,0.2868,not synonym,sentence-transformers/all-MiniLM-L6-v2,0.7,0
Inga insignis,Polygala chamaebuxus,0.2224,not synonym,sentence-transformers/all-MiniLM-L6-v2,0.7,0
Acacia flocktoniae,Racosperma flocktoniae,0.44,not synonym,sentence-transformers/all-MiniLM-L6-v2,0.7,1
Archidendron grandiflorum,Feuilleea tozeri,0.1383,not synonym,sentence-transformers/all-MiniLM-L6-v2,0.7,1
Archidendron gogolense,Archidendron gogolense,1.0,synonym,sentence-transformers/all-MiniLM-L6-v2,0.7,1
Caamembeca grandifolia,Caesalpinia epifanioi,0.499,not synonym,sentence-transformers/all-MiniLM-L6-v2,0.7,0
Polygala crotalarioides,Gompholobium maculatum,0.3375,not synonym,sentence-transformers/all-MiniLM-L6-v2,0.7,0
Calliandra angustifolia,Feuilleea angustifolia,0.6828,not synonym,sentence-transformers/all-MiniLM-L6-v2,0.7,1
Salomonia ciliata,Geissaspis kapandensis,0.3394,not synonym,sentence-transformers/all-MiniLM-L6-v2,0.7,0
Hebecarpa rivinifolia,Polygala hyssopifolia,0.4826,not synonym,sentence-transformers/all-MiniLM-L6-v2,0.7,0
Lotus strictus,Xanthophyllum forbesii,0.3712,not synonym,sentence-transformers/all-MiniLM-L6-v2,0.7,0
Genista pseudopilosa,Genista cazorlana,0.6921,not synonym,sentence-transformers/all-MiniLM-L6-v2,0.7,1
Millettia drastica,Millettia drasticoides,0.8737,synonym,sentence-transformers/all-MiniLM-L6-v2,0.7,1
Dialium indum,Dialium marginatum,0.6673,not synonym,sentence-transformers/all-MiniLM-L6-v2,0.7,1
Chorizema genistoides,Oxylobium genistoides,0.5082,not synonym,sentence-transformers/all-MiniLM-L6-v2,0.7,1
Erythrostemon glandulosus,Maughania wallichii,0.1452,not synonym,sentence-transformers/all-MiniLM-L6-v2,0.7,0
Securidaca elliptica,Machaerium affine,0.2143,not synonym,sentence-transformers/all-MiniLM-L6-v2,0.7,0
Machaerium incorruptibile,Machaerium mucronatum,0.6495,not synonym,sentence-transformers/all-MiniLM-L6-v2,0.7,1
Polygala suganumae,Senega suganumae,0.5071,not synonym,sentence-transformers/all-MiniLM-L6-v2,0.7,1
Calliandra rubescens,Anneslia compacta,0.2098,not synonym,sentence-transformers/all-MiniLM-L6-v2,0.7,1
Lotus palustris,Racosperma incanicarpum,0.0409,not synonym,sentence-transformers/all-MiniLM-L6-v2,0.7,0
Caamembeca salicifolia,Monnina petiolaris,0.4003,not synonym,sentence-transformers/all-MiniLM-L6-v2,0.7,0
Nissolia microptera,Nissolia multiflora,0.6086,not synonym,sentence-transformers/all-MiniLM-L6-v2,0.7,1
Salomonia ciliata,Salomonia uncinata,0.8331,synonym,sentence-transformers/all-MiniLM-L6-v2,0.7,1
Kartalinia acaulis,Salomonia leptostachya,0.2173,not synonym,sentence-transformers/all-MiniLM-L6-v2,0.7,0
Chesneya mongolica,Chesniella mongolica,0.8957,synonym,sentence-transformers/all-MiniLM-L6-v2,0.7,1
Polygala declinata,Ononis damanti,0.2727,not synonym,sentence-transformers/all-MiniLM-L6-v2,0.7,0
Dialium kasaiense,Dialium kasaiense,1.0,synonym,sentence-transformers/all-MiniLM-L6-v2,0.7,1
Muraltia macroceras,Racosperma armillatum,0.2707,not synonym,sentence-transformers/all-MiniLM-L6-v2,0.7,0
Archidendron fagifolium,Abarema mindanaense,0.1277,not synonym,sentence-transformers/all-MiniLM-L6-v2,0.7,1
Muraltia trinervia,Heistera trinervia,0.4693,not synonym,sentence-transformers/all-MiniLM-L6-v2,0.7,1
Flemingia vestita,Racosperma echinuliflorum,0.1212,not synonym,sentence-transformers/all-MiniLM-L6-v2,0.7,0
Asemeia grandiflora,Feuilleea meissneriana,0.5136,not synonym,sentence-transformers/all-MiniLM-L6-v2,0.7,0
Machaerium isadelphum,Abarema utilis,0.1777,not synonym,sentence-transformers/all-MiniLM-L6-v2,0.7,0
Erythrostemon robinsonianus,Caesalpinia robinsoniana,0.4494,not synonym,sentence-transformers/all-MiniLM-L6-v2,0.7,1
Nemcia epacridoides,Muraltia dontolopha,0.4235,not synonym,sentence-transformers/all-MiniLM-L6-v2,0.7,0
Echinospartum horridum,Genista lugdunensis,0.327,not synonym,sentence-transformers/all-MiniLM-L6-v2,0.7,1
Monnina lorenziana,Pteromonnina lorenziana,0.6995,not synonym,sentence-transformers/all-MiniLM-L6-v2,0.7,1
Monnina fosbergii,Pteromonnina fosbergii,0.7146,synonym,sentence-transformers/all-MiniLM-L6-v2,0.7,1
Polygala preslii,Ulex capensis,0.1919,not synonym,sentence-transformers/all-MiniLM-L6-v2,0.7,0
Machaerium hirtum,Calliandra pitophila,0.2415,not synonym,sentence-transformers/all-MiniLM-L6-v2,0.7,0
Mundulea chapelieri,Cytisus linifolius,0.3475,not synonym,sentence-transformers/all-MiniLM-L6-v2,0.7,0
Inga cocleensis,Heisteria metalasiifolia,0.359,not synonym,sentence-transformers/all-MiniLM-L6-v2,0.7,0
Adenopodia schlechteri,Banisteroides ellipticum,0.2236,not synonym,sentence-transformers/all-MiniLM-L6-v2,0.7,0
Polygala gracilenta,Polygala linearis,0.7361,synonym,sentence-transformers/all-MiniLM-L6-v2,0.7,1
Inga acrocephala,Cyclopia sessiliflora,0.4393,not synonym,sentence-transformers/all-MiniLM-L6-v2,0.7,0
Erythrostemon caladenia,Poincianella caladenia,0.6284,not synonym,sentence-transformers/all-MiniLM-L6-v2,0.7,1
Bossiaea rhombifolia,Lotus diffusus,0.3842,not synonym,sentence-transformers/all-MiniLM-L6-v2,0.7,0
Genista tricuspidata,Anneslia purpurea,0.389,not synonym,sentence-transformers/all-MiniLM-L6-v2,0.7,0
Lebruniodendron leptanthum,Pedrosia berthelotii,0.2596,not synonym,sentence-transformers/all-MiniLM-L6-v2,0.7,0
Inga mendoncaei,Virgilia grandis,0.3322,not synonym,sentence-transformers/all-MiniLM-L6-v2,0.7,0
Flemingia strobilifera,Racosperma obtusatum,0.2033,not synonym,sentence-transformers/all-MiniLM-L6-v2,0.7,0
Acacia paradoxa,Acacia hybrida,0.7815,synonym,sentence-transformers/all-MiniLM-L6-v2,0.7,1
Xanthophyllum octandrum,Polygala macradenia,0.3912,not synonym,sentence-transformers/all-MiniLM-L6-v2,0.7,0
Asemeia grandiflora,Polygala miamiensis,0.3521,not synonym,sentence-transformers/all-MiniLM-L6-v2,0.7,1
Humularia apiculata,Humularia bakerana,0.712,synonym,sentence-transformers/all-MiniLM-L6-v2,0.7,1
Polygala hohenackeriana,Derris philippinensis,0.3305,not synonym,sentence-transformers/all-MiniLM-L6-v2,0.7,0
Cyclopia latifolia,Heisteria rigida,0.306,not synonym,sentence-transformers/all-MiniLM-L6-v2,0.7,0
Archidendron minahassae,Abarema teijsmannii,0.3101,not synonym,sentence-transformers/all-MiniLM-L6-v2,0.7,1
Machaerium stipitatum,Ononis purpurea,0.3563,not synonym,sentence-transformers/all-MiniLM-L6-v2,0.7,0
Archidendron beguinii,Archidendron bequinii,0.8033,synonym,sentence-transformers/all-MiniLM-L6-v2,0.7,1
Lotus berthelotii,Banisteroides longifolium,0.2256,not synonym,sentence-transformers/all-MiniLM-L6-v2,0.7,0
Amphicarpaea edgeworthii,Shuteria trisperma,0.2771,not synonym,sentence-transformers/all-MiniLM-L6-v2,0.7,1
Lotus graecus,Bonjeania graeca,0.3879,not synonym,sentence-transformers/all-MiniLM-L6-v2,0.7,1
Kotschya scaberrima,Polygala quartiniana,0.2471,not synonym,sentence-transformers/all-MiniLM-L6-v2,0.7,0
Inga mendoncaei,Inga mendoncae,0.9335,synonym,sentence-transformers/all-MiniLM-L6-v2,0.7,1
Calliandra peninsularis,Heistera brevicornu,0.3791,not synonym,sentence-transformers/all-MiniLM-L6-v2,0.7,0
Archidendron scutiferum,Abarema scutifera,0.3687,not synonym,sentence-transformers/all-MiniLM-L6-v2,0.7,1
Carmichaelia juncea,Tephrosia sericea,0.4059,not synonym,sentence-transformers/all-MiniLM-L6-v2,0.7,0
Machaerium kegelii,Machaerium pachyphyllum,0.5575,not synonym,sentence-transformers/all-MiniLM-L6-v2,0.7,1
Archidendron bigeminum,Indigofera cufodontii,0.2552,not synonym,sentence-transformers/all-MiniLM-L6-v2,0.7,0
Diphysa americana,Colutea americana,0.6701,not synonym,sentence-transformers/all-MiniLM-L6-v2,0.7,1
Polygala hohenackeriana,Polygala jablotzkiana,0.6921,not synonym,sentence-transformers/all-MiniLM-L6-v2,0.7,1
Carmichaelia australis,Carmichaelia subulata,0.7499,synonym,sentence-transformers/all-MiniLM-L6-v2,0.7,1
Archidendron syringifolium,Canavalia lucens,0.1245,not synonym,sentence-transformers/all-MiniLM-L6-v2,0.7,0
Comesperma virgatum,Comesperma aemulum,0.7077,synonym,sentence-transformers/all-MiniLM-L6-v2,0.7,1
Kotschya goetzei,Smithia goetzei,0.6583,not synonym,sentence-transformers/all-MiniLM-L6-v2,0.7,1
Genista tenera,Macrolobium chevalieri,0.1764,not synonym,sentence-transformers/all-MiniLM-L6-v2,0.7,0
Polygala asperuloides,Polygala parvula,0.6474,not synonym,sentence-transformers/all-MiniLM-L6-v2,0.7,0
Betencourtia scarlatina,Mora conjugata,0.3139,not synonym,sentence-transformers/all-MiniLM-L6-v2,0.7,0
Carmichaelia australis,Macrolobium ivorense,0.3653,not synonym,sentence-transformers/all-MiniLM-L6-v2,0.7,0
Echinospartum horridum,Racosperma confusum,0.2081,not synonym,sentence-transformers/all-MiniLM-L6-v2,0.7,0
Comesperma confertum,Pithecellobium tozeri,0.3554,not synonym,sentence-transformers/all-MiniLM-L6-v2,0.7,0
Securidaca calophylla,Polygala cestrifolia,0.6334,not synonym,sentence-transformers/all-MiniLM-L6-v2,0.7,0
Polygala calcarea,Phaseolodes sericeum,0.3699,not synonym,sentence-transformers/all-MiniLM-L6-v2,0.7,0
Chorizema ilicifolium,Larrea gladiata,0.1476,not synonym,sentence-transformers/all-MiniLM-L6-v2,0.7,0
Coulteria pumila,Monnina gaudroniana,0.3482,not synonym,sentence-transformers/all-MiniLM-L6-v2,0.7,0
Calliandra blanchetii,Cytisus monspessulanus,0.1668,not synonym,sentence-transformers/all-MiniLM-L6-v2,0.7,0
Archidendron fagifolium,Zygia fagifolia,0.4746,not synonym,sentence-transformers/all-MiniLM-L6-v2,0.7,1
Monnina salicifolia,Berlinia acuminata,0.2368,not synonym,sentence-transformers/all-MiniLM-L6-v2,0.7,0
Polygala nambalensis,Genista horrida,0.2105,not synonym,sentence-transformers/all-MiniLM-L6-v2,0.7,0
Inga chocoensis,Inga coprocarpa,0.5015,not synonym,sentence-transformers/all-MiniLM-L6-v2,0.7,1
Ebenus laguroides,Ebenus stipulacea,0.7328,synonym,sentence-transformers/all-MiniLM-L6-v2,0.7,1
Chesneya parviflora,Dialium pentandrum,0.2783,not synonym,sentence-transformers/all-MiniLM-L6-v2,0.7,0
Calliandra haematocephala,Calliandra novaesae,0.4634,not synonym,sentence-transformers/all-MiniLM-L6-v2,0.7,1
Hippocrepis comosa,Anonis natrix,0.2019,not synonym,sentence-transformers/all-MiniLM-L6-v2,0.7,0
Acacia aculeatissima,Acacia tenuifolia,0.7615,synonym,sentence-transformers/all-MiniLM-L6-v2,0.7,1
Hippocrepis scabra,Polygala brevifolia,0.2087,not synonym,sentence-transformers/all-MiniLM-L6-v2,0.7,0
Archidendron ramiflorum,Pithecellobium ferdinandi-muelleri,0.2532,not synonym,sentence-transformers/all-MiniLM-L6-v2,0.7,1
Acacia paradoxa,Acacia cyclopis,0.6932,not synonym,sentence-transformers/all-MiniLM-L6-v2,0.7,0
Hippocrepis emerus,Glycine apios,0.095,not synonym,sentence-transformers/all-MiniLM-L6-v2,0.7,0
Flemingia fruticulosa,Moghania fruticulosa,0.7607,synonym,sentence-transformers/all-MiniLM-L6-v2,0.7,1
Centrolobium robustum,Centrolobium robustum,1.0,synonym,sentence-transformers/all-MiniLM-L6-v2,0.7,1
Ebenus sibthorpii,Ebenidium sibthorpii,0.7183,synonym,sentence-transformers/all-MiniLM-L6-v2,0.7,1
Inga sapindoides,Inga pittieri,0.4122,not synonym,sentence-transformers/all-MiniLM-L6-v2,0.7,1
Monnina tristaniana,Abarema harmsii,0.4096,not synonym,sentence-transformers/all-MiniLM-L6-v2,0.7,0
Inga velutina,Cryptostomum guianense,0.1093,not synonym,sentence-transformers/all-MiniLM-L6-v2,0.7,0
Berlinia bracteosa,Polygala acanthoclada,0.2823,not synonym,sentence-transformers/all-MiniLM-L6-v2,0.7,0
Dialium pachyphyllum,Millettia fruticosa,0.3177,not synonym,sentence-transformers/all-MiniLM-L6-v2,0.7,0
Millettia puerarioides,Millettia pueroroides,0.8632,synonym,sentence-transformers/all-MiniLM-L6-v2,0.7,1
Hippocrepis comosa,Feuilleea setosa,0.2875,not synonym,sentence-transformers/all-MiniLM-L6-v2,0.7,0
Gastrolobium leakeanum,Callistachys atropurpurea,0.2028,not synonym,sentence-transformers/all-MiniLM-L6-v2,0.7,1
Erythrostemon gilliesii,Acacia intertexta,0.1774,not synonym,sentence-transformers/all-MiniLM-L6-v2,0.7,0
Diphysa thurberi,Ormocarpum thurberi,0.5144,not synonym,sentence-transformers/all-MiniLM-L6-v2,0.7,1
Ononis biflora,Ononis marocana,0.696,not synonym,sentence-transformers/all-MiniLM-L6-v2,0.7,1
Genista stenopetala,Monnina salicifolia,0.1636,not synonym,sentence-transformers/all-MiniLM-L6-v2,0.7,0
Securidaca coriacea,Lupinus vaginans,0.2079,not synonym,sentence-transformers/all-MiniLM-L6-v2,0.7,0
Monnina cuneata,Acacia pravissima,0.2677,not synonym,sentence-transformers/all-MiniLM-L6-v2,0.7,0
Dorycnium iberecum,Dorycnium iberecum,1.0,synonym,sentence-transformers/all-MiniLM-L6-v2,0.7,1
Gastrolobium capitatum,Callistachys capitata,0.3662,not synonym,sentence-transformers/all-MiniLM-L6-v2,0.7,1
Millettia lenneoides,Geissaspis mendoncae,0.4107,not synonym,sentence-transformers/all-MiniLM-L6-v2,0.7,0
Securidaca welwitschii,Lophostylis floribunda,0.259,not synonym,sentence-transformers/all-MiniLM-L6-v2,0.7,1
Muraltia squarrosa,Calliandra schultzei,0.4723,not synonym,sentence-transformers/all-MiniLM-L6-v2,0.7,0
Ebenus stellata,Polygala brachyanthema,0.382,not synonym,sentence-transformers/all-MiniLM-L6-v2,0.7,0
Lotus dorycnium,Millettia canariifolia,0.2838,not synonym,sentence-transformers/all-MiniLM-L6-v2,0.7,0
Millettia sericea,Cylindrokelupha yunnanensis,0.2074,not synonym,sentence-transformers/all-MiniLM-L6-v2,0.7,0
Monnina bonplandiana,Feuilleea insignis,0.4223,not synonym,sentence-transformers/all-MiniLM-L6-v2,0.7,0
Polygala butyracea,Polygala oleifera,0.7185,synonym,sentence-transformers/all-MiniLM-L6-v2,0.7,1
Xanthophyllum flavescens,Leptolobium clandestinum,0.327,not synonym,sentence-transformers/all-MiniLM-L6-v2,0.7,0
Carmichaelia australis,Carmichaelia arenaria,0.6978,not synonym,sentence-transformers/all-MiniLM-L6-v2,0.7,1
Genista umbellata,Polygala parietaria,0.337,not synonym,sentence-transformers/all-MiniLM-L6-v2,0.7,0
Adenopodia patens,Pseudoentada patens,0.4041,not synonym,sentence-transformers/all-MiniLM-L6-v2,0.7,1
Calliandra californica,Feuilleea californica,0.6142,not synonym,sentence-transformers/all-MiniLM-L6-v2,0.7,1
Dialium orientale,Sennia sciap-sciaple,0.167,not synonym,sentence-transformers/all-MiniLM-L6-v2,0.7,1
Archidendron tenuiracemosum,Monnina mollis,0.1639,not synonym,sentence-transformers/all-MiniLM-L6-v2,0.7,0
Flemingia parviflora,Pithecellobium inundatum,0.3261,not synonym,sentence-transformers/all-MiniLM-L6-v2,0.7,0
Polygala major,Polygala moldavica,0.7085,synonym,sentence-transformers/all-MiniLM-L6-v2,0.7,1
Comesperma virgatum,Heistera pubescens,0.3776,not synonym,sentence-transformers/all-MiniLM-L6-v2,0.7,0
Ononis pubescens,Gastrolobium polycephalum,0.1772,not synonym,sentence-transformers/all-MiniLM-L6-v2,0.7,0
Polygala sinaica,Calobota decipiens,0.4096,not synonym,sentence-transformers/all-MiniLM-L6-v2,0.7,0
Acacia ayersiana,Monnina richardiana,0.4605,not synonym,sentence-transformers/all-MiniLM-L6-v2,0.7,0
Erythrostemon yucatanensis,Caesalpinia yucatanensis,0.575,not synonym,sentence-transformers/all-MiniLM-L6-v2,0.7,1
Inga multicaulis,Mimosa spicata,0.407,not synonym,sentence-transformers/all-MiniLM-L6-v2,0.7,0
Xanthophyllum ellipticum,Banisterodes ellipticum,0.5642,not synonym,sentence-transformers/all-MiniLM-L6-v2,0.7,1
Carmichaelia juncea,Carmichaelia juncea,1.0,synonym,sentence-transformers/all-MiniLM-L6-v2,0.7,1
Inga laurina,Inga verrucosa,0.6023,not synonym,sentence-transformers/all-MiniLM-L6-v2,0.7,1
Machaerium polyphyllum,Machaerium indutum,0.6408,not synonym,sentence-transformers/all-MiniLM-L6-v2,0.7,1
Genista tenera,Errazurizia glandulifera,0.1839,not synonym,sentence-transformers/all-MiniLM-L6-v2,0.7,0
Calliandra depauperata,Feuilleea depauperata,0.5988,not synonym,sentence-transformers/all-MiniLM-L6-v2,0.7,1
Polygala equisetoides,Derris timorensis,0.422,not synonym,sentence-transformers/all-MiniLM-L6-v2,0.7,0
Lotus graecus,Lotus belgradicus,0.7984,synonym,sentence-transformers/all-MiniLM-L6-v2,0.7,1
Polygala wuzhishanensis,Ononis nainii,0.2339,not synonym,sentence-transformers/all-MiniLM-L6-v2,0.7,0
Calliandra mollissima,Caesalpinia miranda,0.3379,not synonym,sentence-transformers/all-MiniLM-L6-v2,0.7,0
Lupinus prunophilus,Polygala cucullata,0.2673,not synonym,sentence-transformers/all-MiniLM-L6-v2,0.7,0
Microcharis disjuncta,Indigofera acutifolia,0.2119,not synonym,sentence-transformers/all-MiniLM-L6-v2,0.7,1
Comesperma calymega,Lotus capillipes,0.1766,not synonym,sentence-transformers/all-MiniLM-L6-v2,0.7,0
Dialium excelsum,Dialium bipindense,0.4754,not synonym,sentence-transformers/all-MiniLM-L6-v2,0.7,1
Genista linifolia,Teline linifolia,0.5908,not synonym,sentence-transformers/all-MiniLM-L6-v2,0.7,1
Hebecarpa barbeyana,Hebecarpa reducta,0.7452,synonym,sentence-transformers/all-MiniLM-L6-v2,0.7,1
Acacia estrophiolata,Racosperma estrophiolatum,0.202,not synonym,sentence-transformers/all-MiniLM-L6-v2,0.7,1
Gastrolobium vestitum,Oxylobium vestitum,0.704,synonym,sentence-transformers/all-MiniLM-L6-v2,0.7,1
Calliandra hymenaeoides,Clelia cylindrocarpa,0.3117,not synonym,sentence-transformers/all-MiniLM-L6-v2,0.7,0
Ononis diffusa,Mimosa djiringa,0.3236,not synonym,sentence-transformers/all-MiniLM-L6-v2,0.7,0
Gastrolobium formosum,Flemingia trinerva,0.1519,not synonym,sentence-transformers/all-MiniLM-L6-v2,0.7,0
Genista lydia,Flemingia involucrata,0.2425,not synonym,sentence-transformers/all-MiniLM-L6-v2,0.7,0
Aotus ericoides,Xanthophyllum citrifolium,0.2797,not synonym,sentence-transformers/all-MiniLM-L6-v2,0.7,0
Polygala timoutou,Polygala uliginosa,0.7307,synonym,sentence-transformers/all-MiniLM-L6-v2,0.7,1
Calobota psiloloba,Feuilleea tozeri,0.2762,not synonym,sentence-transformers/all-MiniLM-L6-v2,0.7,0
Chorizema aciculare,Mimosa sinemariensis,0.2398,not synonym,sentence-transformers/all-MiniLM-L6-v2,0.7,0
Inga laurina,Feuilleea laxa,0.4978,not synonym,sentence-transformers/all-MiniLM-L6-v2,0.7,0
Microcharis garissaensis,Abarema teijsemannii,0.237,not synonym,sentence-transformers/all-MiniLM-L6-v2,0.7,0
Comesperma nudiusculum,Comesperma ramosissimum,0.5718,not synonym,sentence-transformers/all-MiniLM-L6-v2,0.7,1
Machaerium punctatum,Nissolia stipitata,0.2864,not synonym,sentence-transformers/all-MiniLM-L6-v2,0.7,1
Gastrolobium subcordatum,Racosperma multistipulosum,0.3046,not synonym,sentence-transformers/all-MiniLM-L6-v2,0.7,0
Calliandra purdiei,Calliandra clavellina,0.6493,not synonym,sentence-transformers/all-MiniLM-L6-v2,0.7,1
Acacia daphnifolia,Acacia subfalcata,0.7262,synonym,sentence-transformers/all-MiniLM-L6-v2,0.7,1
Polygala brevialata,Genista syriaca,0.2781,not synonym,sentence-transformers/all-MiniLM-L6-v2,0.7,0
Chorizema dicksonii,Abarema poilanei,0.3538,not synonym,sentence-transformers/all-MiniLM-L6-v2,0.7,0
Hippocrepis areolata,Hippocrepis divaricata,0.7776,synonym,sentence-transformers/all-MiniLM-L6-v2,0.7,1
Securidaca revoluta,Bredemeyera revoluta,0.6651,not synonym,sentence-transformers/all-MiniLM-L6-v2,0.7,1
Chesneya macrantha,Spongiocarpella grubovii,0.3982,not synonym,sentence-transformers/all-MiniLM-L6-v2,0.7,1
Muraltia heisteria,Polygala heisteria,0.6136,not synonym,sentence-transformers/all-MiniLM-L6-v2,0.7,1
Rhamphopetalum microphyllum,Pithecellobium vaillantii,0.2998,not synonym,sentence-transformers/all-MiniLM-L6-v2,0.7,0
Machaerium reticulatum,Nissolia reticulata,0.4394,not synonym,sentence-transformers/all-MiniLM-L6-v2,0.7,1
Flemingia strobilifera,Moghania bracteata,0.5031,not synonym,sentence-transformers/all-MiniLM-L6-v2,0.7,1
Monnina salicifolia,Racosperma microcalyx,0.2395,not synonym,sentence-transformers/all-MiniLM-L6-v2,0.7,0
Archidendron bigeminum,Mimosa bigemina,0.3776,not synonym,sentence-transformers/all-MiniLM-L6-v2,0.7,1
Hebecarpa obscura,Bredemeyera acuninata,0.4488,not synonym,sentence-transformers/all-MiniLM-L6-v2,0.7,0
Bredemeyera myrtifolia,Cytisus cinereus,0.4109,not synonym,sentence-transformers/all-MiniLM-L6-v2,0.7,0
Gilbertiodendron obliquum,Macrolobium obliquum,0.5212,not synonym,sentence-transformers/all-MiniLM-L6-v2,0.7,1
Muraltia aspalatha,Racosperma ericksoniae,0.2347,not synonym,sentence-transformers/all-MiniLM-L6-v2,0.7,0
Brya ebenus,Ebenidium sibthorpii,0.4396,not synonym,sentence-transformers/all-MiniLM-L6-v2,0.7,0
Mora oleifera,Mora megistosperma,0.5185,not synonym,sentence-transformers/all-MiniLM-L6-v2,0.7,1
Genista cinerea,Genista cinerea,1.0,synonym,sentence-transformers/all-MiniLM-L6-v2,0.7,1
Genista aetnensis,Cytisanthus aetnensis,0.3146,not synonym,sentence-transformers/all-MiniLM-L6-v2,0.7,1
Genista pubescens,Enantiospartum radiatum,0.1816,not synonym,sentence-transformers/all-MiniLM-L6-v2,0.7,0
Calliandra purpurea,Collaea paraguariensis,0.3565,not synonym,sentence-transformers/all-MiniLM-L6-v2,0.7,0
Archidendron lovelliae,Abarema lovelliae,0.5553,not synonym,sentence-transformers/all-MiniLM-L6-v2,0.7,1
Hebecarpa americana,Polygala americana,0.4966,not synonym,sentence-transformers/all-MiniLM-L6-v2,0.7,1
Genista dorycnifolia,Genista grossii,0.5855,not synonym,sentence-transformers/all-MiniLM-L6-v2,0.7,1
Adenopodia rotundifolia,Monnina nervosa,0.1801,not synonym,sentence-transformers/all-MiniLM-L6-v2,0.7,0
Lotus parviflorus,Polygala hebecarpa,0.2932,not synonym,sentence-transformers/all-MiniLM-L6-v2,0.7,0
Muraltia rhamnoides,Muraltia pachyphylla,0.636,not synonym,sentence-transformers/all-MiniLM-L6-v2,0.7,1
Lotus strictus,Acacia davesoides,0.3348,not synonym,sentence-transformers/all-MiniLM-L6-v2,0.7,0
Lotus glinoides,Polygala neglecta,0.2205,not synonym,sentence-transformers/all-MiniLM-L6-v2,0.7,0
Acacia microcalyx,Leptocyamus sericeus,0.2633,not synonym,sentence-transformers/all-MiniLM-L6-v2,0.7,0
Microcharis tritoides,Indigofera gillettii,0.2127,not synonym,sentence-transformers/all-MiniLM-L6-v2,0.7,1
Acacia biflora,Acacia triangularis,0.7875,synonym,sentence-transformers/all-MiniLM-L6-v2,0.7,1
Dahlstedtia grandiflora,Lonchocarpus grandiflorus,0.5478,not synonym,sentence-transformers/all-MiniLM-L6-v2,0.7,1
Hippocrepis emerus,Emerus major,0.5331,not synonym,sentence-transformers/all-MiniLM-L6-v2,0.7,1
Calobota psiloloba,Polygala linifolia,0.3084,not synonym,sentence-transformers/all-MiniLM-L6-v2,0.7,0
Xanthophyllum eurhynchum,Banisteroides maingayi,0.396,not synonym,sentence-transformers/all-MiniLM-L6-v2,0.7,1
Muraltia aspalatha,Abarema muelleriana,0.4804,not synonym,sentence-transformers/all-MiniLM-L6-v2,0.7,0
Campsiandra laurifolia,Genista moleroi,0.2439,not synonym,sentence-transformers/all-MiniLM-L6-v2,0.7,0
Dialium guianense,Caesalpinia mexicana,0.2158,not synonym,sentence-transformers/all-MiniLM-L6-v2,0.7,0
Delonix leucantha,Delonix leucantha,1.0,synonym,sentence-transformers/all-MiniLM-L6-v2,0.7,1
Muraltia acicularis,Chamaespartium nevadense,0.2716,not synonym,sentence-transformers/all-MiniLM-L6-v2,0.7,0
Calliandra hymenaeoides,Dorycnium kotschyanum,0.2748,not synonym,sentence-transformers/all-MiniLM-L6-v2,0.7,0
Myroxylon peruiferum,Toluifera pubescens,0.4052,not synonym,sentence-transformers/all-MiniLM-L6-v2,0.7,1
Centrolobium robustum,Nissolia robusta,0.4676,not synonym,sentence-transformers/all-MiniLM-L6-v2,0.7,1
Acacia filifolia,Racosperma filifolium,0.3725,not synonym,sentence-transformers/all-MiniLM-L6-v2,0.7,1
Genista germanica,Racosperma adinophyllum,0.1144,not synonym,sentence-transformers/all-MiniLM-L6-v2,0.7,0
Kartalinia acaulis,Rhynchodium acaule,0.3753,not synonym,sentence-transformers/all-MiniLM-L6-v2,0.7,1
Hoita strobilina,Catocoma mollis,0.1983,not synonym,sentence-transformers/all-MiniLM-L6-v2,0.7,0
Coulteria glabra,Annesleya myriophylla,0.5231,not synonym,sentence-transformers/all-MiniLM-L6-v2,0.7,0
Archidendron muellerianum,Abarema muelleriana,0.4346,not synonym,sentence-transformers/all-MiniLM-L6-v2,0.7,1
Millettia sericea,Eutaxia baxteri,0.2678,not synonym,sentence-transformers/all-MiniLM-L6-v2,0.7,0
Microcharis butayei,Indigofera butayei,0.4801,not synonym,sentence-transformers/all-MiniLM-L6-v2,0.7,1
Securidaca longifolia,Feuilleea borneense,0.286,not synonym,sentence-transformers/all-MiniLM-L6-v2,0.7,0
Muraltia heisteria,Phalseolus max,0.2983,not synonym,sentence-transformers/all-MiniLM-L6-v2,0.7,0
Gastrolobium heterophyllum,Genista sennenii,0.173,not synonym,sentence-transformers/all-MiniLM-L6-v2,0.7,0
Humularia apiculata,Acacia microacantha,0.4603,not synonym,sentence-transformers/all-MiniLM-L6-v2,0.7,0
Chorizema aciculare,Orthotropis pungens,0.427,not synonym,sentence-transformers/all-MiniLM-L6-v2,0.7,1
Archidendron molle,Hansemannia molle,0.4938,not synonym,sentence-transformers/all-MiniLM-L6-v2,0.7,1
Berlinia auriculata,Westia auriculata,0.65,not synonym,sentence-transformers/all-MiniLM-L6-v2,0.7,1
Machaerium isadelphum,Machaerium schunkei,0.6568,not synonym,sentence-transformers/all-MiniLM-L6-v2,0.7,1
Brachypterum pseudinvolutum,Solori pseudinvoluta,0.4194,not synonym,sentence-transformers/all-MiniLM-L6-v2,0.7,1
Lupinus chamissonis,Lupinus rivularis,0.8332,synonym,sentence-transformers/all-MiniLM-L6-v2,0.7,1
Cyclopia bowieana,Westia bracteosa,0.373,not synonym,sentence-transformers/all-MiniLM-L6-v2,0.7,0
Lotus argyrodes,Pedrosia argentea,0.1962,not synonym,sentence-transformers/all-MiniLM-L6-v2,0.7,1
Asemeia acuminata,Stauracanthus lusitanicus,0.3386,not synonym,sentence-transformers/all-MiniLM-L6-v2,0.7,0
Calobota angustifolia,Lebeckia parvifolia,0.4533,not synonym,sentence-transformers/all-MiniLM-L6-v2,0.7,1
Machaerium milleflorum,Machaerium purpurascens,0.625,not synonym,sentence-transformers/all-MiniLM-L6-v2,0.7,1
Genista pulchella,Hoffmannseggia prostrata,0.2471,not synonym,sentence-transformers/all-MiniLM-L6-v2,0.7,0
Acacia arida,Acacia subrotata,0.801,synonym,sentence-transformers/all-MiniLM-L6-v2,0.7,1
Millettia caerulea,Phaseoloides caeruleum,0.4864,not synonym,sentence-transformers/all-MiniLM-L6-v2,0.7,1
Monnina celastroides,Inga ferrugineohirta,0.339,not synonym,sentence-transformers/all-MiniLM-L6-v2,0.7,0
Muraltia macroceras,Heisteria laricifolia,0.3587,not synonym,sentence-transformers/all-MiniLM-L6-v2,0.7,1
Securidaca longifolia,Maughania grahamiana,0.3241,not synonym,sentence-transformers/all-MiniLM-L6-v2,0.7,0
Comesperma ericinum,Polygala securidaca,0.2297,not synonym,sentence-transformers/all-MiniLM-L6-v2,0.7,0
Calliandra guildingii,Racosperma decorum,0.2644,not synonym,sentence-transformers/all-MiniLM-L6-v2,0.7,0
Archidendron tonkinense,Albizia tonkinensis,0.2824,not synonym,sentence-transformers/all-MiniLM-L6-v2,0.7,1
Gastrolobium racemosum,Mirbelia racemosa,0.5099,not synonym,sentence-transformers/all-MiniLM-L6-v2,0.7,1
Hebecarpa costaricensis,Calliandra catingae,0.2173,not synonym,sentence-transformers/all-MiniLM-L6-v2,0.7,0
Coulteria platyloba,Caesalpinia placida,0.4019,not synonym,sentence-transformers/all-MiniLM-L6-v2,0.7,0
Millettia barteri,Lonchocarpus heudelotianus,0.2635,not synonym,sentence-transformers/all-MiniLM-L6-v2,0.7,1
Monnina herzogii,Cytisanthus holopetalus,0.3715,not synonym,sentence-transformers/all-MiniLM-L6-v2,0.7,0
Calliandra rubescens,Polygala laeta,0.2756,not synonym,sentence-transformers/all-MiniLM-L6-v2,0.7,0
Camptosema rubicundum,Dioclea cassinoides,0.2575,not synonym,sentence-transformers/all-MiniLM-L6-v2,0.7,1
Brachypterum pseudinvolutum,Derris pseudoinvoluta,0.3631,not synonym,sentence-transformers/all-MiniLM-L6-v2,0.7,1
Muraltia filiformis,Anneslia houghiana,0.4512,not synonym,sentence-transformers/all-MiniLM-L6-v2,0.7,0
Lotus graecus,Dorycnium ibericum,0.3481,not synonym,sentence-transformers/all-MiniLM-L6-v2,0.7,1
Flemingia wightiana,Archidendron dieschristi,0.2511,not synonym,sentence-transformers/all-MiniLM-L6-v2,0.7,0
Calliandra californica,Anneslia californica,0.6517,not synonym,sentence-transformers/all-MiniLM-L6-v2,0.7,1
Lotus angustissimus,Lotus angustissmus,0.9395,synonym,sentence-transformers/all-MiniLM-L6-v2,0.7,1
Flemingia grahamiana,Lebeckia lotonoides,0.4637,not synonym,sentence-transformers/all-MiniLM-L6-v2,0.7,0
Machaerium isadelphum,Machaerium armatum,0.7695,synonym,sentence-transformers/all-MiniLM-L6-v2,0.7,1
Xanthophyllum obscurum,Chesniella villosa,0.1894,not synonym,sentence-transformers/all-MiniLM-L6-v2,0.7,0
Polygala sphenoptera,Mullaghera variabilis,0.2968,not synonym,sentence-transformers/all-MiniLM-L6-v2,0.7,0
Archidendron hendersonii,Chorizema coriaceum,0.2372,not synonym,sentence-transformers/all-MiniLM-L6-v2,0.7,0
Gastrolobium dorrienii,Nemcia dorrienii,0.6247,not synonym,sentence-transformers/all-MiniLM-L6-v2,0.7,1
Daniellia oblonga,Cyanothyrsus oblongus,0.4188,not synonym,sentence-transformers/all-MiniLM-L6-v2,0.7,1
Gastrolobium hookeri,Nemcia hookeri,0.6049,not synonym,sentence-transformers/all-MiniLM-L6-v2,0.7,1
Millettia xylocarpa,Pongamia dehiscens,0.2677,not synonym,sentence-transformers/all-MiniLM-L6-v2,0.7,1
Echinospartum horridum,Telinaria horrida,0.4302,not synonym,sentence-transformers/all-MiniLM-L6-v2,0.7,1
Microcharis tenella,Indigofera hutchinsoniana,0.2306,not synonym,sentence-transformers/all-MiniLM-L6-v2,0.7,1
Machaerium latifolium,Machaerium rogaguense,0.6059,not synonym,sentence-transformers/all-MiniLM-L6-v2,0.7,1
Genista aristata,Spartium dalmaticum,0.0974,not synonym,sentence-transformers/all-MiniLM-L6-v2,0.7,1
Inga longiflora,Inga longiflora,1.0,synonym,sentence-transformers/all-MiniLM-L6-v2,0.7,1
Padbruggea filipes,Adinobotrys filipes,0.6405,not synonym,sentence-transformers/all-MiniLM-L6-v2,0.7,1
Cyclopia genistoides,Cyclopia galioides,0.8008,synonym,sentence-transformers/all-MiniLM-L6-v2,0.7,1
Inga ruiziana,Caesalpinia blasiana,0.4482,not synonym,sentence-transformers/all-MiniLM-L6-v2,0.7,0
Calliandra purpurea,Inga obtusifolia,0.4088,not synonym,sentence-transformers/all-MiniLM-L6-v2,0.7,1
Gastrolobium racemosum,Polygala andicola,0.3978,not synonym,sentence-transformers/all-MiniLM-L6-v2,0.7,0
Eutaxia neurocalyx,Feuilleea lallensis,0.1766,not synonym,sentence-transformers/all-MiniLM-L6-v2,0.7,0
Hoffmannseggia prostrata,Albizia balansae,0.4202,not synonym,sentence-transformers/all-MiniLM-L6-v2,0.7,0
Lotus cytisoides,Lotus argolicus,0.7076,synonym,sentence-transformers/all-MiniLM-L6-v2,0.7,1
Calliandra purpurea,Pithecellobium ellipticum,0.3552,not synonym,sentence-transformers/all-MiniLM-L6-v2,0.7,0
Lotus broussonetii,Dorycnium torulosum,0.2339,not synonym,sentence-transformers/all-MiniLM-L6-v2,0.7,1
Ebenus haussknechtii,Ebenus haussknechtii,1.0,synonym,sentence-transformers/all-MiniLM-L6-v2,0.7,1
Acacia microbotrya,Acacia rostellifera,0.619,not synonym,sentence-transformers/all-MiniLM-L6-v2,0.7,1
Hebecarpa macradenia,Annesleya tweediei,0.1532,not synonym,sentence-transformers/all-MiniLM-L6-v2,0.7,0
Kotschya aeschynomenoides,Damapana aeschynomenodes,0.652,not synonym,sentence-transformers/all-MiniLM-L6-v2,0.7,1
Machaerium hirtum,Vigna firmula,0.1998,not synonym,sentence-transformers/all-MiniLM-L6-v2,0.7,0
Muraltia depressa,Archidendron yunnanense,0.194,not synonym,sentence-transformers/all-MiniLM-L6-v2,0.7,0
Securidaca divaricata,Securidaca acuminata,0.7691,synonym,sentence-transformers/all-MiniLM-L6-v2,0.7,0
Aotus ericoides,Lotus gracilis,0.2337,not synonym,sentence-transformers/all-MiniLM-L6-v2,0.7,0
Cadia purpurea,Securidaca martiana,0.5835,not synonym,sentence-transformers/all-MiniLM-L6-v2,0.7,0
Ononis spinosa,Anonis spinosa,0.6692,not synonym,sentence-transformers/all-MiniLM-L6-v2,0.7,1
Coulteria pumila,Securidaca corymbosa,0.4019,not synonym,sentence-transformers/all-MiniLM-L6-v2,0.7,0
Polygala caudata,Heterosamara caudata,0.6511,not synonym,sentence-transformers/all-MiniLM-L6-v2,0.7,1
Lotus jacobaeus,Inga mollifoliola,0.4036,not synonym,sentence-transformers/all-MiniLM-L6-v2,0.7,0
Archidendron chevalieri,Cylindrokelupha chevalieri,0.6732,not synonym,sentence-transformers/all-MiniLM-L6-v2,0.7,1
Salomonia ciliata,Salomonia crabiformis,0.6746,not synonym,sentence-transformers/all-MiniLM-L6-v2,0.7,1
Archidendron pauciflorum,Abarema pauciflora,0.5197,not synonym,sentence-transformers/all-MiniLM-L6-v2,0.7,1
Muraltia lancifolia,Muraltia poiretii,0.5632,not synonym,sentence-transformers/all-MiniLM-L6-v2,0.7,0
Berlinia bracteosa,Lotus mandonii,0.2625,not synonym,sentence-transformers/all-MiniLM-L6-v2,0.7,0
Angylocalyx oligophyllus,Angylocalyx wellensii,0.7674,synonym,sentence-transformers/all-MiniLM-L6-v2,0.7,1
Amphicarpaea edgeworthii,Muraltia mixta,0.349,not synonym,sentence-transformers/all-MiniLM-L6-v2,0.7,0
Inga laurina,Polygala squamifolia,0.2128,not synonym,sentence-transformers/all-MiniLM-L6-v2,0.7,0
Hoita macrostachya,Hoita longiloba,0.6256,not synonym,sentence-transformers/all-MiniLM-L6-v2,0.7,1
Cyclopia genistoides,Sophora genistifolia,0.345,not synonym,sentence-transformers/all-MiniLM-L6-v2,0.7,1
Genista linifolia,Genistoides linifolia,0.7469,synonym,sentence-transformers/all-MiniLM-L6-v2,0.7,1
Lotus longisiliquosus,Monnina longifolia,0.3876,not synonym,sentence-transformers/all-MiniLM-L6-v2,0.7,0
Gastrolobium ebracteolatum,Macrolobium mayombense,0.5378,not synonym,sentence-transformers/all-MiniLM-L6-v2,0.7,0
Genista germanica,Xanthophyllum flavescens,0.1604,not synonym,sentence-transformers/all-MiniLM-L6-v2,0.7,0
Acacia cultriformis,Acacia cultriformis,1.0,synonym,sentence-transformers/all-MiniLM-L6-v2,0.7,1
Chesneya polystichoides,Spongiocarpella polystichoides,0.651,not synonym,sentence-transformers/all-MiniLM-L6-v2,0.7,1
Chorizema aciculare,Millettia prainii,0.2706,not synonym,sentence-transformers/all-MiniLM-L6-v2,0.7,0
Acacia cultriformis,Heterostemon simplicifolius,0.1665,not synonym,sentence-transformers/all-MiniLM-L6-v2,0.7,0
Betencourtia scarlatina,Gueldenstaedtia cuneata,0.4718,not synonym,sentence-transformers/all-MiniLM-L6-v2,0.7,0
Genista nissana,Racosperma gloeotrichum,0.0363,not synonym,sentence-transformers/all-MiniLM-L6-v2,0.7,0
Inga tarapotensis,Feuilleea tarapotensis,0.6556,not synonym,sentence-transformers/all-MiniLM-L6-v2,0.7,1
Eleiotis rottleri,Polygala hostmannii,0.2458,not synonym,sentence-transformers/all-MiniLM-L6-v2,0.7,0
Dolichopsis paraguariensis,Muraltia tenuifolia,0.2447,not synonym,sentence-transformers/all-MiniLM-L6-v2,0.7,0
Machaerium brasiliense,Machaerium luschnathianum,0.5972,not synonym,sentence-transformers/all-MiniLM-L6-v2,0.7,1
Gastrolobium punctatum,Nemcia punctata,0.5539,not synonym,sentence-transformers/all-MiniLM-L6-v2,0.7,1
Ononis minutissima,Archidendron ledermannii,0.2114,not synonym,sentence-transformers/all-MiniLM-L6-v2,0.7,0
Genista tridentata,Lotus fallax,0.1796,not synonym,sentence-transformers/all-MiniLM-L6-v2,0.7,0
Glycine tabacina,Kennedya tabacina,0.6051,not synonym,sentence-transformers/all-MiniLM-L6-v2,0.7,1
Inga stipulacea,Huttonella compacta,0.3522,not synonym,sentence-transformers/all-MiniLM-L6-v2,0.7,0
Ononis variegata,Polygala bahiensis,0.2468,not synonym,sentence-transformers/all-MiniLM-L6-v2,0.7,0
Archidendron scutiferum,Daniellia pubescens,0.2334,not synonym,sentence-transformers/all-MiniLM-L6-v2,0.7,0
Amphicarpaea bracteata,Lobomon acutifolium,0.318,not synonym,sentence-transformers/all-MiniLM-L6-v2,0.7,1
Calliandra hirsuta,Polygala luteoalba,0.3045,not synonym,sentence-transformers/all-MiniLM-L6-v2,0.7,0
Salomonia ciliata,Ononis paniculata,0.4763,not synonym,sentence-transformers/all-MiniLM-L6-v2,0.7,0
Gastrolobium tetragonophyllum,Badiera punctata,0.2858,not synonym,sentence-transformers/all-MiniLM-L6-v2,0.7,0
Heterostemon conjugatus,Heterostemon cauliflorus,0.5991,not synonym,sentence-transformers/all-MiniLM-L6-v2,0.7,1
Calpurnia aurea,Lotus deserti,0.3148,not synonym,sentence-transformers/all-MiniLM-L6-v2,0.7,0
Badiera oblongata,Polygala punctifera,0.2448,not synonym,sentence-transformers/all-MiniLM-L6-v2,0.7,1
Comesperma virgatum,Flemingia stricta,0.2958,not synonym,sentence-transformers/all-MiniLM-L6-v2,0.7,0
Inga inundata,Polygala martinellii,0.2635,not synonym,sentence-transformers/all-MiniLM-L6-v2,0.7,0
Lotus herbaceus,Goldmania paraguariensis,0.1126,not synonym,sentence-transformers/all-MiniLM-L6-v2,0.7,0
Millettia lenneoides,Pteromonnina dictyocarpa,0.356,not synonym,sentence-transformers/all-MiniLM-L6-v2,0.7,0
Securidaca inappendiculata,Securidaca scandens,0.7284,synonym,sentence-transformers/all-MiniLM-L6-v2,0.7,1
Lotus edulis,Lotus edulus,0.8584,synonym,sentence-transformers/all-MiniLM-L6-v2,0.7,1
Flemingia stricta,Caesalpinia robinsoniana,0.3428,not synonym,sentence-transformers/all-MiniLM-L6-v2,0.7,0
Lotus angustissimus,Entada spicata,0.2142,not synonym,sentence-transformers/all-MiniLM-L6-v2,0.7,0
Calliandra humilis,Leptolobium tomentosum,0.2727,not synonym,sentence-transformers/all-MiniLM-L6-v2,0.7,0
Millettia macrophylla,Anneslia caeciliae,0.3655,not synonym,sentence-transformers/all-MiniLM-L6-v2,0.7,0
Acanthocladus brasiliensis,Polygala andreana,0.1946,not synonym,sentence-transformers/all-MiniLM-L6-v2,0.7,0
Gastrolobium coriaceum,Amphicarpaea japonica,0.284,not synonym,sentence-transformers/all-MiniLM-L6-v2,0.7,0
Archidendron falcatum,Chaetocalyx parviflorus,0.3782,not synonym,sentence-transformers/all-MiniLM-L6-v2,0.7,0
Chorizema glycinifolium,Brachysema latifolium,0.5009,not synonym,sentence-transformers/all-MiniLM-L6-v2,0.7,0
Acacia confluens,Ononis viscosa,0.1742,not synonym,sentence-transformers/all-MiniLM-L6-v2,0.7,0
Lotus arabicus,Lotus arabicus,1.0,synonym,sentence-transformers/all-MiniLM-L6-v2,0.7,1
Acacia polifolia,Racosperma polifolium,0.2814,not synonym,sentence-transformers/all-MiniLM-L6-v2,0.7,1
Polygala fontellana,Senega fontellana,0.6401,not synonym,sentence-transformers/all-MiniLM-L6-v2,0.7,1
Nissolia vincentina,Jackia longifolia,0.3562,not synonym,sentence-transformers/all-MiniLM-L6-v2,0.7,0
Ononis thomsonii,Inga finlaysoniana,0.3661,not synonym,sentence-transformers/all-MiniLM-L6-v2,0.7,0
Lotus edulis,Lotus cervinus,0.7113,synonym,sentence-transformers/all-MiniLM-L6-v2,0.7,1
Gastrolobium axillare,Galactia speciosa,0.3652,not synonym,sentence-transformers/all-MiniLM-L6-v2,0.7,0
Acacia mimica,Racosperma mimicum,0.2616,not synonym,sentence-transformers/all-MiniLM-L6-v2,0.7,1
Delonix edule,Spartium cupanii,0.3265,not synonym,sentence-transformers/all-MiniLM-L6-v2,0.7,0
Ebenus sibthorpii,Hedysarum ebenus,0.5655,not synonym,sentence-transformers/all-MiniLM-L6-v2,0.7,1
Lupinus glabratus,Lupinus submontanus,0.7026,synonym,sentence-transformers/all-MiniLM-L6-v2,0.7,1
Chesneya polystichoides,Calophaca polystichoides,0.7033,synonym,sentence-transformers/all-MiniLM-L6-v2,0.7,1
Atroxima afzeliana,Atroxima zenkeri,0.6166,not synonym,sentence-transformers/all-MiniLM-L6-v2,0.7,1
Betencourtia scarlatina,Galactia scarlatina,0.5924,not synonym,sentence-transformers/all-MiniLM-L6-v2,0.7,1
Acacia cultriformis,Caesalpinia caladenia,0.3737,not synonym,sentence-transformers/all-MiniLM-L6-v2,0.7,0
Comesperma calymega,Lepidocoma vestita,0.3858,not synonym,sentence-transformers/all-MiniLM-L6-v2,0.7,0
Lotus oliveirae,Lotus latifolius,0.6217,not synonym,sentence-transformers/all-MiniLM-L6-v2,0.7,1
Archidendron pauciflorum,Heisteria diffusa,0.3193,not synonym,sentence-transformers/all-MiniLM-L6-v2,0.7,0
Gastrolobium dilatatum,Piptadenia kerstingii,0.4089,not synonym,sentence-transformers/all-MiniLM-L6-v2,0.7,0
Lotus herbaceus,Phaseolodes rubiginosum,0.2131,not synonym,sentence-transformers/all-MiniLM-L6-v2,0.7,0
Acacia adinophylla,Desmodium pendulum,0.0892,not synonym,sentence-transformers/all-MiniLM-L6-v2,0.7,0
Securidaca planchoniana,Bituminaria acaulis,0.3878,not synonym,sentence-transformers/all-MiniLM-L6-v2,0.7,0
Diclidanthera laurifolia,Caesalpinia regia,0.3666,not synonym,sentence-transformers/all-MiniLM-L6-v2,0.7,0
Calliandra californica,Anneslia mixta,0.4553,not synonym,sentence-transformers/all-MiniLM-L6-v2,0.7,1
Kotschya recurvifolia,Smithia recurvifolia,0.5637,not synonym,sentence-transformers/all-MiniLM-L6-v2,0.7,1
Calliandra haematocephala,Feuilleea haematocephala,0.6844,not synonym,sentence-transformers/all-MiniLM-L6-v2,0.7,1
Millettia rubiginosa,Phaseoloides rubiginosum,0.4991,not synonym,sentence-transformers/all-MiniLM-L6-v2,0.7,1
Millettia comosa,Lonchocarpus comosus,0.4789,not synonym,sentence-transformers/all-MiniLM-L6-v2,0.7,1
Calliandra taxifolia,Calliandra expansa,0.655,not synonym,sentence-transformers/all-MiniLM-L6-v2,0.7,1
Securidaca pubescens,Elsota major,0.3101,not synonym,sentence-transformers/all-MiniLM-L6-v2,0.7,1
Amblygonocarpus andongensis,Inga sodiroi,0.0845,not synonym,sentence-transformers/all-MiniLM-L6-v2,0.7,0
Archidendron glabrum,Pithecellobium dies-christi,0.083,not synonym,sentence-transformers/all-MiniLM-L6-v2,0.7,1
Dialium kunstleri,Dialium selvestre,0.5197,not synonym,sentence-transformers/all-MiniLM-L6-v2,0.7,1
Polygaloides paucifolia,Flemingia sarmentosa,0.2405,not synonym,sentence-transformers/all-MiniLM-L6-v2,0.7,0
Lotus purpureus,Lotus bollei,0.6332,not synonym,sentence-transformers/all-MiniLM-L6-v2,0.7,1
Amphicarpaea bracteata,Machaerium schunkei,0.2291,not synonym,sentence-transformers/all-MiniLM-L6-v2,0.7,0
Lotus tenuifolius,Callistachys coriacea,0.3144,not synonym,sentence-transformers/all-MiniLM-L6-v2,0.7,0
Calophaca grandiflora,Calophaca hispida,0.7402,synonym,sentence-transformers/all-MiniLM-L6-v2,0.7,1
Ononis tournefortii,Bugranopsis tournefortii,0.6506,not synonym,sentence-transformers/all-MiniLM-L6-v2,0.7,1
Machaerium debile,Machaerium dimorphandrum,0.6367,not synonym,sentence-transformers/all-MiniLM-L6-v2,0.7,1
Lotus glinoides,Genista montbretii,0.1128,not synonym,sentence-transformers/all-MiniLM-L6-v2,0.7,0
Hoffmannseggia glauca,Bossiaea nervosa,0.4204,not synonym,sentence-transformers/all-MiniLM-L6-v2,0.7,0
Hoita strobilina,Psoralea strobilina,0.645,not synonym,sentence-transformers/all-MiniLM-L6-v2,0.7,1
Acanthocladus moyanoi,Inga bolivariana,0.2111,not synonym,sentence-transformers/all-MiniLM-L6-v2,0.7,0
Brachypterum scandens,Deguelia timoriensis,0.1132,not synonym,sentence-transformers/all-MiniLM-L6-v2,0.7,1
Hebecarpa americana,Caesalpinia gladiata,0.4358,not synonym,sentence-transformers/all-MiniLM-L6-v2,0.7,0
Muraltia serpylloides,Moghania wallichii,0.4074,not synonym,sentence-transformers/all-MiniLM-L6-v2,0.7,0
Xanthophyllum ecarinatum,Xanthophyllum kalimantanum,0.7932,synonym,sentence-transformers/all-MiniLM-L6-v2,0.7,1
Bossiaea heterophylla,Platylobium lanceolatum,0.3358,not synonym,sentence-transformers/all-MiniLM-L6-v2,0.7,1
Comesperma ericinum,Comesperma linariifolium,0.5741,not synonym,sentence-transformers/all-MiniLM-L6-v2,0.7,1
Genista dracunculoides,Kostyczewa ternata,0.1402,not synonym,sentence-transformers/all-MiniLM-L6-v2,0.7,0
Berlinia giorgii,Berlinia gilletii,0.7638,synonym,sentence-transformers/all-MiniLM-L6-v2,0.7,1
Lotus biflorus,Gastrolobium crispifolium,0.3526,not synonym,sentence-transformers/all-MiniLM-L6-v2,0.7,0
Calliandra hirsuta,Callistachys atropurpurea,0.4416,not synonym,sentence-transformers/all-MiniLM-L6-v2,0.7,0
Kotschya uguenensis,Amphicarpaea elliotii,0.3047,not synonym,sentence-transformers/all-MiniLM-L6-v2,0.7,0
Hoffmannseggia viscosa,Caesalpinia viscosa,0.6258,not synonym,sentence-transformers/all-MiniLM-L6-v2,0.7,1
Muraltia muraltioides,Polygala beiliana,0.4441,not synonym,sentence-transformers/all-MiniLM-L6-v2,0.7,1
Lotus hirsutus,Calliandra serjanioides,0.2958,not synonym,sentence-transformers/all-MiniLM-L6-v2,0.7,0
Gastrolobium polystachyum,Polygala heisteria,0.4881,not synonym,sentence-transformers/all-MiniLM-L6-v2,0.7,0
Badiera oblongata,Polygala oblongata,0.603,not synonym,sentence-transformers/all-MiniLM-L6-v2,0.7,1
Echinospartum horridum,Genista erinacea,0.2271,not synonym,sentence-transformers/all-MiniLM-L6-v2,0.7,1
Polygaloides chamaebuxus,Chamaebuxus polygaleoides,0.8393,synonym,sentence-transformers/all-MiniLM-L6-v2,0.7,1
Inga sellowiana,Salomonia horneri,0.4008,not synonym,sentence-transformers/all-MiniLM-L6-v2,0.7,0
Betencourtia stereophylla,Galactia stereophylla,0.5865,not synonym,sentence-transformers/all-MiniLM-L6-v2,0.7,1
Archidendron ellipticum,Abarema elliptica,0.486,not synonym,sentence-transformers/all-MiniLM-L6-v2,0.7,1
Lupinus littoralis,Lupinus nutkatensis,0.7001,synonym,sentence-transformers/all-MiniLM-L6-v2,0.7,1
Ononis baetica,Ononis subspicata,0.6277,not synonym,sentence-transformers/all-MiniLM-L6-v2,0.7,1
Inga insignis,Securidaca lamarckii,0.4522,not synonym,sentence-transformers/all-MiniLM-L6-v2,0.7,0
Genista ferox,Feuilleea purpurea,0.4434,not synonym,sentence-transformers/all-MiniLM-L6-v2,0.7,0
Hoffmannseggia humilis,Hoffmannseggia pueblana,0.5292,not synonym,sentence-transformers/all-MiniLM-L6-v2,0.7,1
Carpolobia goetzei,Falya leandriana,0.2782,not synonym,sentence-transformers/all-MiniLM-L6-v2,0.7,1
Acacia havilandiorum,Acacia havilandi,0.9326,synonym,sentence-transformers/all-MiniLM-L6-v2,0.7,1
Archidendron clypearia,Zygia inundata,0.3296,not synonym,sentence-transformers/all-MiniLM-L6-v2,0.7,0
Archidendron glomeriflorum,Cyclopia brachypoda,0.3382,not synonym,sentence-transformers/all-MiniLM-L6-v2,0.7,0
Calliandra houstoniana,Psoralea multifoliolata,0.2088,not synonym,sentence-transformers/all-MiniLM-L6-v2,0.7,0
Inga capitata,Racosperma flocktoniae,-0.016,not synonym,sentence-transformers/all-MiniLM-L6-v2,0.7,0
Inga ruiziana,Feuilleea ruiziana,0.6624,not synonym,sentence-transformers/all-MiniLM-L6-v2,0.7,1
Dahlstedtia hylobia,Anneslia nipensis,0.4134,not synonym,sentence-transformers/all-MiniLM-L6-v2,0.7,0
Acacia chartacea,Phaseoloides caudatum,0.3474,not synonym,sentence-transformers/all-MiniLM-L6-v2,0.7,0
Lupinus evermannii,Lupinus amniculi-vulpum,0.7509,synonym,sentence-transformers/all-MiniLM-L6-v2,0.7,1
Inga sellowiana,Feuilleea selloana,0.6256,not synonym,sentence-transformers/all-MiniLM-L6-v2,0.7,1
Eleiotis sororia,Inga versicolor,0.298,not synonym,sentence-transformers/all-MiniLM-L6-v2,0.7,0
Millettia urophylloides,Lotus brachycarpus,0.2264,not synonym,sentence-transformers/all-MiniLM-L6-v2,0.7,0
Securidaca cacumina,Securidaca ecristata,0.8454,synonym,sentence-transformers/all-MiniLM-L6-v2,0.7,1
Genista horrida,Genista horrida,1.0,synonym,sentence-transformers/all-MiniLM-L6-v2,0.7,1
Flemingia strobilifera,Zornia strobilifera,0.6656,not synonym,sentence-transformers/all-MiniLM-L6-v2,0.7,1
Limadendron hostmannii,Poecilanthe hostmannii,0.6328,not synonym,sentence-transformers/all-MiniLM-L6-v2,0.7,1
Humularia drepanocephala,Bugranopsis megalostachys,0.3076,not synonym,sentence-transformers/all-MiniLM-L6-v2,0.7,0
Acacia glaucoptera,Acacia sinuata,0.7739,synonym,sentence-transformers/all-MiniLM-L6-v2,0.7,1
Berlinia giorgii,Flemingia lineata,0.3918,not synonym,sentence-transformers/all-MiniLM-L6-v2,0.7,0
Rhinotropis maravillasensis,Chaetocalyx glaziovii,0.1926,not synonym,sentence-transformers/all-MiniLM-L6-v2,0.7,0
Archidendron kerrii,Cytisus paivae,0.2755,not synonym,sentence-transformers/all-MiniLM-L6-v2,0.7,0
Chesneya ferganensis,Chesneya grubovii,0.6852,not synonym,sentence-transformers/all-MiniLM-L6-v2,0.7,1
Archidendron poilanei,Cylindrokelupha annamensis,0.2215,not synonym,sentence-transformers/all-MiniLM-L6-v2,0.7,1
Hesperolaburnum platycarpum,Polygala oligophylla,0.3503,not synonym,sentence-transformers/all-MiniLM-L6-v2,0.7,0
Archidendron alatum,Archidendron alatum,1.0,synonym,sentence-transformers/all-MiniLM-L6-v2,0.7,1
Archidendron scutiferum,Pithecellobium scutiferum,0.462,not synonym,sentence-transformers/all-MiniLM-L6-v2,0.7,1
Muraltia muraltioides,Polygala punctulata,0.4608,not synonym,sentence-transformers/all-MiniLM-L6-v2,0.7,0
Glycine tabacina,Hoffmannseggia gracilis,0.3036,not synonym,sentence-transformers/all-MiniLM-L6-v2,0.7,0
Angylocalyx oligophyllus,Angylocalyx ramiflorus,0.717,synonym,sentence-transformers/all-MiniLM-L6-v2,0.7,1
Monnina lehmanniana,Ononis schouwii,0.343,not synonym,sentence-transformers/all-MiniLM-L6-v2,0.7,0
Echinospartum lusitanicum,Flemingia brevipes,0.1137,not synonym,sentence-transformers/all-MiniLM-L6-v2,0.7,0
Ononis remotiflora,Abarema robinsonii,0.3297,not synonym,sentence-transformers/all-MiniLM-L6-v2,0.7,0
Asemeia grandiflora,Dorycnium gracile,0.2537,not synonym,sentence-transformers/all-MiniLM-L6-v2,0.7,0
Securidaca tomentosa,Machaerium costaricanum,0.3109,not synonym,sentence-transformers/all-MiniLM-L6-v2,0.7,0
Asemeia grandiflora,Psoralea strobilina,0.4304,not synonym,sentence-transformers/all-MiniLM-L6-v2,0.7,0
Hebecarpa barbeyana,Lotus mollissimus,0.2149,not synonym,sentence-transformers/all-MiniLM-L6-v2,0.7,0
Archidendron multifoliolatum,Polygala cubensis,0.1917,not synonym,sentence-transformers/all-MiniLM-L6-v2,0.7,0
Aphanocalyx trapnellii,Securidaca spinosa,0.2048,not synonym,sentence-transformers/all-MiniLM-L6-v2,0.7,0
Ononis arvensis,Ononis altissima,0.7546,synonym,sentence-transformers/all-MiniLM-L6-v2,0.7,1
Monnina ligustrina,Monnina ligustrifolia,0.8371,synonym,sentence-transformers/all-MiniLM-L6-v2,0.7,1
Muraltia angulosa,Muraltia linifolia,0.6968,not synonym,sentence-transformers/all-MiniLM-L6-v2,0.7,1
Calliandra laxa,Abarema monadelpha,0.2702,not synonym,sentence-transformers/all-MiniLM-L6-v2,0.7,0
Bredemeyera lucida,Bredemeyera lucida,1.0,synonym,sentence-transformers/all-MiniLM-L6-v2,0.7,1
Dimorphandra davisiae,Genista boissieri,0.4463,not synonym,sentence-transformers/all-MiniLM-L6-v2,0.7,0
Berlinia tomentella,Flemingia vestita,0.4086,not synonym,sentence-transformers/all-MiniLM-L6-v2,0.7,0
Inga capitata,Monnina myrtilloides,0.2277,not synonym,sentence-transformers/all-MiniLM-L6-v2,0.7,0
Machaerium incorruptibile,Machaerium incorruptibile,1.0,synonym,sentence-transformers/all-MiniLM-L6-v2,0.7,1
Archidendron crateradenum,Pithecellobium crateradenum,0.5969,not synonym,sentence-transformers/all-MiniLM-L6-v2,0.7,1
Collaea speciosa,Odonia speciosa,0.69,not synonym,sentence-transformers/all-MiniLM-L6-v2,0.7,1
Caamembeca andina,Caamembeca bangiana,0.8122,synonym,sentence-transformers/all-MiniLM-L6-v2,0.7,1
Machaerium biovulatum,Machaerium lilacinum,0.6169,not synonym,sentence-transformers/all-MiniLM-L6-v2,0.7,1
Kotschya schweinfurthii,Polygala quinqueangularis,0.2775,not synonym,sentence-transformers/all-MiniLM-L6-v2,0.7,0
Archidendron lucyi,Archidendron papuanum,0.6189,not synonym,sentence-transformers/all-MiniLM-L6-v2,0.7,1
Acacia cochlocarpa,Racosperma cochlocarpum,0.2959,not synonym,sentence-transformers/all-MiniLM-L6-v2,0.7,1
Asemeia ovata,Polygala ovata,0.6555,not synonym,sentence-transformers/all-MiniLM-L6-v2,0.7,1
Dahlstedtia hylobia,Derris hylobia,0.6454,not synonym,sentence-transformers/all-MiniLM-L6-v2,0.7,1
Berlinia bracteosa,Berlinia platycarpa,0.7575,synonym,sentence-transformers/all-MiniLM-L6-v2,0.7,1
Limadendron hostmannii,Feuilleea depauperata,0.2344,not synonym,sentence-transformers/all-MiniLM-L6-v2,0.7,0
Millettia velvetina,Pongamia velutina,0.2565,not synonym,sentence-transformers/all-MiniLM-L6-v2,0.7,1
Asemeia grandiflora,Teline linifolia,0.37,not synonym,sentence-transformers/all-MiniLM-L6-v2,0.7,0
Archidendron tenuiracemosum,Archidendron affine,0.5251,not synonym,sentence-transformers/all-MiniLM-L6-v2,0.7,1
Rhamphopetalum microphyllum,Calliandra obtusifolia,0.2768,not synonym,sentence-transformers/all-MiniLM-L6-v2,0.7,0
Ononis mitissima,Moghania nilgheriensis,0.3645,not synonym,sentence-transformers/all-MiniLM-L6-v2,0.7,0
Flemingia faginea,Pithecellobium hendersonii,0.3136,not synonym,sentence-transformers/all-MiniLM-L6-v2,0.7,0
Calobota lotononoides,Lebeckia lotononoides,0.6447,not synonym,sentence-transformers/all-MiniLM-L6-v2,0.7,1
Gastrolobium hookeri,Pteromonnina ramosa,0.4313,not synonym,sentence-transformers/all-MiniLM-L6-v2,0.7,0
Lotus sanguineus,Dorycnium sanguineum,0.5083,not synonym,sentence-transformers/all-MiniLM-L6-v2,0.7,1
Monnina tristaniana,Dialium ovatum,0.2129,not synonym,sentence-transformers/all-MiniLM-L6-v2,0.7,0
Genista micrantha,Caesalpinia glandulosa,0.3096,not synonym,sentence-transformers/all-MiniLM-L6-v2,0.7,0
Polygala appressa,Polygala brachiata,0.6671,not synonym,sentence-transformers/all-MiniLM-L6-v2,0.7,1
Securidaca divaricata,Securidaca martiana,0.726,synonym,sentence-transformers/all-MiniLM-L6-v2,0.7,1
Polygala brevialata,Polygala aristeguietae,0.7999,synonym,sentence-transformers/all-MiniLM-L6-v2,0.7,1
Ancistrotropis peduncularis,Hippocrepis fruticosa,0.2701,not synonym,sentence-transformers/all-MiniLM-L6-v2,0.7,0
Ononis pubescens,Ononis pyramidalis,0.637,not synonym,sentence-transformers/all-MiniLM-L6-v2,0.7,1
Archidendron oppositum,Ononis rhinanthoides,0.3016,not synonym,sentence-transformers/all-MiniLM-L6-v2,0.7,0
Lotus schoelleri,Lotus friesiorum,0.6236,not synonym,sentence-transformers/all-MiniLM-L6-v2,0.7,1
Monnina salicifolia,Monnina obtusifolia,0.7747,synonym,sentence-transformers/all-MiniLM-L6-v2,0.7,1
Erythrostemon pannosus,Caesalpinia californica,0.25,not synonym,sentence-transformers/all-MiniLM-L6-v2,0.7,1
Micklethwaitia carvalhoi,Cynometra carvalhoi,0.605,not synonym,sentence-transformers/all-MiniLM-L6-v2,0.7,1
Gonocytisus angulatus,Spartium parviflorum,0.4561,not synonym,sentence-transformers/all-MiniLM-L6-v2,0.7,1
Inga densiflora,Inga sordida,0.5881,not synonym,sentence-transformers/all-MiniLM-L6-v2,0.7,1
Machaerium lanceolatum,Nissolia lanceolata,0.5217,not synonym,sentence-transformers/all-MiniLM-L6-v2,0.7,1
Polygala smallii,Paralbizia platycarpa,0.3396,not synonym,sentence-transformers/all-MiniLM-L6-v2,0.7,0
Archidendron ramiflorum,Albizia pentzkeana,0.1353,not synonym,sentence-transformers/all-MiniLM-L6-v2,0.7,1
Bouffordia dichotoma,Desmodium dichotomum,0.5432,not synonym,sentence-transformers/all-MiniLM-L6-v2,0.7,1
Inga glomeriflora,Brenaniodendron carvalhoi,0.2715,not synonym,sentence-transformers/all-MiniLM-L6-v2,0.7,0
Hoffmannseggia viscosa,Larrea viscosa,0.6865,not synonym,sentence-transformers/all-MiniLM-L6-v2,0.7,1
Inga vulpina,Inga ferruginea,0.6065,not synonym,sentence-transformers/all-MiniLM-L6-v2,0.7,1
Machaerium isadelphum,Rhynchosia crotalarioides,0.198,not synonym,sentence-transformers/all-MiniLM-L6-v2,0.7,0
Archidendron jiringa,Polygala eriocephala,0.1469,not synonym,sentence-transformers/all-MiniLM-L6-v2,0.7,0
Muraltia striata,Muraltia viminea,0.7187,synonym,sentence-transformers/all-MiniLM-L6-v2,0.7,1
Bossiaea ornata,Bredemeyera integerrima,0.3726,not synonym,sentence-transformers/all-MiniLM-L6-v2,0.7,0
Lotus tenellus,Inga brevituba,0.169,not synonym,sentence-transformers/all-MiniLM-L6-v2,0.7,0
Asemeia grandiflora,Racosperma flavipilum,0.305,not synonym,sentence-transformers/all-MiniLM-L6-v2,0.7,0
Muraltia spinosa,Kennedynella elongata,0.4023,not synonym,sentence-transformers/all-MiniLM-L6-v2,0.7,0
Ebenus cappadocica,Ebenus cappadocica,1.0,synonym,sentence-transformers/all-MiniLM-L6-v2,0.7,1
Millettia grandis,Virgilia grandis,0.6041,not synonym,sentence-transformers/all-MiniLM-L6-v2,0.7,1
Millettia grandis,Millettia caffra,0.6598,not synonym,sentence-transformers/all-MiniLM-L6-v2,0.7,1
Muraltia muraltioides,Pteromonnina resedoides,0.3569,not synonym,sentence-transformers/all-MiniLM-L6-v2,0.7,0
Hippocrepis comosa,Hippocrepis atlantica,0.7693,synonym,sentence-transformers/all-MiniLM-L6-v2,0.7,1
Genista anglica,Phyllobotrys anglica,0.4249,not synonym,sentence-transformers/all-MiniLM-L6-v2,0.7,1
Monnina padifolia,Monnina phytolaccifolia,0.8087,synonym,sentence-transformers/all-MiniLM-L6-v2,0.7,1
Salomonia ciliata,Heistera anthospermifolia,0.4385,not synonym,sentence-transformers/all-MiniLM-L6-v2,0.7,0
Inga pilosula,Feuilleea pilosula,0.7083,synonym,sentence-transformers/all-MiniLM-L6-v2,0.7,1
Neoapaloxylon tuberosum,Monnina laurifolia,0.2425,not synonym,sentence-transformers/all-MiniLM-L6-v2,0.7,0
Genista canariensis,Genista ramosissima,0.538,not synonym,sentence-transformers/all-MiniLM-L6-v2,0.7,1
Xanthophyllum vitellinum,Geissaspis homblei,0.236,not synonym,sentence-transformers/all-MiniLM-L6-v2,0.7,0
Genista cupanii,Hoffmanseggia repens,0.1708,not synonym,sentence-transformers/all-MiniLM-L6-v2,0.7,0
Polygala stephaniana,Glycine monoica,0.298,not synonym,sentence-transformers/all-MiniLM-L6-v2,0.7,0
Genista hassertiana,Cytisanthus hassertianus,0.3669,not synonym,sentence-transformers/all-MiniLM-L6-v2,0.7,1
Chorizema diversifolium,Polygala mariesii,0.3156,not synonym,sentence-transformers/all-MiniLM-L6-v2,0.7,0
Polygala ericifolia,Polygala eckloniana,0.7366,synonym,sentence-transformers/all-MiniLM-L6-v2,0.7,1
Dialium guineense,Dialium anomalum,0.6524,not synonym,sentence-transformers/all-MiniLM-L6-v2,0.7,1
Adenopodia spicata,Canavalia grandis,0.3017,not synonym,sentence-transformers/all-MiniLM-L6-v2,0.7,0
Berlinia bracteosa,Maughania nilgheriensis,0.3451,not synonym,sentence-transformers/all-MiniLM-L6-v2,0.7,0
Monnina callimorpha,Larrea glauca,0.4383,not synonym,sentence-transformers/all-MiniLM-L6-v2,0.7,0
Muraltia striata,Xanthophyllum obliquum,0.4078,not synonym,sentence-transformers/all-MiniLM-L6-v2,0.7,0
Epirixanthes elongata,Epirixanthes linearis,0.7531,synonym,sentence-transformers/all-MiniLM-L6-v2,0.7,1
Archidendron jiringa,Zygia jiriuga,0.4811,not synonym,sentence-transformers/all-MiniLM-L6-v2,0.7,1
Monnina pterocarpa,Pteromonnina pterocarpa,0.7964,synonym,sentence-transformers/all-MiniLM-L6-v2,0.7,1
Millettia lenneoides,Muraltia diffusa,0.2385,not synonym,sentence-transformers/all-MiniLM-L6-v2,0.7,0
Gastrolobium sericeum,Chorizema sericeum,0.6415,not synonym,sentence-transformers/all-MiniLM-L6-v2,0.7,1
Genista aristata,Moghania ferruginea,0.2689,not synonym,sentence-transformers/all-MiniLM-L6-v2,0.7,0
Polygala serpentaria,Pithecellobium lobatum,0.3674,not synonym,sentence-transformers/all-MiniLM-L6-v2,0.7,0
Millettia xylocarpa,Millettia hemsleyana,0.5878,not synonym,sentence-transformers/all-MiniLM-L6-v2,0.7,1
Monnina pavonii,Monnina huacachiana,0.7317,synonym,sentence-transformers/all-MiniLM-L6-v2,0.7,1
Hoffmannseggia glauca,Geissaspis rosea,0.475,not synonym,sentence-transformers/all-MiniLM-L6-v2,0.7,0
Millettia xylocarpa,Zygia jiriuga,0.3034,not synonym,sentence-transformers/all-MiniLM-L6-v2,0.7,0
Genista sessilifolia,Moghania semialata,0.4101,not synonym,sentence-transformers/all-MiniLM-L6-v2,0.7,0
Acacia brassii,Racosperma brassii,0.4933,not synonym,sentence-transformers/all-MiniLM-L6-v2,0.7,1
Amphicarpaea bracteata,Amphicarpaea monoica,0.7808,synonym,sentence-transformers/all-MiniLM-L6-v2,0.7,1
Coulteria cubensis,Monnina graminea,0.2959,not synonym,sentence-transformers/all-MiniLM-L6-v2,0.7,0
Dialium platysepalum,Pithecellobium calliandrum,0.4064,not synonym,sentence-transformers/all-MiniLM-L6-v2,0.7,0
Guilfoylia monostylis,Cadellia monostylis,0.6691,not synonym,sentence-transformers/all-MiniLM-L6-v2,0.7,1
Polygala grazielae,Mundulea pulchra,0.4532,not synonym,sentence-transformers/all-MiniLM-L6-v2,0.7,0
Muraltia origanoides,Monnina lanceolata,0.4014,not synonym,sentence-transformers/all-MiniLM-L6-v2,0.7,0
Bossiaea heterophylla,Bossiaea lanceolata,0.7048,synonym,sentence-transformers/all-MiniLM-L6-v2,0.7,1
Monnina lorenziana,Drepanocarpus discolor,0.2256,not synonym,sentence-transformers/all-MiniLM-L6-v2,0.7,0
Lotus tetragonolobus,Tetragonolobus pseudopurpureus,0.607,not synonym,sentence-transformers/all-MiniLM-L6-v2,0.7,1
Caamembeca andina,Caamembeca formosa,0.7877,synonym,sentence-transformers/all-MiniLM-L6-v2,0.7,1
Polygala appressa,Polygala gracillima,0.7582,synonym,sentence-transformers/all-MiniLM-L6-v2,0.7,1
Millettia fruticosa,Otosema fruticosa,0.6371,not synonym,sentence-transformers/all-MiniLM-L6-v2,0.7,1
Flemingia vestita,Dolichos vestitus,0.4745,not synonym,sentence-transformers/all-MiniLM-L6-v2,0.7,1
Calliandra angustifolia,Mimosa subnervosa,0.2158,not synonym,sentence-transformers/all-MiniLM-L6-v2,0.7,1
Calophaca wolgarica,Polygala diversa,0.3226,not synonym,sentence-transformers/all-MiniLM-L6-v2,0.7,0
Machaerium lunatum,Drepanocarpus lunatus,0.3886,not synonym,sentence-transformers/all-MiniLM-L6-v2,0.7,1
Inga lallensis,Inga archeri,0.5618,not synonym,sentence-transformers/all-MiniLM-L6-v2,0.7,1
Lotus angustissimus,Lotus praetermissus,0.6799,not synonym,sentence-transformers/all-MiniLM-L6-v2,0.7,1
Gilbertiodendron obliquum,Hoffmannseggia patagonica,0.3764,not synonym,sentence-transformers/all-MiniLM-L6-v2,0.7,0
Machaerium nigrum,Machaerium velutinum,0.6468,not synonym,sentence-transformers/all-MiniLM-L6-v2,0.7,1
Hippocrepis constricta,Hippocrepis elongatula,0.7506,synonym,sentence-transformers/all-MiniLM-L6-v2,0.7,1
Lotus edulis,Cytisanthus nissanus,0.2676,not synonym,sentence-transformers/all-MiniLM-L6-v2,0.7,0
Carmichaelia australis,Carmichaelia violacea,0.7888,synonym,sentence-transformers/all-MiniLM-L6-v2,0.7,1
Acacia incrassata,Acacia vernicosa,0.7666,synonym,sentence-transformers/all-MiniLM-L6-v2,0.7,1
Muraltia pauciflora,Lupinus andinus,0.2044,not synonym,sentence-transformers/all-MiniLM-L6-v2,0.7,0
Comesperma xanthocarpum,Comesperma anthocarpum,0.8423,synonym,sentence-transformers/all-MiniLM-L6-v2,0.7,1
Gastrolobium reticulatum,Nemcia carinata,0.2773,not synonym,sentence-transformers/all-MiniLM-L6-v2,0.7,1
Coulteria cubensis,Callistachys heterophylla,0.4497,not synonym,sentence-transformers/all-MiniLM-L6-v2,0.7,0
Inga pilosula,Machaerium latifolium,0.2371,not synonym,sentence-transformers/all-MiniLM-L6-v2,0.7,0
Erythrostemon palmeri,Cytisus haensleri,0.4772,not synonym,sentence-transformers/all-MiniLM-L6-v2,0.7,0
Salomonia ciliata,Dysolobium apioides,0.3797,not synonym,sentence-transformers/all-MiniLM-L6-v2,0.7,0
Glycine tabacina,Lotus bivoneus,0.1524,not synonym,sentence-transformers/all-MiniLM-L6-v2,0.7,0
Gilbertiodendron mayombense,Macrolobium mayombense,0.4488,not synonym,sentence-transformers/all-MiniLM-L6-v2,0.7,1
Genista micrantha,Spartium stylosum,0.1733,not synonym,sentence-transformers/all-MiniLM-L6-v2,0.7,1
Erythrostemon glandulosus,Poincianella glandulosa,0.5282,not synonym,sentence-transformers/all-MiniLM-L6-v2,0.7,1
Calliandra californica,Caesalpinia phyllanthoides,0.4562,not synonym,sentence-transformers/all-MiniLM-L6-v2,0.7,0
Genista tricuspidata,Gilbertiodendron quadrifolium,0.1971,not synonym,sentence-transformers/all-MiniLM-L6-v2,0.7,0
Hanslia ormocarpoides,Hedysarum ormocarpoides,0.6994,not synonym,sentence-transformers/all-MiniLM-L6-v2,0.7,1
Inga sapindoides,Inga chardonii,0.5997,not synonym,sentence-transformers/all-MiniLM-L6-v2,0.7,1
Lotus dorycnium,Brachypterum platyphyllum,0.4354,not synonym,sentence-transformers/all-MiniLM-L6-v2,0.7,0
Hippocrepis comosa,Hippocrepis alpestris,0.6255,not synonym,sentence-transformers/all-MiniLM-L6-v2,0.7,1
Bossiaea eriocarpa,Muraltia obovata,0.4239,not synonym,sentence-transformers/all-MiniLM-L6-v2,0.7,0
Gastrolobium dilatatum,Berlinia baumii,0.3156,not synonym,sentence-transformers/all-MiniLM-L6-v2,0.7,0
Chesneya villosa,Bugranopsis rosea,0.3067,not synonym,sentence-transformers/all-MiniLM-L6-v2,0.7,0
Polygala nambalensis,Polygala guerkei,0.648,not synonym,sentence-transformers/all-MiniLM-L6-v2,0.7,1
Lotus tetragonolobus,Lotus palaestinus,0.7273,synonym,sentence-transformers/all-MiniLM-L6-v2,0.7,1
Muraltia juniperifolia,Lupinus caesius,0.3167,not synonym,sentence-transformers/all-MiniLM-L6-v2,0.7,0
Acacia confluens,Amphicarpaea villosa,0.188,not synonym,sentence-transformers/all-MiniLM-L6-v2,0.7,0
Lotus hirsutus,Phaseoloides drasticum,0.1558,not synonym,sentence-transformers/all-MiniLM-L6-v2,0.7,0
Genista germanica,Psoralea luteosa,0.2661,not synonym,sentence-transformers/all-MiniLM-L6-v2,0.7,0
Delonix edule,Smithia strobilantha,0.2058,not synonym,sentence-transformers/all-MiniLM-L6-v2,0.7,0
Gastrolobium tricuspidatum,Nemcia tricuspidata,0.6436,not synonym,sentence-transformers/all-MiniLM-L6-v2,0.7,1
Inga pedunculata,Affonsea pedunculata,0.7894,synonym,sentence-transformers/all-MiniLM-L6-v2,0.7,1
Securidaca scandens,Securidaca cordata,0.7321,synonym,sentence-transformers/all-MiniLM-L6-v2,0.7,1
Eysenhardtia spinosa,Ebenus argentea,0.3541,not synonym,sentence-transformers/all-MiniLM-L6-v2,0.7,0
Microcharis cana,Indigofera cana,0.4786,not synonym,sentence-transformers/all-MiniLM-L6-v2,0.7,1
Glycine clandestina,Glycine minima,0.6609,not synonym,sentence-transformers/all-MiniLM-L6-v2,0.7,1
Millettia sericea,Securidaca bahiensis,0.3423,not synonym,sentence-transformers/all-MiniLM-L6-v2,0.7,0
Acacia dealbata,Acacia puberula,0.7333,synonym,sentence-transformers/all-MiniLM-L6-v2,0.7,1
Genista sagittalis,Lotodes macrostachyum,-0.0122,not synonym,sentence-transformers/all-MiniLM-L6-v2,0.7,0
Polygala exilis,Polygala linearis,0.7587,synonym,sentence-transformers/all-MiniLM-L6-v2,0.7,1
Archidendron ramiflorum,Albizia ramiflora,0.3959,not synonym,sentence-transformers/all-MiniLM-L6-v2,0.7,1
Monnina richardiana,Monnina cordata,0.7393,synonym,sentence-transformers/all-MiniLM-L6-v2,0.7,1
Gastrolobium ilicifolium,Nemcia ilicifolia,0.5041,not synonym,sentence-transformers/all-MiniLM-L6-v2,0.7,1
Calliandra enervis,Machaerium tolimense,0.1737,not synonym,sentence-transformers/all-MiniLM-L6-v2,0.7,0
Acacia idiomorpha,Spongiocarpella polystichoides,0.2334,not synonym,sentence-transformers/all-MiniLM-L6-v2,0.7,0
Hebecarpa buxifolia,Polygala cucullata,0.3823,not synonym,sentence-transformers/all-MiniLM-L6-v2,0.7,1
Erythrostemon acapulcensis,Caesalpinia acapulcensis,0.5713,not synonym,sentence-transformers/all-MiniLM-L6-v2,0.7,1
Acacia perryi,Pithecellobium ramiflorum,0.2094,not synonym,sentence-transformers/all-MiniLM-L6-v2,0.7,0
Archidendron lucyi,Polygala monninoides,0.1903,not synonym,sentence-transformers/all-MiniLM-L6-v2,0.7,0
Inga rubiginosa,Poinciana baccal,0.4776,not synonym,sentence-transformers/all-MiniLM-L6-v2,0.7,0
Securidaca coriacea,Securidaca virgata,0.7787,synonym,sentence-transformers/all-MiniLM-L6-v2,0.7,0
Machaerium macrophyllum,Dolichos dasycarpus,0.1685,not synonym,sentence-transformers/all-MiniLM-L6-v2,0.7,0
Genista tenera,Dalbergia robusta,0.1792,not synonym,sentence-transformers/all-MiniLM-L6-v2,0.7,0
Lotus hebranicus,Hebeandra ligustrina,0.4134,not synonym,sentence-transformers/all-MiniLM-L6-v2,0.7,0
Flemingia macrophylla,Moghania tomentosa,0.3008,not synonym,sentence-transformers/all-MiniLM-L6-v2,0.7,1
Hoffmannseggia watsonii,Caesalpinia ternata,0.3509,not synonym,sentence-transformers/all-MiniLM-L6-v2,0.7,0
Acacia auronitens,Racosperma lasiocalyx,0.1092,not synonym,sentence-transformers/all-MiniLM-L6-v2,0.7,0
Genista majorica,Genista multicaulis,0.7484,synonym,sentence-transformers/all-MiniLM-L6-v2,0.7,1
Ancistrotropis firmula,Phaseolus firmulus,0.5338,not synonym,sentence-transformers/all-MiniLM-L6-v2,0.7,1
Lotus cytisoides,Phaseolus difformis,0.2247,not synonym,sentence-transformers/all-MiniLM-L6-v2,0.7,0
Hippocrepis balearica,Muraltia virgata,0.3585,not synonym,sentence-transformers/all-MiniLM-L6-v2,0.7,0
Archidendron glabrum,Polygala yunnanensis,0.0585,not synonym,sentence-transformers/all-MiniLM-L6-v2,0.7,0
Diphysa thurberi,Daubentonia thurberi,0.6289,not synonym,sentence-transformers/all-MiniLM-L6-v2,0.7,1
Lotus jordanii,Machaerium guanaiense,0.2332,not synonym,sentence-transformers/all-MiniLM-L6-v2,0.7,0
Erinacea anthyllis,Lebeckia pulchella,0.3944,not synonym,sentence-transformers/all-MiniLM-L6-v2,0.7,0
Genista cupanii,Chorizema pubescens,0.2351,not synonym,sentence-transformers/all-MiniLM-L6-v2,0.7,0
Archidendron cordifolium,Zygia cordifolia,0.3725,not synonym,sentence-transformers/all-MiniLM-L6-v2,0.7,1
Calliandra umbellifera,Genista sphacelata,0.3751,not synonym,sentence-transformers/all-MiniLM-L6-v2,0.7,0
Acanthocladus santosii,Polygala santosii,0.6522,not synonym,sentence-transformers/all-MiniLM-L6-v2,0.7,1
Calobota linearifolia,Lebeckia linearifolia,0.5472,not synonym,sentence-transformers/all-MiniLM-L6-v2,0.7,1
Monnina macrocarpa,Machaerium violaceum,0.1914,not synonym,sentence-transformers/all-MiniLM-L6-v2,0.7,0
Erythrostemon melanadenius,Elsota volubilis,0.3579,not synonym,sentence-transformers/all-MiniLM-L6-v2,0.7,0
Lotus argyrodes,Peltophorum suringari,0.2849,not synonym,sentence-transformers/all-MiniLM-L6-v2,0.7,0
Ebenus cretica,Ebenidium creticum,0.7562,synonym,sentence-transformers/all-MiniLM-L6-v2,0.7,1
Flemingia strobilifera,Flemingia strobilifera,1.0,synonym,sentence-transformers/all-MiniLM-L6-v2,0.7,1
Securidaca ovalifolia,Securidaca fallax,0.6363,not synonym,sentence-transformers/all-MiniLM-L6-v2,0.7,1
Eleiotis sororia,Drymospartum aetnense,0.3039,not synonym,sentence-transformers/all-MiniLM-L6-v2,0.7,0
Monnina cuneata,Monnina retusa,0.756,synonym,sentence-transformers/all-MiniLM-L6-v2,0.7,1
Ebenus stellata,Deguelia koolgibberah,0.4592,not synonym,sentence-transformers/all-MiniLM-L6-v2,0.7,0
Ononis viscosa,Ononis viscosa,1.0,synonym,sentence-transformers/all-MiniLM-L6-v2,0.7,1
Nogra filicaulis,Hippocrepis bourgaei,0.253,not synonym,sentence-transformers/all-MiniLM-L6-v2,0.7,0
Gastrolobium parviflorum,Oxylobium parviflorum,0.7306,synonym,sentence-transformers/all-MiniLM-L6-v2,0.7,1
Calliandra fasciculata,Ononis arthropodia,0.2749,not synonym,sentence-transformers/all-MiniLM-L6-v2,0.7,0
Erythrostemon melanadenius,Caesalpinia melanadenia,0.5191,not synonym,sentence-transformers/all-MiniLM-L6-v2,0.7,1
Acacia hakeoides,Genista echinata,0.1186,not synonym,sentence-transformers/all-MiniLM-L6-v2,0.7,0
Errazurizia rotundata,Parryella rotundata,0.5372,not synonym,sentence-transformers/all-MiniLM-L6-v2,0.7,1
Chesneya intermedia,Cylindrokelupha annamensis,0.2707,not synonym,sentence-transformers/all-MiniLM-L6-v2,0.7,0
Dialium pentandrum,Ortholobium platyphyllum,0.3078,not synonym,sentence-transformers/all-MiniLM-L6-v2,0.7,0
Chesneya dshungarica,Chesneya dzhungarica,0.7788,synonym,sentence-transformers/all-MiniLM-L6-v2,0.7,1
Calobota cytisoides,Calobota pulchella,0.7609,synonym,sentence-transformers/all-MiniLM-L6-v2,0.7,1
Genista monspessulana,Teline monospessulana,0.3431,not synonym,sentence-transformers/all-MiniLM-L6-v2,0.7,1
Caamembeca oxyphylla,Polygala salicina,0.4633,not synonym,sentence-transformers/all-MiniLM-L6-v2,0.7,1
Flemingia fluminalis,Machaerium fruticetorum,0.3446,not synonym,sentence-transformers/all-MiniLM-L6-v2,0.7,0
Asemeia violacea,Polygala caripensis,0.2991,not synonym,sentence-transformers/all-MiniLM-L6-v2,0.7,1
Comesperma calymega,Drepanocarpus floridus,0.4316,not synonym,sentence-transformers/all-MiniLM-L6-v2,0.7,0
Ononis cristata,Ononis alpina,0.6371,not synonym,sentence-transformers/all-MiniLM-L6-v2,0.7,1
Flemingia sootepensis,Comesperma ramosissimum,0.2676,not synonym,sentence-transformers/all-MiniLM-L6-v2,0.7,0
Rhinotropis nudata,Securidaca cacuminis,0.402,not synonym,sentence-transformers/all-MiniLM-L6-v2,0.7,0
Chorizema aciculare,Toluifera peruifera,0.2172,not synonym,sentence-transformers/all-MiniLM-L6-v2,0.7,0
Lotus aegaeus,Lotus malatayicus,0.6891,not synonym,sentence-transformers/all-MiniLM-L6-v2,0.7,1
Calliandra taxifolia,Calliandra prostrata,0.6605,not synonym,sentence-transformers/all-MiniLM-L6-v2,0.7,1
Inga ruiziana,Acacia cuspidata,0.3341,not synonym,sentence-transformers/all-MiniLM-L6-v2,0.7,0
Acacia froggattii,Racosperma froggattii,0.4383,not synonym,sentence-transformers/all-MiniLM-L6-v2,0.7,1
Asterocytisus radidtus,Smithia welwitschii,0.2583,not synonym,sentence-transformers/all-MiniLM-L6-v2,0.7,0
Hippocrepis eriocarpa,Genista sachokiana,0.3256,not synonym,sentence-transformers/all-MiniLM-L6-v2,0.7,0
Millettia barteri,Phaseoloides hookerianum,0.1996,not synonym,sentence-transformers/all-MiniLM-L6-v2,0.7,0
Genista triquetra,Spartium triquetrum,0.4401,not synonym,sentence-transformers/all-MiniLM-L6-v2,0.7,1
Lotus hirsutus,Scottia browniana,0.1982,not synonym,sentence-transformers/all-MiniLM-L6-v2,0.7,0
Securidaca calophylla,Polygala vagans,0.4643,not synonym,sentence-transformers/all-MiniLM-L6-v2,0.7,0
Archidendron lucyi,Pithecellobium chrysocarpum,0.1373,not synonym,sentence-transformers/all-MiniLM-L6-v2,0.7,1
Inga obtusata,Feuilleea obtusata,0.5571,not synonym,sentence-transformers/all-MiniLM-L6-v2,0.7,1
Erythrostemon epifanioi,Callistachys tetragona,0.2435,not synonym,sentence-transformers/all-MiniLM-L6-v2,0.7,0
Hippocrepis ciliata,Hippocrepis multisiliquosa,0.6854,not synonym,sentence-transformers/all-MiniLM-L6-v2,0.7,1
Inga hispida,Inga ferrugineohirta,0.5649,not synonym,sentence-transformers/all-MiniLM-L6-v2,0.7,1
Bredemeyera disperma,Bredemeyera autranii,0.5593,not synonym,sentence-transformers/all-MiniLM-L6-v2,0.7,1
Echinospartum lusitanicum,Echinospartum barnadesii,0.6355,not synonym,sentence-transformers/all-MiniLM-L6-v2,0.7,1
Securidaca retusa,Securidaca retusa,1.0,synonym,sentence-transformers/all-MiniLM-L6-v2,0.7,1
Myroxylon balsamum,Toluifera balsamum,0.5754,not synonym,sentence-transformers/all-MiniLM-L6-v2,0.7,1
Muraltia stipulacea,Heisteria diffusa,0.4079,not synonym,sentence-transformers/all-MiniLM-L6-v2,0.7,1
Lotus hirsutus,Bonjeanea hirta,0.4396,not synonym,sentence-transformers/all-MiniLM-L6-v2,0.7,1
Gastrolobium vestitum,Nemcia vestita,0.4787,not synonym,sentence-transformers/all-MiniLM-L6-v2,0.7,1
Archidendron megaphyllum,Pithecellobium brassii,0.3122,not synonym,sentence-transformers/all-MiniLM-L6-v2,0.7,1
Polygala alpina,Inga panamensis,0.4125,not synonym,sentence-transformers/all-MiniLM-L6-v2,0.7,0
Polygala subandina,Polygala philippiana,0.8007,synonym,sentence-transformers/all-MiniLM-L6-v2,0.7,1
Hebecarpa obscura,Poincianella yucatanensis,0.1838,not synonym,sentence-transformers/all-MiniLM-L6-v2,0.7,0
Machaerium cirrhiferum,Poinciana lutea,0.2085,not synonym,sentence-transformers/all-MiniLM-L6-v2,0.7,0
Microcharis gyrata,Muraltia neglecta,0.2681,not synonym,sentence-transformers/all-MiniLM-L6-v2,0.7,0
Flemingia rollae,Pteromonnina macrocarpa,0.2794,not synonym,sentence-transformers/all-MiniLM-L6-v2,0.7,0
Lotus garcinii,Lotus stocksii,0.6759,not synonym,sentence-transformers/all-MiniLM-L6-v2,0.7,1
Polygala crotalarioides,Polygala capitata,0.605,not synonym,sentence-transformers/all-MiniLM-L6-v2,0.7,1
Millettia urophylloides,Nemcia ilicifolia,0.3741,not synonym,sentence-transformers/all-MiniLM-L6-v2,0.7,0
Muraltia satureioides,Heistera conferta,0.3276,not synonym,sentence-transformers/all-MiniLM-L6-v2,0.7,1
Genista suanica,Genista glaberrima,0.6736,not synonym,sentence-transformers/all-MiniLM-L6-v2,0.7,1
Carmichaelia juncea,Huttonella juncea,0.5136,not synonym,sentence-transformers/all-MiniLM-L6-v2,0.7,1
Lotus cruentus,Adenocarpus segonnei,0.3499,not synonym,sentence-transformers/all-MiniLM-L6-v2,0.7,0
Lotus jolyi,Calliandra affinis,0.3306,not synonym,sentence-transformers/all-MiniLM-L6-v2,0.7,0
Bossiaea dentata,Lotus armeniacus,0.4109,not synonym,sentence-transformers/all-MiniLM-L6-v2,0.7,0
Calliandra selloi,Phaseolodes coeruleum,0.1589,not synonym,sentence-transformers/all-MiniLM-L6-v2,0.7,0
Acanthocladus dichromus,Acanthocladus caracansis,0.7073,synonym,sentence-transformers/all-MiniLM-L6-v2,0.7,1
Muraltia leptorhiza,Heistera leptorhiza,0.6702,not synonym,sentence-transformers/all-MiniLM-L6-v2,0.7,1
Lotus jacobaeus,Lotus linearis,0.6542,not synonym,sentence-transformers/all-MiniLM-L6-v2,0.7,1
Muraltia calycina,Coronilla florida,0.3051,not synonym,sentence-transformers/all-MiniLM-L6-v2,0.7,0
Calliandra angustifolia,Calliandra angustifolia,1.0,synonym,sentence-transformers/all-MiniLM-L6-v2,0.7,1
Coulteria mollis,Calliandra amblyphylla,0.4602,not synonym,sentence-transformers/all-MiniLM-L6-v2,0.7,0
Chorizema ericoides,Chorizema ericoides,1.0,synonym,sentence-transformers/all-MiniLM-L6-v2,0.7,1
Erythrostemon placidus,Maughania semialata,0.2316,not synonym,sentence-transformers/all-MiniLM-L6-v2,0.7,0
Polygala gayii,Lupinus sylvestris,0.2931,not synonym,sentence-transformers/all-MiniLM-L6-v2,0.7,0
Calliandra rubescens,Calliandra papillosa,0.5275,not synonym,sentence-transformers/all-MiniLM-L6-v2,0.7,1
Machaerium hirtum,Machaerium acaciifolium,0.7022,synonym,sentence-transformers/all-MiniLM-L6-v2,0.7,1
Genista monspessulana,Xanthophyllum subglobosum,0.1492,not synonym,sentence-transformers/all-MiniLM-L6-v2,0.7,0
Inga densiflora,Flemingia macrophylla,0.1737,not synonym,sentence-transformers/all-MiniLM-L6-v2,0.7,0
Inga sapindoides,Cytisus bracteolatus,0.3278,not synonym,sentence-transformers/all-MiniLM-L6-v2,0.7,0
Archidendron bigeminum,Inga kaeringa,0.1369,not synonym,sentence-transformers/all-MiniLM-L6-v2,0.7,0
Inga lallensis,Muellera glaziovii,0.5022,not synonym,sentence-transformers/all-MiniLM-L6-v2,0.7,0
Rhamphopetalum microphyllum,Carmichaelia aligera,0.1501,not synonym,sentence-transformers/all-MiniLM-L6-v2,0.7,0
Xanthophyllum flavescens,Monnina excelsa,0.2288,not synonym,sentence-transformers/all-MiniLM-L6-v2,0.7,1
Amphicarpaea bracteata,Genista aprutia,0.3788,not synonym,sentence-transformers/all-MiniLM-L6-v2,0.7,0
Muraltia longicuspis,Comesperma roseum,0.2646,not synonym,sentence-transformers/all-MiniLM-L6-v2,0.7,0
Polygaloides paucifolia,Flemingia parvifolia,0.4692,not synonym,sentence-transformers/all-MiniLM-L6-v2,0.7,0
Lotus palustris,Inga contorta,0.2649,not synonym,sentence-transformers/all-MiniLM-L6-v2,0.7,0
Acacia auriculiformis,Racosperma auriculiforme,0.4367,not synonym,sentence-transformers/all-MiniLM-L6-v2,0.7,1
Xanthophyllum eurhynchum,Ononis spinescens,0.3142,not synonym,sentence-transformers/all-MiniLM-L6-v2,0.7,0
Genista januensis,Lovanafia mahafaliensis,0.2903,not synonym,sentence-transformers/all-MiniLM-L6-v2,0.7,0
Acacia cochlocarpa,Feuilleea squarrosa,0.2828,not synonym,sentence-transformers/all-MiniLM-L6-v2,0.7,0
Archidendron chevalieri,Lotus angustissmus,0.2951,not synonym,sentence-transformers/all-MiniLM-L6-v2,0.7,0
Securidaca longepedunculata,Moghania parviflora,0.3768,not synonym,sentence-transformers/all-MiniLM-L6-v2,0.7,0
Polygala timoutou,Ononis filicaulis,0.4252,not synonym,sentence-transformers/all-MiniLM-L6-v2,0.7,0
Securidaca divaricata,Mullaghera compressa,0.3614,not synonym,sentence-transformers/all-MiniLM-L6-v2,0.7,0
Glycine max,Phalseolus max,0.4339,not synonym,sentence-transformers/all-MiniLM-L6-v2,0.7,1
Genista patens,Mundulea densicoma,0.0441,not synonym,sentence-transformers/all-MiniLM-L6-v2,0.7,0
Calliandra squarrosa,Acacia squarrosa,0.5187,not synonym,sentence-transformers/all-MiniLM-L6-v2,0.7,1
Inga pilosula,Poinciana decaryi,0.4944,not synonym,sentence-transformers/all-MiniLM-L6-v2,0.7,0
Polygala ludwigiana,Millettia vermoesenii,0.3593,not synonym,sentence-transformers/all-MiniLM-L6-v2,0.7,0
Securidaca retusa,Phaseolus pitcheri,0.2957,not synonym,sentence-transformers/all-MiniLM-L6-v2,0.7,0
Hoffmannseggia drummondii,Hoffmannseggia texensis,0.7347,synonym,sentence-transformers/all-MiniLM-L6-v2,0.7,1
Errazurizia multifoliolata,Psoralea multifoliolata,0.5758,not synonym,sentence-transformers/all-MiniLM-L6-v2,0.7,1
Polygala fendleri,Telinaria stenopetala,0.302,not synonym,sentence-transformers/all-MiniLM-L6-v2,0.7,0
Hebecarpa americana,Phyllobotrys anglica,0.2688,not synonym,sentence-transformers/all-MiniLM-L6-v2,0.7,0
Dimorphandra macrostachya,Feuilleea foliolosa,0.3274,not synonym,sentence-transformers/all-MiniLM-L6-v2,0.7,0
Calliandra surinamensis,Polygala marajoara,0.3698,not synonym,sentence-transformers/all-MiniLM-L6-v2,0.7,0
Polygala serpentaria,Polygala serpentaria,1.0,synonym,sentence-transformers/all-MiniLM-L6-v2,0.7,1
Ancylotropis malmeana,Ononis picta,0.2159,not synonym,sentence-transformers/all-MiniLM-L6-v2,0.7,0
Diphysa carthagenensis,Caesalpinia aphylla,0.1675,not synonym,sentence-transformers/all-MiniLM-L6-v2,0.7,0
Hippocrepis emerus,Pylostachya arenicola,0.2081,not synonym,sentence-transformers/all-MiniLM-L6-v2,0.7,0
Ebenus argentea,Ebenus argentea,1.0,synonym,sentence-transformers/all-MiniLM-L6-v2,0.7,1
Genista germanica,Cytisus germanicus,0.5546,not synonym,sentence-transformers/all-MiniLM-L6-v2,0.7,1
Acacia incrassata,Racosperma incrassatum,0.3796,not synonym,sentence-transformers/all-MiniLM-L6-v2,0.7,1
Securidaca divaricata,Securidaca virgata,0.8333,synonym,sentence-transformers/all-MiniLM-L6-v2,0.7,1
Acacia ericksoniae,Racosperma ericksoniae,0.4221,not synonym,sentence-transformers/all-MiniLM-L6-v2,0.7,1
Nissolia bicallosa,Polygala hebantha,0.3558,not synonym,sentence-transformers/all-MiniLM-L6-v2,0.7,0
Lotus broussonetii,Dorycnium broussonetii,0.568,not synonym,sentence-transformers/all-MiniLM-L6-v2,0.7,1
Archidendron harmsii,Abarema harmsii,0.5398,not synonym,sentence-transformers/all-MiniLM-L6-v2,0.7,1
Genista anglica,Sophora genistoides,0.3383,not synonym,sentence-transformers/all-MiniLM-L6-v2,0.7,0
Ononis pubescens,Heistera macrocarpa,0.2614,not synonym,sentence-transformers/all-MiniLM-L6-v2,0.7,0
Mundulea chapelieri,Lebeckia multiflora,0.3121,not synonym,sentence-transformers/all-MiniLM-L6-v2,0.7,0
Chesneya vaginalis,Calophaca vaginalis,0.6864,not synonym,sentence-transformers/all-MiniLM-L6-v2,0.7,1
Carpolobia gossweileri,Atroxima gossweileri,0.6714,not synonym,sentence-transformers/all-MiniLM-L6-v2,0.7,1
Muraltia acipetala,Bionia tomentosa,0.3919,not synonym,sentence-transformers/all-MiniLM-L6-v2,0.7,0
Gastrolobium minus,Brachysema minor,0.2173,not synonym,sentence-transformers/all-MiniLM-L6-v2,0.7,1
Rhinotropis cornuta,Wiborgia amorphoides,0.2248,not synonym,sentence-transformers/all-MiniLM-L6-v2,0.7,0
Genista monspessulana,Teline candicans,0.3675,not synonym,sentence-transformers/all-MiniLM-L6-v2,0.7,1
Diphysa thurberi,Desmodium kingianum,0.2221,not synonym,sentence-transformers/all-MiniLM-L6-v2,0.7,0
Polygala major,Polygala magna,0.7426,synonym,sentence-transformers/all-MiniLM-L6-v2,0.7,1
Acacia manipularis,Polygala laevigata,0.3453,not synonym,sentence-transformers/all-MiniLM-L6-v2,0.7,0
Muraltia ericifolia,Pithecellobium inundabile,0.3037,not synonym,sentence-transformers/all-MiniLM-L6-v2,0.7,0
Monnina salicifolia,Polygala punctulata,0.3788,not synonym,sentence-transformers/all-MiniLM-L6-v2,0.7,1
Polygala patens,Muraltia laricifolia,0.3364,not synonym,sentence-transformers/all-MiniLM-L6-v2,0.7,0
Genista clavata,Genistella capitata,0.6447,not synonym,sentence-transformers/all-MiniLM-L6-v2,0.7,1
Flemingia fluminalis,Bionia nitens,0.3089,not synonym,sentence-transformers/all-MiniLM-L6-v2,0.7,0
Humularia apiculata,Salomonia canarana,0.4857,not synonym,sentence-transformers/all-MiniLM-L6-v2,0.7,0
Lotus lancerottensis,Senega tacianae,0.1677,not synonym,sentence-transformers/all-MiniLM-L6-v2,0.7,0
Polygala ericifolia,Polygala acerosa,0.7319,synonym,sentence-transformers/all-MiniLM-L6-v2,0.7,1
Erinacea anthyllis,Pteromonnina wrightii,0.4229,not synonym,sentence-transformers/all-MiniLM-L6-v2,0.7,0
Archidendron sessile,Archidendron vandersijdei,0.766,synonym,sentence-transformers/all-MiniLM-L6-v2,0.7,1
Apios carnea,Stiza erioloba,0.2678,not synonym,sentence-transformers/all-MiniLM-L6-v2,0.7,0
Chesneya gracilis,Polygala longifolia,0.3838,not synonym,sentence-transformers/all-MiniLM-L6-v2,0.7,0
Muraltia divaricata,Spartium multicaule,0.1778,not synonym,sentence-transformers/all-MiniLM-L6-v2,0.7,0
Millettia caerulea,Muraltia sprengelioides,0.2263,not synonym,sentence-transformers/all-MiniLM-L6-v2,0.7,0
Errazurizia megacarpa,Dalea megacarpa,0.4965,not synonym,sentence-transformers/all-MiniLM-L6-v2,0.7,1
Securidaca diversifolia,Securidaca schlechtendaliana,0.6808,not synonym,sentence-transformers/all-MiniLM-L6-v2,0.7,1
Genista dorycnifolia,Genista fasselata,0.5509,not synonym,sentence-transformers/all-MiniLM-L6-v2,0.7,1
Comesperma ericinum,Comesperma planifolium,0.6603,not synonym,sentence-transformers/all-MiniLM-L6-v2,0.7,1
Nissolia brasiliensis,Polygala bracteglandulosa,0.3332,not synonym,sentence-transformers/all-MiniLM-L6-v2,0.7,0
Lotus subbiflorus,Feuilleea ignota,0.2993,not synonym,sentence-transformers/all-MiniLM-L6-v2,0.7,0
Camptosema rubicundum,Dioclea glyciniodes,0.2636,not synonym,sentence-transformers/all-MiniLM-L6-v2,0.7,1
Ononis arvensis,Comesperma parviflorum,0.3389,not synonym,sentence-transformers/all-MiniLM-L6-v2,0.7,0
Lotus parviflorus,Albizia vaillantii,0.2602,not synonym,sentence-transformers/all-MiniLM-L6-v2,0.7,0
Muraltia ericoides,Heistera metalasiifolia,0.3275,not synonym,sentence-transformers/all-MiniLM-L6-v2,0.7,0
Inga pilosula,Mimosa quassiaefolia,0.4694,not synonym,sentence-transformers/all-MiniLM-L6-v2,0.7,1
Bredemeyera myrtifolia,Lotus degenii,0.4392,not synonym,sentence-transformers/all-MiniLM-L6-v2,0.7,0
Inga longiflora,Myrospermum robiniifolium,0.274,not synonym,sentence-transformers/all-MiniLM-L6-v2,0.7,0
Brachypterum scandens,Machaerium campylocarpum,0.3198,not synonym,sentence-transformers/all-MiniLM-L6-v2,0.7,0
Calliandra hymenaeoides,Mundtia tabularis,0.3405,not synonym,sentence-transformers/all-MiniLM-L6-v2,0.7,0
Gastrolobium acutum,Oxylobium acutum,0.666,not synonym,sentence-transformers/all-MiniLM-L6-v2,0.7,1
Genista sagittalis,Racosperma johannis,0.1755,not synonym,sentence-transformers/all-MiniLM-L6-v2,0.7,0
Archidendron sessile,Pithecellobium sessile,0.2252,not synonym,sentence-transformers/all-MiniLM-L6-v2,0.7,1
Gastrolobium callistachys,Muraltia stipulacea,0.3434,not synonym,sentence-transformers/all-MiniLM-L6-v2,0.7,0
Bossiaea cinerea,Bossiaea coccinea,0.8222,synonym,sentence-transformers/all-MiniLM-L6-v2,0.7,1
Muraltia macroceras,Podalyria nana,0.3434,not synonym,sentence-transformers/all-MiniLM-L6-v2,0.7,0
Muraltia depressa,Heisteria depressa,0.5243,not synonym,sentence-transformers/all-MiniLM-L6-v2,0.7,1
Caamembeca salicifolia,Calliandra sodiroi,0.331,not synonym,sentence-transformers/all-MiniLM-L6-v2,0.7,0
Flemingia fluminalis,Geissaspis cavaleriei,0.4275,not synonym,sentence-transformers/all-MiniLM-L6-v2,0.7,1
Genista hispanica,Ononis ludovicii,0.1552,not synonym,sentence-transformers/all-MiniLM-L6-v2,0.7,0
Echinospartum lusitanicum,Sigmoidotropis spixiana,0.33,not synonym,sentence-transformers/all-MiniLM-L6-v2,0.7,0
Gymnospora violoides,Telinaria sagittalis,0.1198,not synonym,sentence-transformers/all-MiniLM-L6-v2,0.7,0
Rhinotropis rusbyi,Polygala rusbyi,0.5407,not synonym,sentence-transformers/all-MiniLM-L6-v2,0.7,1
Lupinus soukupianus,Phaseolus clitorioides,0.2891,not synonym,sentence-transformers/all-MiniLM-L6-v2,0.7,0
Acacia mabellae,Bredemeyera flava,0.387,not synonym,sentence-transformers/all-MiniLM-L6-v2,0.7,0
Aphanocalyx hedinii,Hippocrepis alpestris,0.2517,not synonym,sentence-transformers/all-MiniLM-L6-v2,0.7,0
Microcharis brevistaminea,Indigofera brevistaminea,0.6076,not synonym,sentence-transformers/all-MiniLM-L6-v2,0.7,1
Pedrosia bertholetii,Muraltia setosa,0.4087,not synonym,sentence-transformers/all-MiniLM-L6-v2,0.7,0
Comesperma defoliatum,Caesalpinia gilliesii,0.2834,not synonym,sentence-transformers/all-MiniLM-L6-v2,0.7,0
Archidendron kinubaluense,Abarema kinubaluensis,0.4356,not synonym,sentence-transformers/all-MiniLM-L6-v2,0.7,1
Hoffmannseggia pumilio,Acacia micracantha,0.2261,not synonym,sentence-transformers/all-MiniLM-L6-v2,0.7,0
Lotus germanicus,Dorycnium germanicum,0.5783,not synonym,sentence-transformers/all-MiniLM-L6-v2,0.7,1
Cyclopia latifolia,Albizia tozeri,0.3475,not synonym,sentence-transformers/all-MiniLM-L6-v2,0.7,0
Monnina polystachya,Monnina patula,0.718,synonym,sentence-transformers/all-MiniLM-L6-v2,0.7,1
Genista stenopetala,Quinata violacea,0.3674,not synonym,sentence-transformers/all-MiniLM-L6-v2,0.7,0
Machaerium oblongifolium,Tetragonolobus pseudopurpureus,0.3397,not synonym,sentence-transformers/all-MiniLM-L6-v2,0.7,0
Genista lydia,Corniola pontica,0.1945,not synonym,sentence-transformers/all-MiniLM-L6-v2,0.7,1
Muraltia macrocarpa,Heisteria macrocarpa,0.588,not synonym,sentence-transformers/all-MiniLM-L6-v2,0.7,1
Archidendron calycinum,Pithecellobium calycinum,0.5584,not synonym,sentence-transformers/all-MiniLM-L6-v2,0.7,1
Adenopodia scelerata,Pseudoentada scelerata,0.5218,not synonym,sentence-transformers/all-MiniLM-L6-v2,0.7,1
Brya ebenus,Genista jordanii,0.2684,not synonym,sentence-transformers/all-MiniLM-L6-v2,0.7,0
Calliandra harrisii,Clelia ornata,0.4274,not synonym,sentence-transformers/all-MiniLM-L6-v2,0.7,1
Acacia inamabilis,Lotus anthylloides,0.3618,not synonym,sentence-transformers/all-MiniLM-L6-v2,0.7,0
Acacia ixiophylla,Racosperma ixiophyllum,0.4456,not synonym,sentence-transformers/all-MiniLM-L6-v2,0.7,1
Millettia dubia,Securidaca obcordata,0.2855,not synonym,sentence-transformers/all-MiniLM-L6-v2,0.7,0
Erythrostemon caudatus,Pteromonnina amarella,0.3103,not synonym,sentence-transformers/all-MiniLM-L6-v2,0.7,0
Dialium dinklagei,Lotus friesiorum,0.308,not synonym,sentence-transformers/all-MiniLM-L6-v2,0.7,0
Inga insignis,Inga ornifolia,0.5075,not synonym,sentence-transformers/all-MiniLM-L6-v2,0.7,1
Archidendron jiringa,Inga lobata,0.3069,not synonym,sentence-transformers/all-MiniLM-L6-v2,0.7,1
Muraltia mixta,Heistera mixta,0.6547,not synonym,sentence-transformers/all-MiniLM-L6-v2,0.7,1
Muraltia ericifolia,Muraltia sprengelioides,0.6515,not synonym,sentence-transformers/all-MiniLM-L6-v2,0.7,1
Polygala amboniensis,Lotus oligoceratos,0.4527,not synonym,sentence-transformers/all-MiniLM-L6-v2,0.7,0
Brachypterum robustum,Phaseolus pascuorum,0.2621,not synonym,sentence-transformers/all-MiniLM-L6-v2,0.7,0
Machaerium hirtum,Machaerium angustifolium,0.7498,synonym,sentence-transformers/all-MiniLM-L6-v2,0.7,1
Archidendron occultatum,Monnina cordata,0.1571,not synonym,sentence-transformers/all-MiniLM-L6-v2,0.7,0
Hoffmannseggia oxycarpa,Larrea oxycarpa,0.6065,not synonym,sentence-transformers/all-MiniLM-L6-v2,0.7,1
Humularia ciliatodenticulata,Geissaspis ciliatodenticulata,0.6241,not synonym,sentence-transformers/all-MiniLM-L6-v2,0.7,1
Polygaloides munbyana,Polygala munbyana,0.8558,synonym,sentence-transformers/all-MiniLM-L6-v2,0.7,1
Rhinotropis minutifolia,Polygala minutifolia,0.619,not synonym,sentence-transformers/all-MiniLM-L6-v2,0.7,1
Lotus broussonetii,Colutea wolgarica,0.238,not synonym,sentence-transformers/all-MiniLM-L6-v2,0.7,0
Amphicarpaea bracteata,Glycine monoica,0.3584,not synonym,sentence-transformers/all-MiniLM-L6-v2,0.7,1
Acacia prominens,Acacia cephalobotrya,0.7469,synonym,sentence-transformers/all-MiniLM-L6-v2,0.7,1
Carmichaelia odorata,Carmichaelia divaricata,0.8287,synonym,sentence-transformers/all-MiniLM-L6-v2,0.7,1
Gilbertiodendron grandiflorum,Inga mollissima,0.2656,not synonym,sentence-transformers/all-MiniLM-L6-v2,0.7,0
Calliandra falcata,Calliandra serjanoides,0.6341,not synonym,sentence-transformers/all-MiniLM-L6-v2,0.7,1
Inga sapindoides,Inga grandifolia,0.641,not synonym,sentence-transformers/all-MiniLM-L6-v2,0.7,1
Inga lallensis,Polygala variabilis,0.343,not synonym,sentence-transformers/all-MiniLM-L6-v2,0.7,0
Polygaloides chamaebuxus,Feuilleea selloana,0.2478,not synonym,sentence-transformers/all-MiniLM-L6-v2,0.7,0
Genista aspalathoides,Cytisus aspalathoides,0.6363,not synonym,sentence-transformers/all-MiniLM-L6-v2,0.7,1
Calobota linearifolia,Acanthobotrya linearifolia,0.572,not synonym,sentence-transformers/all-MiniLM-L6-v2,0.7,1
Inga ruiziana,Polygala obscura,0.3424,not synonym,sentence-transformers/all-MiniLM-L6-v2,0.7,0
Dalhousiea bracteata,Falcata comosa,0.496,not synonym,sentence-transformers/all-MiniLM-L6-v2,0.7,0
Polygaloides chamaebuxus,Maughania chappar,0.2438,not synonym,sentence-transformers/all-MiniLM-L6-v2,0.7,0
Calliandra tehuantepecensis,Guinetia tehuantepecensis,0.6944,not synonym,sentence-transformers/all-MiniLM-L6-v2,0.7,1
Polygala wettsteinii,Senega wettsteinii,0.6293,not synonym,sentence-transformers/all-MiniLM-L6-v2,0.7,1
Dahlstedtia araripensis,Lonchocarpus araripensis,0.6026,not synonym,sentence-transformers/all-MiniLM-L6-v2,0.7,1
Millettia glaucescens,Feuilleea hispida,0.2723,not synonym,sentence-transformers/all-MiniLM-L6-v2,0.7,0
Quillaja brasiliensis,Fontenellea brasiliensis,0.6497,not synonym,sentence-transformers/all-MiniLM-L6-v2,0.7,1
Archidendron bubalinum,Heisteria pubescens,0.2863,not synonym,sentence-transformers/all-MiniLM-L6-v2,0.7,0
Calliandra parvifolia,Ononis krausei,0.1692,not synonym,sentence-transformers/all-MiniLM-L6-v2,0.7,0
Archidendron bellum,Teline hillebrandii,0.3797,not synonym,sentence-transformers/all-MiniLM-L6-v2,0.7,0
Dimorphandra gardneriana,Dimorphandra biretusa,0.8339,synonym,sentence-transformers/all-MiniLM-L6-v2,0.7,1
Inga ornata,Inga vallensis,0.5235,not synonym,sentence-transformers/all-MiniLM-L6-v2,0.7,1
Ononis dentata,Polygala petalantha,0.3951,not synonym,sentence-transformers/all-MiniLM-L6-v2,0.7,0
Comesperma virgatum,Feuilleea lanata,0.2382,not synonym,sentence-transformers/all-MiniLM-L6-v2,0.7,0
Inga sapindoides,Feuilleea sapinoides,0.5419,not synonym,sentence-transformers/all-MiniLM-L6-v2,0.7,1
Lotus jordanii,Dorycnium jordanii,0.577,not synonym,sentence-transformers/all-MiniLM-L6-v2,0.7,1
Nissolia bracteosa,Bonjeanea cinerascens,0.4093,not synonym,sentence-transformers/all-MiniLM-L6-v2,0.7,0
Lupinus fulcratus,Lupinus finitus,0.8187,synonym,sentence-transformers/all-MiniLM-L6-v2,0.7,1
Flemingia vestita,Elsota rufescens,0.3218,not synonym,sentence-transformers/all-MiniLM-L6-v2,0.7,0
Acacia papulosa,Lupinus dedeckerae,0.2113,not synonym,sentence-transformers/all-MiniLM-L6-v2,0.7,0
Millettia lenneoides,Glycine elliptica,0.4115,not synonym,sentence-transformers/all-MiniLM-L6-v2,0.7,0
Polygala abreui,Lotus conjugatus,0.3452,not synonym,sentence-transformers/all-MiniLM-L6-v2,0.7,0
Microcharis butayei,Indigofera medicaginea,0.3419,not synonym,sentence-transformers/all-MiniLM-L6-v2,0.7,1
Acacia ixiophylla,Calliandra myriophylla,0.4141,not synonym,sentence-transformers/all-MiniLM-L6-v2,0.7,0
Chesneya rytidosperma,Comesperma tortuosum,0.4178,not synonym,sentence-transformers/all-MiniLM-L6-v2,0.7,0
Acacia concurrens,Hanslia adhaerens,0.2746,not synonym,sentence-transformers/all-MiniLM-L6-v2,0.7,0
Muraltia striata,Heistera striata,0.6592,not synonym,sentence-transformers/all-MiniLM-L6-v2,0.7,1
Gastrolobium dilatatum,Oxylobium dilatatum,0.6955,not synonym,sentence-transformers/all-MiniLM-L6-v2,0.7,1
Inga pilosula,Monnina roraimae,0.4513,not synonym,sentence-transformers/all-MiniLM-L6-v2,0.7,0
Hoffmannseggia drummondii,Xanthophyllum molle,0.4337,not synonym,sentence-transformers/all-MiniLM-L6-v2,0.7,0
Inga pilosula,Mimosa nitida,0.5671,not synonym,sentence-transformers/all-MiniLM-L6-v2,0.7,1
Glycine clandestina,Kennedia microphylla,0.3581,not synonym,sentence-transformers/all-MiniLM-L6-v2,0.7,1
Daniellia ogea,Genista pontica,0.4303,not synonym,sentence-transformers/all-MiniLM-L6-v2,0.7,0
Gastrolobium celsianum,Brachysema celsianum,0.6137,not synonym,sentence-transformers/all-MiniLM-L6-v2,0.7,1
Muraltia ericifolia,Heisteria ericifolia,0.6612,not synonym,sentence-transformers/all-MiniLM-L6-v2,0.7,1
Genista micrantha,Genista parviflora,0.7165,synonym,sentence-transformers/all-MiniLM-L6-v2,0.7,1
Calliandra taxifolia,Feuilleea taxifolia,0.6854,not synonym,sentence-transformers/all-MiniLM-L6-v2,0.7,1
Gastrolobium nervosum,Inga verrucosa,0.307,not synonym,sentence-transformers/all-MiniLM-L6-v2,0.7,0
Machaerium isadelphum,Inga vouapifolia,0.1287,not synonym,sentence-transformers/all-MiniLM-L6-v2,0.7,0
Genista osmariensis,Berlinia gilletii,0.3427,not synonym,sentence-transformers/all-MiniLM-L6-v2,0.7,0
Archidendron microcarpum,Pithecellobium microcarpum,0.5216,not synonym,sentence-transformers/all-MiniLM-L6-v2,0.7,1
Xanthophyllum vitellinum,Jakkia longifolia,0.3342,not synonym,sentence-transformers/all-MiniLM-L6-v2,0.7,1
Gastrolobium rigidum,Polygala martiana,0.2822,not synonym,sentence-transformers/all-MiniLM-L6-v2,0.7,0
Flemingia vestita,Maughania vestita,0.6773,not synonym,sentence-transformers/all-MiniLM-L6-v2,0.7,1
Lotus divaricatus,Lotus macrotrichus,0.7722,synonym,sentence-transformers/all-MiniLM-L6-v2,0.7,1
Archidendron forbesii,Pithecellobium forbesii,0.4791,not synonym,sentence-transformers/all-MiniLM-L6-v2,0.7,1
Lotus tenellus,Pedrosia tenella,0.4434,not synonym,sentence-transformers/all-MiniLM-L6-v2,0.7,1
Betencourtia scarlatina,Shuteria anomala,0.425,not synonym,sentence-transformers/all-MiniLM-L6-v2,0.7,0
Genista triquetra,Telinaria triquetra,0.5756,not synonym,sentence-transformers/all-MiniLM-L6-v2,0.7,1
Chorizema cordatum,Pteromonnina herbacea,0.2438,not synonym,sentence-transformers/all-MiniLM-L6-v2,0.7,0
Millettia sericea,Robinia dubia,0.3324,not synonym,sentence-transformers/all-MiniLM-L6-v2,0.7,1
Flemingia nilgiriensis,Aspalathus dorycnium,0.3561,not synonym,sentence-transformers/all-MiniLM-L6-v2,0.7,0
Calliandra foliolosa,Heistera laxa,0.3251,not synonym,sentence-transformers/all-MiniLM-L6-v2,0.7,0
Calobota elongata,Brachysema sericeum,0.3396,not synonym,sentence-transformers/all-MiniLM-L6-v2,0.7,0
Muraltia carnosa,Muraltia carnosa,1.0,synonym,sentence-transformers/all-MiniLM-L6-v2,0.7,1
Lotus dorycnium,Genista candicans,0.0423,not synonym,sentence-transformers/all-MiniLM-L6-v2,0.7,0
Flemingia nilgheriensis,Flemingia procumbens,0.6543,not synonym,sentence-transformers/all-MiniLM-L6-v2,0.7,1
Muraltia divaricata,Muraltia ericifolia,0.6602,not synonym,sentence-transformers/all-MiniLM-L6-v2,0.7,1
Ononis polyphylla,Polygala glandulosa,0.5115,not synonym,sentence-transformers/all-MiniLM-L6-v2,0.7,0
Flemingia fluminalis,Tetrapleura obtusangula,0.2766,not synonym,sentence-transformers/all-MiniLM-L6-v2,0.7,0
Archidendron aruense,Tetragonolobus prostratus,0.2795,not synonym,sentence-transformers/all-MiniLM-L6-v2,0.7,0
Muraltia longicuspis,Heisteria ericifolia,0.354,not synonym,sentence-transformers/all-MiniLM-L6-v2,0.7,0
Genista albida,Feuilleea leptopoda,0.2748,not synonym,sentence-transformers/all-MiniLM-L6-v2,0.7,0
Asemeia grandiflora,Glycine dalbergioides,0.2779,not synonym,sentence-transformers/all-MiniLM-L6-v2,0.7,0
Humularia chevalieri,Polygala munbyana,0.3787,not synonym,sentence-transformers/all-MiniLM-L6-v2,0.7,0
Cyclopia subternata,Nissolia fruticosa,0.322,not synonym,sentence-transformers/all-MiniLM-L6-v2,0.7,0
Bouffordia dichotoma,Desmodium quinquangulatum,0.2909,not synonym,sentence-transformers/all-MiniLM-L6-v2,0.7,1
Lupinus andinus,Inga fagifolia,0.2139,not synonym,sentence-transformers/all-MiniLM-L6-v2,0.7,0
Gastrolobium dorrienii,Oxylobium dorrienii,0.6748,not synonym,sentence-transformers/all-MiniLM-L6-v2,0.7,1
Archidendron grandiflorum,Albizia tozeri,0.1413,not synonym,sentence-transformers/all-MiniLM-L6-v2,0.7,1
Inga sapindoides,Eysenhardtia angustifolia,0.3624,not synonym,sentence-transformers/all-MiniLM-L6-v2,0.7,0
Inga pezizifera,Inga subsericantha,0.4772,not synonym,sentence-transformers/all-MiniLM-L6-v2,0.7,1
Candolleodendron brachystachyum,Swartzia branchystachya,0.2114,not synonym,sentence-transformers/all-MiniLM-L6-v2,0.7,1
Calliandra tweediei,Mimosa yaguaronensis,0.1343,not synonym,sentence-transformers/all-MiniLM-L6-v2,0.7,1
Lotus subbiflorus,Polygala humilis,0.3669,not synonym,sentence-transformers/all-MiniLM-L6-v2,0.7,0
Genista ephedroides,Machaerium trujillense,0.1955,not synonym,sentence-transformers/all-MiniLM-L6-v2,0.7,0
Polygala ericifolia,Glycine tomentaella,0.218,not synonym,sentence-transformers/all-MiniLM-L6-v2,0.7,0
Brachypterum submontanum,Machaerium myrianthum,0.3492,not synonym,sentence-transformers/all-MiniLM-L6-v2,0.7,0
Archidendron kunstleri,Derris koolgibberah,0.1463,not synonym,sentence-transformers/all-MiniLM-L6-v2,0.7,0
Heterostemon conjugatus,Heterostemon conjugatus,1.0,synonym,sentence-transformers/all-MiniLM-L6-v2,0.7,1
Caamembeca salicifolia,Polygala sinuata,0.3355,not synonym,sentence-transformers/all-MiniLM-L6-v2,0.7,1
Monnina richardiana,Psoralea orbicularis,0.3422,not synonym,sentence-transformers/all-MiniLM-L6-v2,0.7,0
Acacia obtecta,Carmichaelia ovata,0.4175,not synonym,sentence-transformers/all-MiniLM-L6-v2,0.7,0
Adenopodia patens,Shuteria bracteosa,0.2164,not synonym,sentence-transformers/all-MiniLM-L6-v2,0.7,0
Berlinia grandiflora,Archidendron glabrifolium,0.1623,not synonym,sentence-transformers/all-MiniLM-L6-v2,0.7,0
Padbruggea filipes,Ononis kotschyana,0.2509,not synonym,sentence-transformers/all-MiniLM-L6-v2,0.7,0
Monnina latifolia,Hebeandra latifolia,0.6309,not synonym,sentence-transformers/all-MiniLM-L6-v2,0.7,1
Inga sapindoides,Inga purpusii,0.6234,not synonym,sentence-transformers/all-MiniLM-L6-v2,0.7,1
Inga pezizifera,Anonis variegata,0.2889,not synonym,sentence-transformers/all-MiniLM-L6-v2,0.7,0
Acacia genistifolia,Acacia diffusa,0.741,synonym,sentence-transformers/all-MiniLM-L6-v2,0.7,1
Calliandra purpurea,Anneslea purpurea,0.6362,not synonym,sentence-transformers/all-MiniLM-L6-v2,0.7,1
Lotus jacobaeus,Paraberlinia bifoliolata,0.3842,not synonym,sentence-transformers/all-MiniLM-L6-v2,0.7,0
Muraltia cliffortiafolia,Heistera cliffortiafolia,0.7302,synonym,sentence-transformers/all-MiniLM-L6-v2,0.7,1
Securidaca tenuifolia,Elsota chrysotricha,0.3574,not synonym,sentence-transformers/all-MiniLM-L6-v2,0.7,1
Calliandra glyphoxylon,Dimorphandra mora,0.1443,not synonym,sentence-transformers/all-MiniLM-L6-v2,0.7,0
Millettia xylocarpa,Phaseolodes xylocarpum,0.5863,not synonym,sentence-transformers/all-MiniLM-L6-v2,0.7,1
Monnina mollis,Monnina mollis,1.0,synonym,sentence-transformers/all-MiniLM-L6-v2,0.7,1
Muraltia filiformis,Heisteria filiformis,0.5517,not synonym,sentence-transformers/all-MiniLM-L6-v2,0.7,1
Genista ferox,Acacia havilandi,0.0935,not synonym,sentence-transformers/all-MiniLM-L6-v2,0.7,0
Hebecarpa barbeyana,Panciatica purpurea,0.3281,not synonym,sentence-transformers/all-MiniLM-L6-v2,0.7,0
Eutaxia myrtifolia,Dillwynia obovata,0.2537,not synonym,sentence-transformers/all-MiniLM-L6-v2,0.7,1
Securidaca lanceolata,Polygala scandens,0.2393,not synonym,sentence-transformers/all-MiniLM-L6-v2,0.7,1
Calobota elongata,Lebeckia melilotoides,0.3562,not synonym,sentence-transformers/all-MiniLM-L6-v2,0.7,1
Chesneya macrantha,Spongiocarpella spinosa,0.3966,not synonym,sentence-transformers/all-MiniLM-L6-v2,0.7,1
Lotus dorycnium,Miediega suffruticosa,0.1854,not synonym,sentence-transformers/all-MiniLM-L6-v2,0.7,1
Badiera oblongata,Polygala opima,0.3694,not synonym,sentence-transformers/all-MiniLM-L6-v2,0.7,0
Genista albida,Astragalus crassicaulis,0.1777,not synonym,sentence-transformers/all-MiniLM-L6-v2,0.7,0
Monnina xalapensis,Pongamia dehiscens,0.305,not synonym,sentence-transformers/all-MiniLM-L6-v2,0.7,0
Cyclopia galioides,Neodunnia edentata,0.2859,not synonym,sentence-transformers/all-MiniLM-L6-v2,0.7,0
Dysolobium pilosum,Dolichovigna pilosa,0.3979,not synonym,sentence-transformers/all-MiniLM-L6-v2,0.7,1
Polygala fendleri,Gastrolobium preissii,0.3594,not synonym,sentence-transformers/all-MiniLM-L6-v2,0.7,0
Polygala paludicola,Dialium fleuryi,0.3729,not synonym,sentence-transformers/all-MiniLM-L6-v2,0.7,0
Bossiaea rupicola,Bossiaea rupicola,1.0,synonym,sentence-transformers/all-MiniLM-L6-v2,0.7,1
Muraltia cliffortiifolia,Calliandra glaberrima,0.3538,not synonym,sentence-transformers/all-MiniLM-L6-v2,0.7,0
Mora excelsa,Hoffmannseggia chinensis,0.1676,not synonym,sentence-transformers/all-MiniLM-L6-v2,0.7,0
Calliandra viscidula,Ononis spinosiformis,0.2875,not synonym,sentence-transformers/all-MiniLM-L6-v2,0.7,0
Inga insignis,Chorizema heterophyllum,0.0486,not synonym,sentence-transformers/all-MiniLM-L6-v2,0.7,0
Ancistrotropis peduncularis,Vigna peduncularis,0.5949,not synonym,sentence-transformers/all-MiniLM-L6-v2,0.7,1
Calliandra squarrosa,Heisteria pappeana,0.3874,not synonym,sentence-transformers/all-MiniLM-L6-v2,0.7,0
Securidaca trianae,Machaerium bolivianum,0.3088,not synonym,sentence-transformers/all-MiniLM-L6-v2,0.7,0
Millettia elskensii,Millettia yangambiensis,0.6557,not synonym,sentence-transformers/all-MiniLM-L6-v2,0.7,1
Genista monspessulana,Indigofera kucharii,0.3053,not synonym,sentence-transformers/all-MiniLM-L6-v2,0.7,0
Archidendron clypearia,Inga campanulata,0.1744,not synonym,sentence-transformers/all-MiniLM-L6-v2,0.7,0
Calobota sericea,Calobota decipiens,0.743,synonym,sentence-transformers/all-MiniLM-L6-v2,0.7,1
Polygala ludwigiana,Maughania tomentosa,0.3288,not synonym,sentence-transformers/all-MiniLM-L6-v2,0.7,0
Lotus peregrinus,Lotus carmeli,0.6558,not synonym,sentence-transformers/all-MiniLM-L6-v2,0.7,1
Lotus angustissimus,Comesperma laurifolium,0.2761,not synonym,sentence-transformers/all-MiniLM-L6-v2,0.7,0
Acacia multisiliqua,Racosperma multisiliquum,0.3381,not synonym,sentence-transformers/all-MiniLM-L6-v2,0.7,1
Humularia corbisieri,Geissaspis kapandensis,0.3408,not synonym,sentence-transformers/all-MiniLM-L6-v2,0.7,1
Genista canariensis,Inga cyclocarpa,0.2365,not synonym,sentence-transformers/all-MiniLM-L6-v2,0.7,0
Lupinus chamissonis,Lupinus littoralis,0.7628,synonym,sentence-transformers/all-MiniLM-L6-v2,0.7,1
Acacia gilbertii,Racosperma gilbertii,0.4086,not synonym,sentence-transformers/all-MiniLM-L6-v2,0.7,1
Glycine canescens,Mundtia heterophylla,0.1668,not synonym,sentence-transformers/all-MiniLM-L6-v2,0.7,0
Securidaca divaricata,Monopetalanthus pectinatus,0.2546,not synonym,sentence-transformers/all-MiniLM-L6-v2,0.7,0
Millettia zechiana,Millettia ivorensis,0.6807,not synonym,sentence-transformers/all-MiniLM-L6-v2,0.7,1
Chorizema lowii,Racosperma consobrinum,0.4418,not synonym,sentence-transformers/all-MiniLM-L6-v2,0.7,0
Eleiotis rottleri,Phaseolus max,0.2326,not synonym,sentence-transformers/all-MiniLM-L6-v2,0.7,0
Kotschya aeschynomenoides,Smithia aeschynomenoides,0.6185,not synonym,sentence-transformers/all-MiniLM-L6-v2,0.7,1
Eysenhardtia polystachya,Wiborgia polystachya,0.558,not synonym,sentence-transformers/all-MiniLM-L6-v2,0.7,1
Ononis arvensis,Lonchocarpus peckoltii,0.3647,not synonym,sentence-transformers/all-MiniLM-L6-v2,0.7,0
Millettia grandis,Phaseoloides grande,0.335,not synonym,sentence-transformers/all-MiniLM-L6-v2,0.7,1
Muraltia squarrosa,Brasilettia pringlei,0.3814,not synonym,sentence-transformers/all-MiniLM-L6-v2,0.7,0
Lotus berthelotii,Ononis semihircina,0.3747,not synonym,sentence-transformers/all-MiniLM-L6-v2,0.7,0
Calobota cuspidosa,Chaetocalyx nigricans,0.4425,not synonym,sentence-transformers/all-MiniLM-L6-v2,0.7,0
Millettia xylocarpa,Millettia dehiscens,0.6295,not synonym,sentence-transformers/all-MiniLM-L6-v2,0.7,1
Amphicarpaea bracteata,Caesalpinia coccinea,0.4135,not synonym,sentence-transformers/all-MiniLM-L6-v2,0.7,0
Asemeia hirsuta,Polygala hirsuta,0.5502,not synonym,sentence-transformers/all-MiniLM-L6-v2,0.7,1
Archidendron bauchei,Feuilleea haematocephala,0.0724,not synonym,sentence-transformers/all-MiniLM-L6-v2,0.7,0
Hebecarpa obscura,Polygala puberula,0.2922,not synonym,sentence-transformers/all-MiniLM-L6-v2,0.7,1
Flemingia teysmanniana,Aotus drummondii,0.3077,not synonym,sentence-transformers/all-MiniLM-L6-v2,0.7,0
Acacia anomala,Racosperma anomalum,0.2909,not synonym,sentence-transformers/all-MiniLM-L6-v2,0.7,1
Chorizema dicksonii,Larrea gracilis,0.2362,not synonym,sentence-transformers/all-MiniLM-L6-v2,0.7,0
Lotus maritimus,Tetragonolobus prostratus,0.2665,not synonym,sentence-transformers/all-MiniLM-L6-v2,0.7,1
Erythrostemon gilliesii,Calliandra matudai,0.1638,not synonym,sentence-transformers/all-MiniLM-L6-v2,0.7,0
Caamembeca salicifolia,Polygala oxyphylla,0.28,not synonym,sentence-transformers/all-MiniLM-L6-v2,0.7,1
Gastrolobium dilatatum,Muraltia ciliaris,0.2891,not synonym,sentence-transformers/all-MiniLM-L6-v2,0.7,0
Erythrostemon gilliesii,Caesalpinia gilliesii,0.6259,not synonym,sentence-transformers/all-MiniLM-L6-v2,0.7,1
Archidendron occultatum,Calliandra chamaedrys,0.1592,not synonym,sentence-transformers/all-MiniLM-L6-v2,0.7,0
Monnina fastigiata,Monnina fastigiata,1.0,synonym,sentence-transformers/all-MiniLM-L6-v2,0.7,1
Glycine tomentella,Glycine tomentosa,0.9042,synonym,sentence-transformers/all-MiniLM-L6-v2,0.7,1
Calliandra tweedii,Anneslia tweedyi,0.6467,not synonym,sentence-transformers/all-MiniLM-L6-v2,0.7,1
Muraltia alopecuroides,Heistera candollei,0.1907,not synonym,sentence-transformers/all-MiniLM-L6-v2,0.7,1
Polygala japonica,Poincianella phyllanthoides,0.3536,not synonym,sentence-transformers/all-MiniLM-L6-v2,0.7,0
Acacia ingramii,Heistera leptorhiza,0.2196,not synonym,sentence-transformers/all-MiniLM-L6-v2,0.7,0
Inga multicaulis,Lobomon obtusifolium,0.2601,not synonym,sentence-transformers/all-MiniLM-L6-v2,0.7,0
Dialium angolense,Dialium angolense,1.0,synonym,sentence-transformers/all-MiniLM-L6-v2,0.7,1
Ebenus pinnata,Carmichaelia grandiflora,0.2812,not synonym,sentence-transformers/all-MiniLM-L6-v2,0.7,0
Gilbertiodendron ivorense,Westia paniculata,0.3201,not synonym,sentence-transformers/all-MiniLM-L6-v2,0.7,0
Lupinus angustifolius,Lupinus semiverticillatus,0.6854,not synonym,sentence-transformers/all-MiniLM-L6-v2,0.7,1
Xanthophyllum flavescens,Monnina pilgeri,0.3164,not synonym,sentence-transformers/all-MiniLM-L6-v2,0.7,0
Millettia drastica,Polygala grandifolia,0.3592,not synonym,sentence-transformers/all-MiniLM-L6-v2,0.7,0
Lupinus angustifolius,Teline eriocarpa,0.2236,not synonym,sentence-transformers/all-MiniLM-L6-v2,0.7,0
Archidendron borneense,Feuilleea borneensis,0.1796,not synonym,sentence-transformers/all-MiniLM-L6-v2,0.7,1
Inga velutina,Carmichaelia orbiculata,0.1668,not synonym,sentence-transformers/all-MiniLM-L6-v2,0.7,0
Dahlstedtia glaziovii,Lonchocarpus glaziovii,0.5899,not synonym,sentence-transformers/all-MiniLM-L6-v2,0.7,1
Calophaca crassicaulis,Caragana crassicaulis,0.6937,not synonym,sentence-transformers/all-MiniLM-L6-v2,0.7,1
Comesperma defoliatum,Comesperma nudiusculum,0.7213,synonym,sentence-transformers/all-MiniLM-L6-v2,0.7,1
Monnina polygonoides,Securidaca reticulata,0.4264,not synonym,sentence-transformers/all-MiniLM-L6-v2,0.7,0
Amphicarpaea ferruginea,Shuteria bracteosa,0.3166,not synonym,sentence-transformers/all-MiniLM-L6-v2,0.7,1
Millettia drastica,Phaseolodes drasticum,0.4129,not synonym,sentence-transformers/all-MiniLM-L6-v2,0.7,1
Eminia antennulifera,Genista formosa,0.3335,not synonym,sentence-transformers/all-MiniLM-L6-v2,0.7,0
Muraltia ericoides,Eminia polyadenia,0.3957,not synonym,sentence-transformers/all-MiniLM-L6-v2,0.7,0
Polygala serpyllifolia,Millettia thorelii,0.3477,not synonym,sentence-transformers/all-MiniLM-L6-v2,0.7,0
Machaerium isadelphum,Dorycnium sanguineum,0.3434,not synonym,sentence-transformers/all-MiniLM-L6-v2,0.7,0
Salomonia ciliata,Polygala arvensis,0.4254,not synonym,sentence-transformers/all-MiniLM-L6-v2,0.7,1
Hebecarpa obscura,Polygala brachyanthema,0.1875,not synonym,sentence-transformers/all-MiniLM-L6-v2,0.7,1
Gonocytisus angulatus,Retama angulata,0.3283,not synonym,sentence-transformers/all-MiniLM-L6-v2,0.7,1
Calliandra hirsuta,Anneslia diquetii,0.3505,not synonym,sentence-transformers/all-MiniLM-L6-v2,0.7,1
Amblygonocarpus andongensis,Amblygonocarpus schweinfurthii,0.6821,not synonym,sentence-transformers/all-MiniLM-L6-v2,0.7,1
Muraltia obovata,Heistera obovata,0.6281,not synonym,sentence-transformers/all-MiniLM-L6-v2,0.7,1
Comesperma virgatum,Comesperma simplex,0.4944,not synonym,sentence-transformers/all-MiniLM-L6-v2,0.7,1
Dahlstedtia glaziovii,Aspalatus ebenus,0.2979,not synonym,sentence-transformers/all-MiniLM-L6-v2,0.7,0
Lotus angustissimus,Calliandra cumingii,0.3222,not synonym,sentence-transformers/all-MiniLM-L6-v2,0.7,0
Adenopodia schlechteri,Entadopsis schlechteri,0.4697,not synonym,sentence-transformers/all-MiniLM-L6-v2,0.7,1
Inga laurina,Dimorphandra paraensis,0.1665,not synonym,sentence-transformers/all-MiniLM-L6-v2,0.7,0
Gastrolobium leakeanum,Nemcia leakeana,0.5586,not synonym,sentence-transformers/all-MiniLM-L6-v2,0.7,1
Genista carinalis,Arouna guianensis,0.2582,not synonym,sentence-transformers/all-MiniLM-L6-v2,0.7,0
Acacia echinula,Racosperma echinulum,0.2845,not synonym,sentence-transformers/all-MiniLM-L6-v2,0.7,1
Hoffmannseggia watsonii,Gastrolobium epacridoides,0.2291,not synonym,sentence-transformers/all-MiniLM-L6-v2,0.7,0
Chorizema nervosum,Geissaspis ledermannii,0.2191,not synonym,sentence-transformers/all-MiniLM-L6-v2,0.7,0
Carmichaelia australis,Carmichaelia micrantha,0.8143,synonym,sentence-transformers/all-MiniLM-L6-v2,0.7,1
Hebecarpa rivinifolia,Polygala rivinifolia,0.6168,not synonym,sentence-transformers/all-MiniLM-L6-v2,0.7,1
Dialium platysepalum,Genista rhodopaea,0.0901,not synonym,sentence-transformers/all-MiniLM-L6-v2,0.7,0
Coulteria mollis,Racosperma convallium,0.1434,not synonym,sentence-transformers/all-MiniLM-L6-v2,0.7,0
Acacia excelsa,Acacia diantreeana,0.7329,synonym,sentence-transformers/all-MiniLM-L6-v2,0.7,1
Flemingia bracteata,Maughania bracteata,0.6551,not synonym,sentence-transformers/all-MiniLM-L6-v2,0.7,1
Dolichopsis monticola,Dolichopsis monticola,1.0,synonym,sentence-transformers/all-MiniLM-L6-v2,0.7,1
Coulteria mollis,Peltophorum acutifolium,0.3521,not synonym,sentence-transformers/all-MiniLM-L6-v2,0.7,1
Millettia caerulea,Pongamia caerulea,0.6026,not synonym,sentence-transformers/all-MiniLM-L6-v2,0.7,1
Epirixanthes elongata,Mundia spinosa,0.3143,not synonym,sentence-transformers/all-MiniLM-L6-v2,0.7,0
Lupinus onustus,Lupinus thompsonianus,0.7073,synonym,sentence-transformers/all-MiniLM-L6-v2,0.7,1
Lotus dorycnium,Lotus gracilis,0.6639,not synonym,sentence-transformers/all-MiniLM-L6-v2,0.7,1
Muraltia spinosa,Indigofera tisserantii,0.304,not synonym,sentence-transformers/all-MiniLM-L6-v2,0.7,0
Chorizema cordatum,Chorizema superbum,0.7379,synonym,sentence-transformers/all-MiniLM-L6-v2,0.7,1
Xanthophyllum flavescens,Inga jinicuil,0.0795,not synonym,sentence-transformers/all-MiniLM-L6-v2,0.7,0
Asemeia monninoides,Caesalpinia pumilio,0.4107,not synonym,sentence-transformers/all-MiniLM-L6-v2,0.7,0
Genista spartioides,Dimorphandra mari,0.3289,not synonym,sentence-transformers/all-MiniLM-L6-v2,0.7,0
Polygala smallii,Pylostachya arenicola,0.576,not synonym,sentence-transformers/all-MiniLM-L6-v2,0.7,1
Gastrolobium bracteolosum,Cyanothyrsus klainei,0.2654,not synonym,sentence-transformers/all-MiniLM-L6-v2,0.7,0
Genista micrantha,Polygala tanganyikensis,0.2167,not synonym,sentence-transformers/all-MiniLM-L6-v2,0.7,0
Genista morisii,Viborquia polystachya,0.1913,not synonym,sentence-transformers/all-MiniLM-L6-v2,0.7,0
Archidendron lucyi,Albizia lucyi,0.5466,not synonym,sentence-transformers/all-MiniLM-L6-v2,0.7,1
Polygala japonica,Desmodium oojeinense,0.2994,not synonym,sentence-transformers/all-MiniLM-L6-v2,0.7,0
Polygala brevialata,Eleiotis monophyllos,0.4265,not synonym,sentence-transformers/all-MiniLM-L6-v2,0.7,0
Calliandra bella,Polygala polyphylla,0.1766,not synonym,sentence-transformers/all-MiniLM-L6-v2,0.7,0
Monnina richardiana,Spartium umbellatum,0.1212,not synonym,sentence-transformers/all-MiniLM-L6-v2,0.7,0
Archidendron vaillantii,Pedrosia bertholetii,0.4198,not synonym,sentence-transformers/all-MiniLM-L6-v2,0.7,0
Hebecarpa robinsonii,Muraltia linifolia,0.2533,not synonym,sentence-transformers/all-MiniLM-L6-v2,0.7,0
Betencourtia scarlatina,Salomonia cavaleriei,0.471,not synonym,sentence-transformers/all-MiniLM-L6-v2,0.7,0
Inga laevigata,Inga leiocalycina,0.6274,not synonym,sentence-transformers/all-MiniLM-L6-v2,0.7,1
Xanthophyllum borneense,Xanthophyllum glabrescens,0.8581,synonym,sentence-transformers/all-MiniLM-L6-v2,0.7,1
Millettia fruticosa,Amerimnon escatophyllum,0.3861,not synonym,sentence-transformers/all-MiniLM-L6-v2,0.7,1
Lotus maritimus,Tetragonolobus siliqosus,0.2937,not synonym,sentence-transformers/all-MiniLM-L6-v2,0.7,1
Inga cordistipula,Machaerium angustifolium,0.2092,not synonym,sentence-transformers/all-MiniLM-L6-v2,0.7,0
Archidendron oppositum,Maughania kerrii,0.1512,not synonym,sentence-transformers/all-MiniLM-L6-v2,0.7,0
Lotus cruentus,Lotus fraseri,0.6114,not synonym,sentence-transformers/all-MiniLM-L6-v2,0.7,1
Gastrolobium capitatum,Nemcia capitata,0.3671,not synonym,sentence-transformers/all-MiniLM-L6-v2,0.7,1
Archidendron minahassae,Pithecellobium minahassae,0.5417,not synonym,sentence-transformers/all-MiniLM-L6-v2,0.7,1
Glycine latrobeana,Cynometra koko,0.2124,not synonym,sentence-transformers/all-MiniLM-L6-v2,0.7,0
Aphanocalyx pectinatus,Monopetalanthus microphyllus,0.3056,not synonym,sentence-transformers/all-MiniLM-L6-v2,0.7,1
Hoffmannseggia drepanocarpa,Caesalpinia drepanocarpa,0.625,not synonym,sentence-transformers/all-MiniLM-L6-v2,0.7,1
Inga sapindoides,Racosperma mimicum,0.2283,not synonym,sentence-transformers/all-MiniLM-L6-v2,0.7,0
Xanthophyllum rufum,Pteromonnina lorenziana,0.3638,not synonym,sentence-transformers/all-MiniLM-L6-v2,0.7,0
Genista ifniensis,Genista tamarrutii,0.587,not synonym,sentence-transformers/all-MiniLM-L6-v2,0.7,1
Archidendron alatum,Pithecellobium alatum,0.3705,not synonym,sentence-transformers/all-MiniLM-L6-v2,0.7,1
Calliandra tweediei,Polygala piauhiensis,0.2921,not synonym,sentence-transformers/all-MiniLM-L6-v2,0.7,0
Inga pezizifera,Inga patens,0.4393,not synonym,sentence-transformers/all-MiniLM-L6-v2,0.7,0
Genista patens,Inga lobata,0.2285,not synonym,sentence-transformers/all-MiniLM-L6-v2,0.7,0
Amphicarpaea ferruginea,Flemingia philippinensis,0.2734,not synonym,sentence-transformers/all-MiniLM-L6-v2,0.7,0
Muraltia juniperifolia,Heistera juniperifolia,0.6927,not synonym,sentence-transformers/all-MiniLM-L6-v2,0.7,1
Flemingia wightiana,Heistera mixta,0.3417,not synonym,sentence-transformers/all-MiniLM-L6-v2,0.7,0
Microcharis butayei,Nemcia spathulata,0.3214,not synonym,sentence-transformers/all-MiniLM-L6-v2,0.7,0
Archidendron calliandrum,Codonandra coroensis,0.1821,not synonym,sentence-transformers/all-MiniLM-L6-v2,0.7,0
Muraltia thymifolia,Lotus levieri,0.4263,not synonym,sentence-transformers/all-MiniLM-L6-v2,0.7,0
Lotus graecus,Codarium obtusifolium,0.2419,not synonym,sentence-transformers/all-MiniLM-L6-v2,0.7,0
Archidendron rufescens,Spartium horridum,0.1942,not synonym,sentence-transformers/all-MiniLM-L6-v2,0.7,0
Myroxylon peruiferum,Lebeckia spinescens,0.4757,not synonym,sentence-transformers/all-MiniLM-L6-v2,0.7,0
Ononis rotundifolia,Ononis latifolia,0.8007,synonym,sentence-transformers/all-MiniLM-L6-v2,0.7,1
Lupinus velutinus,Hoffmannseggia glandulosa,0.3152,not synonym,sentence-transformers/all-MiniLM-L6-v2,0.7,0
Calliandra peninsularis,Calliandra brandegeei,0.7048,synonym,sentence-transformers/all-MiniLM-L6-v2,0.7,1
Machaerium stipitatum,Polygala violacea,0.3021,not synonym,sentence-transformers/all-MiniLM-L6-v2,0.7,0
Millettia ahernii,Millettia canariifolia,0.7225,synonym,sentence-transformers/all-MiniLM-L6-v2,0.7,1
Muraltia mitior,Muraltia kraussiana,0.6374,not synonym,sentence-transformers/all-MiniLM-L6-v2,0.7,1
Inga laevigata,Inga longipedunculata,0.6325,not synonym,sentence-transformers/all-MiniLM-L6-v2,0.7,1
Lotus subbiflorus,Lotus ciliatus,0.5969,not synonym,sentence-transformers/all-MiniLM-L6-v2,0.7,0
Polygala sphenoptera,Muraltia chamaepitys,0.2276,not synonym,sentence-transformers/all-MiniLM-L6-v2,0.7,0
Amphicarpaea bracteata,Glycine filosa,0.3232,not synonym,sentence-transformers/all-MiniLM-L6-v2,0.7,1
Archidendron falcatum,Polygala intermontana,0.2932,not synonym,sentence-transformers/all-MiniLM-L6-v2,0.7,0
Genista sibirica,Corniola sibirica,0.5136,not synonym,sentence-transformers/all-MiniLM-L6-v2,0.7,1
Millettia glaucescens,Xanthophyllum urophyllum,0.3386,not synonym,sentence-transformers/all-MiniLM-L6-v2,0.7,0
Erythrostemon exostemma,Desmodium pseudarthrioides,0.2684,not synonym,sentence-transformers/all-MiniLM-L6-v2,0.7,0
Polygala paganuccii,Senega paganuccii,0.6367,not synonym,sentence-transformers/all-MiniLM-L6-v2,0.7,1
Rhinotropis nitida,Maughania latifolia,0.352,not synonym,sentence-transformers/all-MiniLM-L6-v2,0.7,0
Daniellia ogea,Daniellia similis,0.691,not synonym,sentence-transformers/all-MiniLM-L6-v2,0.7,1
Archidendron glabrum,Feuilleea linearis,0.0996,not synonym,sentence-transformers/all-MiniLM-L6-v2,0.7,0
Muraltia striata,Heistera brevicornu,0.5333,not synonym,sentence-transformers/all-MiniLM-L6-v2,0.7,1
Erythrostemon hintonii,Pithecellobium havilandii,0.3027,not synonym,sentence-transformers/all-MiniLM-L6-v2,0.7,0
Julbernardia paniculata,Berlinia baumii,0.2373,not synonym,sentence-transformers/all-MiniLM-L6-v2,0.7,1
Acacia cultriformis,Polygala pauciflora,0.3462,not synonym,sentence-transformers/all-MiniLM-L6-v2,0.7,0
Carmichaelia juncea,Machaerium acuminatum,0.2846,not synonym,sentence-transformers/all-MiniLM-L6-v2,0.7,0
Archidendron microcarpum,Abarema microcarpa,0.3826,not synonym,sentence-transformers/all-MiniLM-L6-v2,0.7,1
Fairchildia panamensis,Swartzia pinnata,0.302,not synonym,sentence-transformers/all-MiniLM-L6-v2,0.7,1
Adenopodia patens,Rhadinocarpus acutifolius,0.255,not synonym,sentence-transformers/all-MiniLM-L6-v2,0.7,0
Hoffmannseggia glauca,Cyclopia latifolia,0.3646,not synonym,sentence-transformers/all-MiniLM-L6-v2,0.7,0
Dysolobium pilosum,Dysolobium apioides,0.7523,synonym,sentence-transformers/all-MiniLM-L6-v2,0.7,1
Lotus jacobaeus,Chaetocalyx latifolius,0.4177,not synonym,sentence-transformers/all-MiniLM-L6-v2,0.7,0
Genista sagittalis,Polygala ignatii,0.2947,not synonym,sentence-transformers/all-MiniLM-L6-v2,0.7,0
Gastrolobium sericeum,Brachysema sericeum,0.5649,not synonym,sentence-transformers/all-MiniLM-L6-v2,0.7,1
Hebecarpa macradenia,Feuillea peckoltii,0.1901,not synonym,sentence-transformers/all-MiniLM-L6-v2,0.7,0
Inga chartacea,Inga colonchensis,0.4378,not synonym,sentence-transformers/all-MiniLM-L6-v2,0.7,1
Polygala ericifolia,Eleiotis trifoliolata,0.4189,not synonym,sentence-transformers/all-MiniLM-L6-v2,0.7,0
Archidendron tjendana,Abarema tjendana,0.5867,not synonym,sentence-transformers/all-MiniLM-L6-v2,0.7,1
Asemeia acuminata,Polygala vauthieri,0.3996,not synonym,sentence-transformers/all-MiniLM-L6-v2,0.7,1
Mundulea chapelieri,Callistachys tricuspidata,0.1892,not synonym,sentence-transformers/all-MiniLM-L6-v2,0.7,0
Muraltia origanoides,Monnina vitis-idaea,0.4065,not synonym,sentence-transformers/all-MiniLM-L6-v2,0.7,0
Calliandra virgata,Feuilleea virgata,0.6188,not synonym,sentence-transformers/all-MiniLM-L6-v2,0.7,1
Genista lydia,Ononis inaequalifolia,0.1592,not synonym,sentence-transformers/all-MiniLM-L6-v2,0.7,0
Adenopodia patens,Machaerium indutum,0.1521,not synonym,sentence-transformers/all-MiniLM-L6-v2,0.7,0
Bredemeyera disperma,Anneslia seleri,0.2808,not synonym,sentence-transformers/all-MiniLM-L6-v2,0.7,0
Erythrostemon robinsonianus,Poincianella robinsoniana,0.5167,not synonym,sentence-transformers/all-MiniLM-L6-v2,0.7,1
Calliandra parvifolia,Feuilleea peckoltii,0.2429,not synonym,sentence-transformers/all-MiniLM-L6-v2,0.7,1
Genista maderensis,Teline maderensis,0.5429,not synonym,sentence-transformers/all-MiniLM-L6-v2,0.7,1
Polygala trichosperma,Polygala remansoense,0.678,not synonym,sentence-transformers/all-MiniLM-L6-v2,0.7,1
Inga capitata,Ebenidium lagopus,0.201,not synonym,sentence-transformers/all-MiniLM-L6-v2,0.7,0
Securidaca diversifolia,Polygala diversifolia,0.6732,not synonym,sentence-transformers/all-MiniLM-L6-v2,0.7,1
Camptosema coriaceum,Galactia coriacea,0.5852,not synonym,sentence-transformers/all-MiniLM-L6-v2,0.7,1
Polygala celosioides,Enantiosparton radiatum,0.3373,not synonym,sentence-transformers/all-MiniLM-L6-v2,0.7,0
Berlinia coriacea,Parosela benthamii,0.2637,not synonym,sentence-transformers/all-MiniLM-L6-v2,0.7,0
Monnina ligustrina,Chaetocalyx polyphyllus,0.3943,not synonym,sentence-transformers/all-MiniLM-L6-v2,0.7,0
Polygala ludwigiana,Millettia gagnepainiana,0.4087,not synonym,sentence-transformers/all-MiniLM-L6-v2,0.7,0
Eysenhardtia adenostylis,Viborquia adenostylis,0.5682,not synonym,sentence-transformers/all-MiniLM-L6-v2,0.7,1
Machaerium polyphyllum,Nissolia polyphylla,0.512,not synonym,sentence-transformers/all-MiniLM-L6-v2,0.7,1
Amphicarpaea bracteata,Glycine elliptica,0.3292,not synonym,sentence-transformers/all-MiniLM-L6-v2,0.7,1
Dialium guineense,Heistera acicularis,0.1128,not synonym,sentence-transformers/all-MiniLM-L6-v2,0.7,0
Gymnospora blanchetii,Genista hillebrandii,0.34,not synonym,sentence-transformers/all-MiniLM-L6-v2,0.7,0
Polygala latouchei,Pithecellobium bauchei,0.445,not synonym,sentence-transformers/all-MiniLM-L6-v2,0.7,0
Hoffmannseggia intricata,Scottia laevis,0.3561,not synonym,sentence-transformers/all-MiniLM-L6-v2,0.7,0
Lupinus pubescens,Lupinus dunnettii,0.6213,not synonym,sentence-transformers/all-MiniLM-L6-v2,0.7,1
Millettia pachycarpa,Coronilla squamata,0.394,not synonym,sentence-transformers/all-MiniLM-L6-v2,0.7,0
Polygala amboniensis,Feuilleea ciliata,0.4477,not synonym,sentence-transformers/all-MiniLM-L6-v2,0.7,0
Xanthophyllum palawanense,Xanthophyllum palawanensis,0.9494,synonym,sentence-transformers/all-MiniLM-L6-v2,0.7,1
Millettia fruticosa,Lotus aurantius,0.1571,not synonym,sentence-transformers/all-MiniLM-L6-v2,0.7,0
Inga golfodulcensis,Inga glomeriflora,0.5199,not synonym,sentence-transformers/all-MiniLM-L6-v2,0.7,1
Erythrostemon calycinus,Abarema kunstleri,0.1483,not synonym,sentence-transformers/all-MiniLM-L6-v2,0.7,0
Inga hispida,Smithia africana,0.3541,not synonym,sentence-transformers/all-MiniLM-L6-v2,0.7,0
Archidendron robinsonii,Telinaria radiata,0.2741,not synonym,sentence-transformers/all-MiniLM-L6-v2,0.7,0
Centrolobium tomentosum,Chorizema lineare,0.34,not synonym,sentence-transformers/all-MiniLM-L6-v2,0.7,0
Ebenus bourgeaui,Machaerium eggersii,0.2566,not synonym,sentence-transformers/all-MiniLM-L6-v2,0.7,0
Inga sapindoides,Inga camuriensis,0.6516,not synonym,sentence-transformers/all-MiniLM-L6-v2,0.7,1
Chorizema diversifolium,Feuilleea fastuosa,0.1264,not synonym,sentence-transformers/all-MiniLM-L6-v2,0.7,0
Microcharis tritoides,Indigofera tritoidea,0.4588,not synonym,sentence-transformers/all-MiniLM-L6-v2,0.7,1
Erythrostemon coluteifolius,Carmichaelia silvatica,0.2027,not synonym,sentence-transformers/all-MiniLM-L6-v2,0.7,0
Brachypterum robustum,Dorycnium hirsutum,0.3797,not synonym,sentence-transformers/all-MiniLM-L6-v2,0.7,0
Lotus dorycnium,Desmodium novohollandicum,0.177,not synonym,sentence-transformers/all-MiniLM-L6-v2,0.7,0
Archidendron dalatense,Abarema dalatensis,0.3952,not synonym,sentence-transformers/all-MiniLM-L6-v2,0.7,1
Genista monspessulana,Soja max,0.3249,not synonym,sentence-transformers/all-MiniLM-L6-v2,0.7,0
Flemingia trifoliata,Muraltia anthospermifolia,0.5558,not synonym,sentence-transformers/all-MiniLM-L6-v2,0.7,0
Lupinus fulcratus,Coronilla scandens,0.242,not synonym,sentence-transformers/all-MiniLM-L6-v2,0.7,0
Polygala leucantha,Senega leucantha,0.5384,not synonym,sentence-transformers/all-MiniLM-L6-v2,0.7,1
Machaerium firmum,Nissolia firma,0.4046,not synonym,sentence-transformers/all-MiniLM-L6-v2,0.7,1
Quillaja saponaria,Quillaja smegmadermos,0.7124,synonym,sentence-transformers/all-MiniLM-L6-v2,0.7,1
Brachypterum koolgibberah,Solori koolgibberah,0.5901,not synonym,sentence-transformers/all-MiniLM-L6-v2,0.7,1
Acacia muelleriana,Racosperma muellerianum,0.4217,not synonym,sentence-transformers/all-MiniLM-L6-v2,0.7,1
Xanthophyllum vitellinum,Polygala timbalii,0.4408,not synonym,sentence-transformers/all-MiniLM-L6-v2,0.7,0
Carmichaelia australis,Carmichaelia paludosa,0.7903,synonym,sentence-transformers/all-MiniLM-L6-v2,0.7,1
Lotus strictus,Collaea pascuorum,0.1744,not synonym,sentence-transformers/all-MiniLM-L6-v2,0.7,0
Ononis ornithopodioides,Passaea ornithopodioides,0.6986,not synonym,sentence-transformers/all-MiniLM-L6-v2,0.7,1
Muraltia divaricata,Heistera incompta,0.362,not synonym,sentence-transformers/all-MiniLM-L6-v2,0.7,1
Flemingia gracilis,Amphicarpaea ciliata,0.3611,not synonym,sentence-transformers/all-MiniLM-L6-v2,0.7,0
Lotus quinatus,Maughania sericans,0.2413,not synonym,sentence-transformers/all-MiniLM-L6-v2,0.7,0
Hebecarpa platycarpa,Securidaca erecta,0.373,not synonym,sentence-transformers/all-MiniLM-L6-v2,0.7,0
Genista patens,Affonsea grandiflora,0.3376,not synonym,sentence-transformers/all-MiniLM-L6-v2,0.7,0
Glycine atomaria,Securidaca retusa,0.2126,not synonym,sentence-transformers/all-MiniLM-L6-v2,0.7,0
Inga setosa,Feuilleea setosa,0.5502,not synonym,sentence-transformers/all-MiniLM-L6-v2,0.7,1
Chesneya mongolica,Polygala capitata,0.3881,not synonym,sentence-transformers/all-MiniLM-L6-v2,0.7,0
Ononis decumbens,Ononis milleri,0.5237,not synonym,sentence-transformers/all-MiniLM-L6-v2,0.7,1
Inga pilosula,Apios tuberosa,0.3842,not synonym,sentence-transformers/all-MiniLM-L6-v2,0.7,0
Genista tridentata,Cytisus tridentatus,0.3363,not synonym,sentence-transformers/all-MiniLM-L6-v2,0.7,1
Inga golfodulcensis,Aotus virgata,0.3711,not synonym,sentence-transformers/all-MiniLM-L6-v2,0.7,0
Securidaca lanceolata,Securidaca declinata,0.805,synonym,sentence-transformers/all-MiniLM-L6-v2,0.7,1
Muraltia thymifolia,Smithia platyphylla,0.2652,not synonym,sentence-transformers/all-MiniLM-L6-v2,0.7,0
Nissolia microptera,Kennedynella clandestina,0.2615,not synonym,sentence-transformers/all-MiniLM-L6-v2,0.7,0
Hippocrepis balearica,Disynstemon madagascariense,0.3806,not synonym,sentence-transformers/all-MiniLM-L6-v2,0.7,0
Genista umbellata,Nefrakis ebenus,0.3229,not synonym,sentence-transformers/all-MiniLM-L6-v2,0.7,0
Archidendron aruense,Smithia parvifolia,0.1,not synonym,sentence-transformers/all-MiniLM-L6-v2,0.7,0
Comesperma ciliatum,Muraltia sulcata,0.2088,not synonym,sentence-transformers/all-MiniLM-L6-v2,0.7,0
Ebenus bourgeaui,Dialium lacourtianum,0.1971,not synonym,sentence-transformers/all-MiniLM-L6-v2,0.7,0
Dimorphandra conjugata,Mora conjugata,0.6148,not synonym,sentence-transformers/all-MiniLM-L6-v2,0.7,1
Dysolobium pilosum,Senega stephaniana,0.2747,not synonym,sentence-transformers/all-MiniLM-L6-v2,0.7,0
Lotus axilliflorus,Inga rodrigueziana,0.2429,not synonym,sentence-transformers/all-MiniLM-L6-v2,0.7,0
Polygala smallii,Meibomia sennaarensis,0.3902,not synonym,sentence-transformers/all-MiniLM-L6-v2,0.7,0
Archidendron ramiflorum,Comesperma lhotzkyanum,0.2374,not synonym,sentence-transformers/all-MiniLM-L6-v2,0.7,0
Carmichaelia australis,Huchimingia trifoliata,0.239,not synonym,sentence-transformers/all-MiniLM-L6-v2,0.7,0
Ononis natrix,Ononis inaequalifolia,0.5931,not synonym,sentence-transformers/all-MiniLM-L6-v2,0.7,1
Inga sapindoides,Inga pavoniana,0.5713,not synonym,sentence-transformers/all-MiniLM-L6-v2,0.7,1
Inga capitata,Monnina hilairiana,0.4786,not synonym,sentence-transformers/all-MiniLM-L6-v2,0.7,0
Lotus angustissimus,Dimorphandra gonggrijpii,0.3019,not synonym,sentence-transformers/all-MiniLM-L6-v2,0.7,0
Genista tricuspidata,Corniola lucida,0.494,not synonym,sentence-transformers/all-MiniLM-L6-v2,0.7,1
Archidendron laoticum,Cylindrokelupha laoticum,0.5295,not synonym,sentence-transformers/all-MiniLM-L6-v2,0.7,1
Echinospartum boissieri,Pilostaxis arenicola,0.3123,not synonym,sentence-transformers/all-MiniLM-L6-v2,0.7,0
Lotus graecus,Dorycnium kotschyi,0.3267,not synonym,sentence-transformers/all-MiniLM-L6-v2,0.7,1
Millettia splendens,Galactia terminiflora,0.3235,not synonym,sentence-transformers/all-MiniLM-L6-v2,0.7,1
Muraltia squarrosa,Polygala squarrosa,0.6305,not synonym,sentence-transformers/all-MiniLM-L6-v2,0.7,1
Ebenus stellata,Ebenus tragacanthoides,0.5886,not synonym,sentence-transformers/all-MiniLM-L6-v2,0.7,1
Gastrolobium retusum,Lonchocarpus mossambicensis,0.3316,not synonym,sentence-transformers/all-MiniLM-L6-v2,0.7,0
Gastrolobium polystachyum,Phaseoloides aboense,0.3399,not synonym,sentence-transformers/all-MiniLM-L6-v2,0.7,0
Machaerium uncinatum,Nissolia uncinata,0.5294,not synonym,sentence-transformers/all-MiniLM-L6-v2,0.7,1
Genista tenera,Telinaria congesta,0.2556,not synonym,sentence-transformers/all-MiniLM-L6-v2,0.7,1
Xanthophyllum vitellinum,Telinaria candicans,0.192,not synonym,sentence-transformers/all-MiniLM-L6-v2,0.7,0
Inga sapindoides,Carmichaelia angusta,0.3007,not synonym,sentence-transformers/all-MiniLM-L6-v2,0.7,0
Machaerium seemannii,Machaerium campylocarpum,0.6238,not synonym,sentence-transformers/all-MiniLM-L6-v2,0.7,1
Hoffmannseggia drummondii,Phaseolus modestus,0.3688,not synonym,sentence-transformers/all-MiniLM-L6-v2,0.7,0
Lotus dorycnium,Aspalathus dorycnium,0.5967,not synonym,sentence-transformers/all-MiniLM-L6-v2,0.7,1
Lotus purpureus,Lotus candidissimus,0.6986,not synonym,sentence-transformers/all-MiniLM-L6-v2,0.7,1
Calliandra parvifolia,Polygala propinqua,0.2351,not synonym,sentence-transformers/all-MiniLM-L6-v2,0.7,0
Ebenus depressa,Ebenidium depressum,0.7049,synonym,sentence-transformers/all-MiniLM-L6-v2,0.7,1
Lotus biflorus,Lotus biflorus,1.0,synonym,sentence-transformers/all-MiniLM-L6-v2,0.7,1
Muraltia pubescens,Caesalpinia exostemma,0.324,not synonym,sentence-transformers/all-MiniLM-L6-v2,0.7,0
Polygala major,Bredemeyera moritziana,0.1864,not synonym,sentence-transformers/all-MiniLM-L6-v2,0.7,0
Calobota sericea,Chaetocalyx platycarpus,0.3713,not synonym,sentence-transformers/all-MiniLM-L6-v2,0.7,0
Brachypterum pseudinvolutum,Heisteria pauciflora,0.2628,not synonym,sentence-transformers/all-MiniLM-L6-v2,0.7,0
Acacia biflora,Bossiaea rotundifolia,0.4814,not synonym,sentence-transformers/all-MiniLM-L6-v2,0.7,0
Bredemeyera brevifolia,Bredemeyera brevifolia,1.0,synonym,sentence-transformers/all-MiniLM-L6-v2,0.7,1
Erythrostemon angulatus,Zuccagnia angulata,0.3147,not synonym,sentence-transformers/all-MiniLM-L6-v2,0.7,1
Glycine max,Soja max,0.4085,not synonym,sentence-transformers/all-MiniLM-L6-v2,0.7,1
Coulteria glabra,Camoensia laurentii,0.4001,not synonym,sentence-transformers/all-MiniLM-L6-v2,0.7,0
Calliandra bijuga,Anneslia bijuga,0.6337,not synonym,sentence-transformers/all-MiniLM-L6-v2,0.7,1
Muraltia mixta,Muraltia depressa,0.6665,not synonym,sentence-transformers/all-MiniLM-L6-v2,0.7,1
Bossiaea dentata,Cytisus congestus,0.2219,not synonym,sentence-transformers/all-MiniLM-L6-v2,0.7,0
Monnina lehmanniana,Monnina rupestris,0.5365,not synonym,sentence-transformers/all-MiniLM-L6-v2,0.7,0
Gastrolobium sericeum,Caesalpinia nelsonii,0.355,not synonym,sentence-transformers/all-MiniLM-L6-v2,0.7,0
Acacia bynoeana,Muraltia serpylloides,0.2695,not synonym,sentence-transformers/all-MiniLM-L6-v2,0.7,0
Eutaxia microphylla,Lotus angustissimus,0.2032,not synonym,sentence-transformers/all-MiniLM-L6-v2,0.7,0
Asemeia violacea,Indigofera tritoidea,0.3938,not synonym,sentence-transformers/all-MiniLM-L6-v2,0.7,0
Millettia pachycarpa,Monnina polygaloides,0.3346,not synonym,sentence-transformers/all-MiniLM-L6-v2,0.7,0
Archidendron bubalinum,Calophaca ferganensis,0.1837,not synonym,sentence-transformers/all-MiniLM-L6-v2,0.7,0
Genista holopetala,Telinaria holopetala,0.509,not synonym,sentence-transformers/all-MiniLM-L6-v2,0.7,1
Calpurnia sericea,Calpurnia mucronulata,0.6381,not synonym,sentence-transformers/all-MiniLM-L6-v2,0.7,1
Glycine max,Hoffmannseggia ternata,0.1113,not synonym,sentence-transformers/all-MiniLM-L6-v2,0.7,0
Inga ruiziana,Inga foliosa,0.6095,not synonym,sentence-transformers/all-MiniLM-L6-v2,0.7,1
Genista lydia,Polygala emoryi,0.2175,not synonym,sentence-transformers/all-MiniLM-L6-v2,0.7,0
Flemingia macrophylla,Flemingia sericans,0.6895,not synonym,sentence-transformers/all-MiniLM-L6-v2,0.7,1
Inga heterophylla,Xanthophyllum flavum,0.3505,not synonym,sentence-transformers/all-MiniLM-L6-v2,0.7,0
Monnina crassifolia,Hebeandra crassifolia,0.6722,not synonym,sentence-transformers/all-MiniLM-L6-v2,0.7,1
Gastrolobium polystachyum,Hedysarum trinervium,0.425,not synonym,sentence-transformers/all-MiniLM-L6-v2,0.7,0
Acacia echinuliflora,Feuilleea sapindoides,0.4384,not synonym,sentence-transformers/all-MiniLM-L6-v2,0.7,0
Lotus maritimus,Lupinus beaneanus,0.3498,not synonym,sentence-transformers/all-MiniLM-L6-v2,0.7,0
Inga maritima,Scandalida maritima,0.6677,not synonym,sentence-transformers/all-MiniLM-L6-v2,0.7,0
Xanthophyllum vitellinum,Anneslia eriophylla,0.4269,not synonym,sentence-transformers/all-MiniLM-L6-v2,0.7,0
Humularia meyeri-johannis,Hoffmannseggia stipulata,0.3835,not synonym,sentence-transformers/all-MiniLM-L6-v2,0.7,0
Calliandra rubescens,Lotus nubicus,0.3484,not synonym,sentence-transformers/all-MiniLM-L6-v2,0.7,0
Aotus ericoides,Pultenaea ericoides,0.6964,not synonym,sentence-transformers/all-MiniLM-L6-v2,0.7,1
Chorizema huegellii,Chorizema huegellii,1.0,synonym,sentence-transformers/all-MiniLM-L6-v2,0.7,1
Genista sibirica,Xanthophyllum palawanensis,0.1601,not synonym,sentence-transformers/all-MiniLM-L6-v2,0.7,0
Gymnospora violoides,Polygala pachyrrhiza,0.391,not synonym,sentence-transformers/all-MiniLM-L6-v2,0.7,1
Calliandra sincorana,Polygala bicolor,0.2712,not synonym,sentence-transformers/all-MiniLM-L6-v2,0.7,0
Errazurizia megacarpa,Psorobatus megacarpus,0.509,not synonym,sentence-transformers/all-MiniLM-L6-v2,0.7,1
Chorizema ilicifolium,Chorizema denticulatum,0.6276,not synonym,sentence-transformers/all-MiniLM-L6-v2,0.7,1
Lotus sanguineus,Racosperma amycticum,0.0431,not synonym,sentence-transformers/all-MiniLM-L6-v2,0.7,0
Amphicarpaea bracteata,Amphicarpa bracteata,0.9768,synonym,sentence-transformers/all-MiniLM-L6-v2,0.7,1
Mundulea barclayi,Securidaca luschnathiana,0.2595,not synonym,sentence-transformers/all-MiniLM-L6-v2,0.7,0
Muraltia satureioides,Acacia idiomorpha,0.2327,not synonym,sentence-transformers/all-MiniLM-L6-v2,0.7,0
Candolleodendron brachystachyum,Swartzia brachystachya,0.5083,not synonym,sentence-transformers/all-MiniLM-L6-v2,0.7,1
Muraltia ericoides,Millettia maingayi,0.3543,not synonym,sentence-transformers/all-MiniLM-L6-v2,0.7,0
Kotschya strobilantha,Smithia strobilantha,0.5582,not synonym,sentence-transformers/all-MiniLM-L6-v2,0.7,1
Asemeia monticola,Polygala mendocina,0.4463,not synonym,sentence-transformers/all-MiniLM-L6-v2,0.7,0
Hoffmannseggia humilis,Securidaca scandens,0.2077,not synonym,sentence-transformers/all-MiniLM-L6-v2,0.7,0
Delonix baccal,Cratylia spectabilis,0.1505,not synonym,sentence-transformers/all-MiniLM-L6-v2,0.7,0
Flemingia bracteata,Hedysarum bracteatum,0.5024,not synonym,sentence-transformers/all-MiniLM-L6-v2,0.7,1
Genista radiata,Spartium aetnensis,0.1045,not synonym,sentence-transformers/all-MiniLM-L6-v2,0.7,0
Ononis natrix,Ononis kotschyana,0.684,not synonym,sentence-transformers/all-MiniLM-L6-v2,0.7,0
Machaerium condensatum,Hebecarpa glandulosa,0.1477,not synonym,sentence-transformers/all-MiniLM-L6-v2,0.7,0
Acanthocladus dichromus,Millettia melanocalyx,0.3062,not synonym,sentence-transformers/all-MiniLM-L6-v2,0.7,0
Mora oleifera,Lonchocarpus muehlbergianus,0.2665,not synonym,sentence-transformers/all-MiniLM-L6-v2,0.7,0
Archidendron balansae,Pellegriniodendron diphyllum,0.3357,not synonym,sentence-transformers/all-MiniLM-L6-v2,0.7,0
Flemingia wallichii,Maughania wallichii,0.6389,not synonym,sentence-transformers/all-MiniLM-L6-v2,0.7,1
Inga pilosula,Racosperma cultriforme,0.2161,not synonym,sentence-transformers/all-MiniLM-L6-v2,0.7,0
Monnina macbridei,Julbernardia baumii,0.4913,not synonym,sentence-transformers/all-MiniLM-L6-v2,0.7,0
Gastrolobium rubrum,Nemcia rubra,0.4801,not synonym,sentence-transformers/all-MiniLM-L6-v2,0.7,1
Dimorphandra parviflora,Dimorphandra parviflora,1.0,synonym,sentence-transformers/all-MiniLM-L6-v2,0.7,1
Asemeia grandiflora,Moghania procumbens,0.3878,not synonym,sentence-transformers/all-MiniLM-L6-v2,0.7,0
Muraltia aspalatha,Heistera phylicoides,0.3193,not synonym,sentence-transformers/all-MiniLM-L6-v2,0.7,1
Genista tricuspidata,Amphicarpaea cuspidata,0.3696,not synonym,sentence-transformers/all-MiniLM-L6-v2,0.7,0
Mantiqueira bella,Acacia falcifolia,0.1583,not synonym,sentence-transformers/all-MiniLM-L6-v2,0.7,0
Calliandra tweedii,Calliandra tweediei,0.8885,synonym,sentence-transformers/all-MiniLM-L6-v2,0.7,1
Genista januensis,Genista triquetra,0.6393,not synonym,sentence-transformers/all-MiniLM-L6-v2,0.7,1
Xanthophyllum vitellinum,Machaerium spinosum,0.2097,not synonym,sentence-transformers/all-MiniLM-L6-v2,0.7,0
Lotus garcinii,Lotus garcini,0.9725,synonym,sentence-transformers/all-MiniLM-L6-v2,0.7,1
Millettia soyauxii,Racosperma prainii,0.2327,not synonym,sentence-transformers/all-MiniLM-L6-v2,0.7,0
Genista aetnensis,Lugaion etnense,0.3075,not synonym,sentence-transformers/all-MiniLM-L6-v2,0.7,1
Acacia peruviana,Feuilleea asplenioides,0.194,not synonym,sentence-transformers/all-MiniLM-L6-v2,0.7,0
Brya ebenus,Spartium arborescens,0.1478,not synonym,sentence-transformers/all-MiniLM-L6-v2,0.7,1
Ebenus sibthorpii,Dimorphandra latifolia,0.2372,not synonym,sentence-transformers/all-MiniLM-L6-v2,0.7,0
Echinospartum barnadesii,Mimosa tergemina,0.3119,not synonym,sentence-transformers/all-MiniLM-L6-v2,0.7,0
Humularia welwitschii,Bredemeyera fruticulosa,0.4254,not synonym,sentence-transformers/all-MiniLM-L6-v2,0.7,0
Inga ruiziana,Inga obscura,0.6696,not synonym,sentence-transformers/all-MiniLM-L6-v2,0.7,1
Xanthophyllum purpureum,Caesalpinia exilifolia,0.482,not synonym,sentence-transformers/all-MiniLM-L6-v2,0.7,0
Polygala rosea,Polygala vulgaris,0.7683,synonym,sentence-transformers/all-MiniLM-L6-v2,0.7,1
Inga laurina,Inga sinemariensis,0.3535,not synonym,sentence-transformers/all-MiniLM-L6-v2,0.7,1
Hippocrepis comosa,Monopetalanthus microphyllus,0.1416,not synonym,sentence-transformers/all-MiniLM-L6-v2,0.7,0
Archidendron globosum,Valentinia sylvestris,0.1547,not synonym,sentence-transformers/all-MiniLM-L6-v2,0.7,0
Genista suanica,Genista adzharica,0.7671,synonym,sentence-transformers/all-MiniLM-L6-v2,0.7,1
Archidendron lucidum,Pithecellobium lucidum,0.4535,not synonym,sentence-transformers/all-MiniLM-L6-v2,0.7,1
Acacia aculeatissima,Racosperma aculeatissimum,0.4408,not synonym,sentence-transformers/all-MiniLM-L6-v2,0.7,1
Hebecarpa obscura,Hebecarpa piliophora,0.6556,not synonym,sentence-transformers/all-MiniLM-L6-v2,0.7,1
Calliandra hymenaeoides,Calliandra hymeneaeoides,0.9012,synonym,sentence-transformers/all-MiniLM-L6-v2,0.7,1
Ononis striata,Ononis rhinanthoides,0.6547,not synonym,sentence-transformers/all-MiniLM-L6-v2,0.7,1
Millettia piscidia,Lotus dispermus,0.292,not synonym,sentence-transformers/all-MiniLM-L6-v2,0.7,0
Monnina lorenziana,Monnina retusa,0.7212,synonym,sentence-transformers/all-MiniLM-L6-v2,0.7,0
Hippocrepis scabra,Hippocrepis almeriensis,0.6557,not synonym,sentence-transformers/all-MiniLM-L6-v2,0.7,1
Securidaca diversifolia,Securidaca acuminata,0.5788,not synonym,sentence-transformers/all-MiniLM-L6-v2,0.7,1
Polygaloides paucifolia,Polygala paucifolia,0.8915,synonym,sentence-transformers/all-MiniLM-L6-v2,0.7,1
Gastrolobium dilatatum,Acacia magdalenae,0.1973,not synonym,sentence-transformers/all-MiniLM-L6-v2,0.7,0
Muraltia spinosa,Glycine monophyllos,0.2232,not synonym,sentence-transformers/all-MiniLM-L6-v2,0.7,0
Myroxylon balsamum,Cytisus wolgaricus,0.2481,not synonym,sentence-transformers/all-MiniLM-L6-v2,0.7,0
Archidendron poilanei,Bredemeyera conferta,0.268,not synonym,sentence-transformers/all-MiniLM-L6-v2,0.7,0
Genista segonnei,Teline segonnei,0.5991,not synonym,sentence-transformers/all-MiniLM-L6-v2,0.7,1
Lupinus andersonii,Nemcia emarginata,0.2589,not synonym,sentence-transformers/all-MiniLM-L6-v2,0.7,0
Salomonia ciliata,Salomonia leptostachya,0.7072,synonym,sentence-transformers/all-MiniLM-L6-v2,0.7,1
Machaerium robiniifolium,Calliandra sancti-pauli,0.3001,not synonym,sentence-transformers/all-MiniLM-L6-v2,0.7,0
Carmichaelia juncea,Lotus rectus,0.2475,not synonym,sentence-transformers/all-MiniLM-L6-v2,0.7,0
Bredemeyera myrtifolia,Pithecellobium corymbosum,0.4035,not synonym,sentence-transformers/all-MiniLM-L6-v2,0.7,0
Flemingia parvifolia,Flemingia parvifolia,1.0,synonym,sentence-transformers/all-MiniLM-L6-v2,0.7,1
Muraltia filiformis,Polygala filiformis,0.6218,not synonym,sentence-transformers/all-MiniLM-L6-v2,0.7,1
Cyclopia falcata,Comesperma laxiusculum,0.151,not synonym,sentence-transformers/all-MiniLM-L6-v2,0.7,0
Inga ruiziana,Inga fagifolia,0.4736,not synonym,sentence-transformers/all-MiniLM-L6-v2,0.7,1
Acacia neorigida,Acacia rigida,0.773,synonym,sentence-transformers/all-MiniLM-L6-v2,0.7,1
Millettia griffoniana,Daniellia caudata,0.52,not synonym,sentence-transformers/all-MiniLM-L6-v2,0.7,0
Polygala suganumae,Hippocrepis toletana,0.2889,not synonym,sentence-transformers/all-MiniLM-L6-v2,0.7,0
Muraltia macrocarpa,Indigofera tritoides,0.241,not synonym,sentence-transformers/all-MiniLM-L6-v2,0.7,0
Monnina cacumina,Lupinus opsianthus,0.3423,not synonym,sentence-transformers/all-MiniLM-L6-v2,0.7,0
Brachypterum philippinense,Solori philippinensis,0.5283,not synonym,sentence-transformers/all-MiniLM-L6-v2,0.7,1
Microcharis galpinii,Microcharis pseudoindigofera,0.6789,not synonym,sentence-transformers/all-MiniLM-L6-v2,0.7,1
Acacia pravissima,Racosperma pravissimum,0.4002,not synonym,sentence-transformers/all-MiniLM-L6-v2,0.7,1
Chesneya macrantha,Pithecellobium lovelliae,0.2798,not synonym,sentence-transformers/all-MiniLM-L6-v2,0.7,0
Bredemeyera cuneata,Caesalpinia melanadenia,0.4559,not synonym,sentence-transformers/all-MiniLM-L6-v2,0.7,0
Lotus hirsutus,Genista rigens,0.1993,not synonym,sentence-transformers/all-MiniLM-L6-v2,0.7,0
Brachypterum scandens,Pontania celsiana,0.1824,not synonym,sentence-transformers/all-MiniLM-L6-v2,0.7,0
Cyclopia buxifolia,Hoffmannseggia stricta,0.2868,not synonym,sentence-transformers/all-MiniLM-L6-v2,0.7,0
Flemingia semialata,Lupinus reticulatus,0.2496,not synonym,sentence-transformers/all-MiniLM-L6-v2,0.7,0
Muraltia ericoides,Ononis zaiana,0.4101,not synonym,sentence-transformers/all-MiniLM-L6-v2,0.7,0
Gastrolobium coriaceum,Callistachys tetragona,0.2932,not synonym,sentence-transformers/all-MiniLM-L6-v2,0.7,1
Acacia paradoxa,Cytisus speciosus,0.2188,not synonym,sentence-transformers/all-MiniLM-L6-v2,0.7,0
Limadendron amazonicum,Cyclolobium amazonicum,0.6751,not synonym,sentence-transformers/all-MiniLM-L6-v2,0.7,1
Acacia auriculiformis,Pithecellobium brassii,0.3162,not synonym,sentence-transformers/all-MiniLM-L6-v2,0.7,0
Inga heterophylla,Inga mapiriensis,0.5753,not synonym,sentence-transformers/all-MiniLM-L6-v2,0.7,1
Gastrolobium formosum,Ebenidium monbrettii,0.2984,not synonym,sentence-transformers/all-MiniLM-L6-v2,0.7,0
Archidendron kuenstleri,Pithecellobium kuenstleri,0.4894,not synonym,sentence-transformers/all-MiniLM-L6-v2,0.7,1
Inga plumifera,Spongiocarpella paucifoliolata,0.3702,not synonym,sentence-transformers/all-MiniLM-L6-v2,0.7,0
Gastrolobium polystachyum,Gastrolobium bidens,0.6021,not synonym,sentence-transformers/all-MiniLM-L6-v2,0.7,1
Muraltia origanoides,Muraltia obovata,0.697,not synonym,sentence-transformers/all-MiniLM-L6-v2,0.7,1
Berlinia giorgii,Ononis subspicata,0.1842,not synonym,sentence-transformers/all-MiniLM-L6-v2,0.7,0
Calliandra calycina,Calliandra jacobiana,0.7507,synonym,sentence-transformers/all-MiniLM-L6-v2,0.7,1
Erythrostemon gilliesii,Poinciana gilliesii,0.6754,not synonym,sentence-transformers/all-MiniLM-L6-v2,0.7,1
Xanthophyllum obscurum,Xanthophyllum insigne,0.8215,synonym,sentence-transformers/all-MiniLM-L6-v2,0.7,1
Archidendron glandulosum,Millettia claessensii,0.2526,not synonym,sentence-transformers/all-MiniLM-L6-v2,0.7,0
Adenopodia patens,Piptadenia patens,0.385,not synonym,sentence-transformers/all-MiniLM-L6-v2,0.7,1
Dialium guianense,Comesperma spathulatum,0.0445,not synonym,sentence-transformers/all-MiniLM-L6-v2,0.7,0
Comesperma viscidulum,Bredemeyera viscidula,0.4199,not synonym,sentence-transformers/all-MiniLM-L6-v2,0.7,1
Atroxima afzeliana,Carpolobia zenkeri,0.384,not synonym,sentence-transformers/all-MiniLM-L6-v2,0.7,1
Securidaca diversifolia,Albizia yunnanensis,0.3023,not synonym,sentence-transformers/all-MiniLM-L6-v2,0.7,0
Inga densiflora,Inga mollifoliola,0.6544,not synonym,sentence-transformers/all-MiniLM-L6-v2,0.7,1
Genista canariensis,Monnina elliptica,0.2471,not synonym,sentence-transformers/all-MiniLM-L6-v2,0.7,0
Calliandra pauciflora,Comesperma coridifolium,0.2929,not synonym,sentence-transformers/all-MiniLM-L6-v2,0.7,0
Genista ephedroides,Spartium ephedroides,0.5628,not synonym,sentence-transformers/all-MiniLM-L6-v2,0.7,1
Acanthocladus brasiliensis,Acanthocladus brasiliensis,1.0,synonym,sentence-transformers/all-MiniLM-L6-v2,0.7,1
Hebecarpa myrtilloides,Ebenidium macrophyllum,0.3791,not synonym,sentence-transformers/all-MiniLM-L6-v2,0.7,0
Apios carnea,Deguelia dalbergioides,0.3498,not synonym,sentence-transformers/all-MiniLM-L6-v2,0.7,0
Dahlstedtia glaziovii,Calliandra conferta,0.3674,not synonym,sentence-transformers/all-MiniLM-L6-v2,0.7,0
Dialium englerianum,Collaea martii,0.1271,not synonym,sentence-transformers/all-MiniLM-L6-v2,0.7,0
Acanthocladus tehuelchum,Polygala selloi,0.3472,not synonym,sentence-transformers/all-MiniLM-L6-v2,0.7,0
Comesperma nudiusculum,Bredemeyera nudiuscula,0.5109,not synonym,sentence-transformers/all-MiniLM-L6-v2,0.7,1
Flemingia kweichowensis,Psoralea stipularis,0.2951,not synonym,sentence-transformers/all-MiniLM-L6-v2,0.7,0
Hoffmannseggia glauca,Machaerium acutifolium,0.2068,not synonym,sentence-transformers/all-MiniLM-L6-v2,0.7,0
Muraltia spinosa,Tetragonolobus edulis,0.1985,not synonym,sentence-transformers/all-MiniLM-L6-v2,0.7,0
Dahlstedtia castaneifolia,Lugaion angulatum,0.3248,not synonym,sentence-transformers/all-MiniLM-L6-v2,0.7,0
Hebecarpa barbeyana,Polygala zacatecana,0.4237,not synonym,sentence-transformers/all-MiniLM-L6-v2,0.7,1
Dalhousiea bracteata,Dalhousiea paucisperma,0.753,synonym,sentence-transformers/all-MiniLM-L6-v2,0.7,1
Calliandra renvoizeana,Machaerium acanthothyrsus,0.2782,not synonym,sentence-transformers/all-MiniLM-L6-v2,0.7,0
Muraltia filiformis,Heistera filiformis,0.5707,not synonym,sentence-transformers/all-MiniLM-L6-v2,0.7,1
Asemeia extraaxillaris,Polygala extraaxillaris,0.6377,not synonym,sentence-transformers/all-MiniLM-L6-v2,0.7,1
Machaerium debile,Nissolia debilis,0.3883,not synonym,sentence-transformers/all-MiniLM-L6-v2,0.7,1
Polygala serpyllifolia,Polygala depressa,0.5843,not synonym,sentence-transformers/all-MiniLM-L6-v2,0.7,1
Flemingia macrophylla,Hedysarum trinervium,0.37,not synonym,sentence-transformers/all-MiniLM-L6-v2,0.7,1
Calobota pungens,Genista pungens,0.4542,not synonym,sentence-transformers/all-MiniLM-L6-v2,0.7,1
Lotus parviflorus,Poecilanthe hostmannii,0.2378,not synonym,sentence-transformers/all-MiniLM-L6-v2,0.7,0
Ononis dentata,Polygala nicaraguensis,0.3211,not synonym,sentence-transformers/all-MiniLM-L6-v2,0.7,0
Machaerium punctatum,Machaerium verrucosum,0.6964,not synonym,sentence-transformers/all-MiniLM-L6-v2,0.7,1
Adenopodia patens,Lotus hebranicus,0.1805,not synonym,sentence-transformers/all-MiniLM-L6-v2,0.7,0
Archidendron hispidum,Pithecellobium hispidum,0.5339,not synonym,sentence-transformers/all-MiniLM-L6-v2,0.7,1
Lotus weilleri,Polygala barbeyana,0.3502,not synonym,sentence-transformers/all-MiniLM-L6-v2,0.7,0
Lotus halophilus,Comesperma silvestre,0.1266,not synonym,sentence-transformers/all-MiniLM-L6-v2,0.7,0
Gastrolobium sericeum,Mimosa staminea,0.3719,not synonym,sentence-transformers/all-MiniLM-L6-v2,0.7,0
Asemeia rhodoptera,Polygala sickii,0.3489,not synonym,sentence-transformers/all-MiniLM-L6-v2,0.7,1
Machaerium isadelphum,Machaerium marginatum,0.6893,not synonym,sentence-transformers/all-MiniLM-L6-v2,0.7,1
Comesperma calymega,Comesperma subherbaceum,0.5654,not synonym,sentence-transformers/all-MiniLM-L6-v2,0.7,1
Ononis fruticosa,Natrix fruticosa,0.5796,not synonym,sentence-transformers/all-MiniLM-L6-v2,0.7,1
Lotus jordanii,Lupinus sparhawkianus,0.197,not synonym,sentence-transformers/all-MiniLM-L6-v2,0.7,0
Rhamphopetalum microphyllum,Xanthophyllum griffithii,0.363,not synonym,sentence-transformers/all-MiniLM-L6-v2,0.7,0
Eleiotis sororia,Chesneya makranica,0.4079,not synonym,sentence-transformers/all-MiniLM-L6-v2,0.7,0
Genista majorica,Spartium multicaule,0.1741,not synonym,sentence-transformers/all-MiniLM-L6-v2,0.7,1
Flemingia prostrata,Maughania philippinensis,0.3626,not synonym,sentence-transformers/all-MiniLM-L6-v2,0.7,1
Carmichaelia australis,Polygala ulei,0.3769,not synonym,sentence-transformers/all-MiniLM-L6-v2,0.7,0
Asemeia monninoides,Polygala urbani,0.2659,not synonym,sentence-transformers/all-MiniLM-L6-v2,0.7,1
Muraltia macrocarpa,Lotus gussonei,0.3428,not synonym,sentence-transformers/all-MiniLM-L6-v2,0.7,0
Cyclopia genistoides,Muraltia humilis,0.0439,not synonym,sentence-transformers/all-MiniLM-L6-v2,0.7,0
Erythrostemon palmeri,Poincianella arida,0.3771,not synonym,sentence-transformers/all-MiniLM-L6-v2,0.7,1
Calliandra laevis,Anneslia laevis,0.6346,not synonym,sentence-transformers/all-MiniLM-L6-v2,0.7,1
Gastrolobium parviflorum,Callistachys parviflora,0.5282,not synonym,sentence-transformers/all-MiniLM-L6-v2,0.7,1
Calliandra coriacea,Calliandra glaberrima,0.6454,not synonym,sentence-transformers/all-MiniLM-L6-v2,0.7,1
Polygala papuana,Chorizema parvifolium,0.3171,not synonym,sentence-transformers/all-MiniLM-L6-v2,0.7,0
Calophaca wolgarica,Cytisus pinnatus,0.2434,not synonym,sentence-transformers/all-MiniLM-L6-v2,0.7,1
Acacia bakeri,Mundia capensis,0.3188,not synonym,sentence-transformers/all-MiniLM-L6-v2,0.7,0
Archidendron pauciflorum,Clitoria rubiginosa,0.2787,not synonym,sentence-transformers/all-MiniLM-L6-v2,0.7,0
Polygaloides paucifolia,Mimosa fagifolia,0.4735,not synonym,sentence-transformers/all-MiniLM-L6-v2,0.7,0
Inga pezizifera,Inga microstachya,0.5159,not synonym,sentence-transformers/all-MiniLM-L6-v2,0.7,1
Flemingia faginea,Lebeckia melilotoides,0.4125,not synonym,sentence-transformers/all-MiniLM-L6-v2,0.7,0
Archidendron glabrum,Hansemannia glabra,0.3531,not synonym,sentence-transformers/all-MiniLM-L6-v2,0.7,1
Hoffmannseggia prostrata,Polygala darwiniana,0.3161,not synonym,sentence-transformers/all-MiniLM-L6-v2,0.7,0
Asemeia ilheotica,Polygala ilheotica,0.6793,not synonym,sentence-transformers/all-MiniLM-L6-v2,0.7,1
Lotus germanicus,Chesniella gracilis,0.2029,not synonym,sentence-transformers/all-MiniLM-L6-v2,0.7,0
Genista canariensis,Cytiscus canariensis,0.5945,not synonym,sentence-transformers/all-MiniLM-L6-v2,0.7,1
Millettia acutiflora,Millettia eberhardtii,0.6765,not synonym,sentence-transformers/all-MiniLM-L6-v2,0.7,1
Genista januensis,Comesperma esulifolium,0.204,not synonym,sentence-transformers/all-MiniLM-L6-v2,0.7,0
Archidendron contortum,Feuilleea prostrata,0.182,not synonym,sentence-transformers/all-MiniLM-L6-v2,0.7,0
Xanthophyllum flavescens,Hippocrepis monocarpa,0.1932,not synonym,sentence-transformers/all-MiniLM-L6-v2,0.7,0
Genista anglica,Genistoides linifolia,0.3424,not synonym,sentence-transformers/all-MiniLM-L6-v2,0.7,0
Genista monspessulana,Comesperma kunthianum,0.2816,not synonym,sentence-transformers/all-MiniLM-L6-v2,0.7,0
Ononis dentata,Millettia oocarpa,0.4139,not synonym,sentence-transformers/all-MiniLM-L6-v2,0.7,0
Hoffmannseggia humilis,Isodesmia blanchetiana,0.3704,not synonym,sentence-transformers/all-MiniLM-L6-v2,0.7,0
Eysenhardtia adenostylis,Lotus superbus,0.0788,not synonym,sentence-transformers/all-MiniLM-L6-v2,0.7,0
Monnina wrightii,Monnina eriocarpa,0.6173,not synonym,sentence-transformers/all-MiniLM-L6-v2,0.7,1
Kartalinia acaulis,Polygala quadrangula,0.2948,not synonym,sentence-transformers/all-MiniLM-L6-v2,0.7,0
Ononis sicula,Ononis persica,0.6874,not synonym,sentence-transformers/all-MiniLM-L6-v2,0.7,1
Securidaca divaricata,Securidaca surinamensis,0.6418,not synonym,sentence-transformers/all-MiniLM-L6-v2,0.7,1
Lotus mlanjeanus,Pterospartum tridentatum,0.2166,not synonym,sentence-transformers/all-MiniLM-L6-v2,0.7,0
Calliandra tergemina,Machaerium mucronatum,0.3055,not synonym,sentence-transformers/all-MiniLM-L6-v2,0.7,0
Hippocrepis comosa,Badiera acuminata,0.3411,not synonym,sentence-transformers/all-MiniLM-L6-v2,0.7,0
Aotus gracillima,Monnina pseudoaestuans,0.3018,not synonym,sentence-transformers/all-MiniLM-L6-v2,0.7,0
Calliandra haematomma,Acacia haematomma,0.5619,not synonym,sentence-transformers/all-MiniLM-L6-v2,0.7,1
Genista januensis,Cytisus triangularis,0.1483,not synonym,sentence-transformers/all-MiniLM-L6-v2,0.7,1
Securidaca divaricata,Archidendron vandersijde,0.2355,not synonym,sentence-transformers/all-MiniLM-L6-v2,0.7,0
Polygala salviniana,Polygala macroloncha,0.7132,synonym,sentence-transformers/all-MiniLM-L6-v2,0.7,1
Millettia sericea,Chorizema flavum,0.408,not synonym,sentence-transformers/all-MiniLM-L6-v2,0.7,0
Inga ruiziana,Notospartium carmichaeliae,0.2195,not synonym,sentence-transformers/all-MiniLM-L6-v2,0.7,0
Ancistrotropis firmula,Albizia tonkinensis,0.2417,not synonym,sentence-transformers/all-MiniLM-L6-v2,0.7,0
Ononis tridentata,Caesalpinia pilosa,0.3335,not synonym,sentence-transformers/all-MiniLM-L6-v2,0.7,0
Eleiotis sororia,Dialium wallichii,0.2996,not synonym,sentence-transformers/all-MiniLM-L6-v2,0.7,0
Muraltia ericoides,Callistachys spathulata,0.206,not synonym,sentence-transformers/all-MiniLM-L6-v2,0.7,0
Genista spartioides,Genista millanii,0.604,not synonym,sentence-transformers/all-MiniLM-L6-v2,0.7,1
Calliandra hirsuta,Anneslia hirsuta,0.6656,not synonym,sentence-transformers/all-MiniLM-L6-v2,0.7,1
Quillaja brasiliensis,Quillaja sellowiana,0.6619,not synonym,sentence-transformers/all-MiniLM-L6-v2,0.7,1
Ononis arvensis,Ononis alopecuroides,0.5918,not synonym,sentence-transformers/all-MiniLM-L6-v2,0.7,1
Bredemeyera acuminata,Bredemeyera acuminata,1.0,synonym,sentence-transformers/all-MiniLM-L6-v2,0.7,1
Eleiotis sororia,Hedysarum sororium,0.4426,not synonym,sentence-transformers/all-MiniLM-L6-v2,0.7,1
Genista canariensis,Muraltia stipulacea,0.3794,not synonym,sentence-transformers/all-MiniLM-L6-v2,0.7,0
Polygala leucantha,Polygala cuneata,0.7229,synonym,sentence-transformers/all-MiniLM-L6-v2,0.7,0
Dysolobium pilosum,Carmichaelia angustata,0.2514,not synonym,sentence-transformers/all-MiniLM-L6-v2,0.7,0
Flemingia fluminalis,Flemingia fluminalis,1.0,synonym,sentence-transformers/all-MiniLM-L6-v2,0.7,1
Millettia macroura,Viborquia orthocarpa,0.3636,not synonym,sentence-transformers/all-MiniLM-L6-v2,0.7,0
Genista tenera,Dorycnium subbiflorum,0.1101,not synonym,sentence-transformers/all-MiniLM-L6-v2,0.7,0
Campsiandra angustifolia,Polygala sickii,0.3263,not synonym,sentence-transformers/all-MiniLM-L6-v2,0.7,0
Microcharis contorta,Caesalpinia elata,0.3888,not synonym,sentence-transformers/all-MiniLM-L6-v2,0.7,0
Archidendron jiringa,Machaerium steinbachianum,0.31,not synonym,sentence-transformers/all-MiniLM-L6-v2,0.7,0
Lotus schoelleri,Lotus mearnsii,0.6572,not synonym,sentence-transformers/all-MiniLM-L6-v2,0.7,1
Archidendron fagifolium,Inga fasciculata,0.4468,not synonym,sentence-transformers/all-MiniLM-L6-v2,0.7,0
Nissolia brasiliensis,Chaetocalyx latifolius,0.3226,not synonym,sentence-transformers/all-MiniLM-L6-v2,0.7,1
Millettia zechiana,Codarium solanderi,0.3025,not synonym,sentence-transformers/all-MiniLM-L6-v2,0.7,0
Calliandra magdalenae,Spartium stylosum,0.2113,not synonym,sentence-transformers/all-MiniLM-L6-v2,0.7,0
Kotschya africana,Macrolobium preussii,0.25,not synonym,sentence-transformers/all-MiniLM-L6-v2,0.7,0
Bredemeyera laurifolia,Lotus lalambensis,0.3488,not synonym,sentence-transformers/all-MiniLM-L6-v2,0.7,0
Archidendron lucyi,Affonsea lucyi,0.5827,not synonym,sentence-transformers/all-MiniLM-L6-v2,0.7,1
Acacia peruviana,Acacia peruviana,1.0,synonym,sentence-transformers/all-MiniLM-L6-v2,0.7,1
Polygala minarum,Senega minarum,0.4896,not synonym,sentence-transformers/all-MiniLM-L6-v2,0.7,1
Dialium guianense,Phaseolus pius,0.2046,not synonym,sentence-transformers/all-MiniLM-L6-v2,0.7,0
Millettia aurea,Inga melinonis,0.4947,not synonym,sentence-transformers/all-MiniLM-L6-v2,0.7,0
Lotus arabicus,Lotus borkouanus,0.6388,not synonym,sentence-transformers/all-MiniLM-L6-v2,0.7,1
Archidendron kinubaluense,Pithecellobium kinubaluense,0.3938,not synonym,sentence-transformers/all-MiniLM-L6-v2,0.7,1
Brachypterum scandens,Myroxylon sonsouatense,0.1147,not synonym,sentence-transformers/all-MiniLM-L6-v2,0.7,0
Lotus quinatus,Dorycnium quinatum,0.5632,not synonym,sentence-transformers/all-MiniLM-L6-v2,0.7,1
Monnina arbuscula,Bossiaea coccinea,0.3424,not synonym,sentence-transformers/all-MiniLM-L6-v2,0.7,0
Hebecarpa costaricensis,Polygala consobrina,0.3812,not synonym,sentence-transformers/all-MiniLM-L6-v2,0.7,1
Phlebotaenia cuneata,Amerimnon fasciculatum,0.3852,not synonym,sentence-transformers/all-MiniLM-L6-v2,0.7,0
Archidendron aruense,Pithecellobium incurvatum,0.1643,not synonym,sentence-transformers/all-MiniLM-L6-v2,0.7,1
Hoffmannseggia humilis,Caesalpinia platycarpa,0.3278,not synonym,sentence-transformers/all-MiniLM-L6-v2,0.7,1
Camptosema coriaceum,Bionia rigida,0.2933,not synonym,sentence-transformers/all-MiniLM-L6-v2,0.7,1
Machaerium complanatum,Machaerium parviflorum,0.7343,synonym,sentence-transformers/all-MiniLM-L6-v2,0.7,1
Julbernardia seretii,Genista saharae,0.4104,not synonym,sentence-transformers/all-MiniLM-L6-v2,0.7,0
Polygala serpyllifolia,Polygala serpyllacea,0.8737,synonym,sentence-transformers/all-MiniLM-L6-v2,0.7,1
Machaerium isadelphum,Nissolia aculeata,0.2933,not synonym,sentence-transformers/all-MiniLM-L6-v2,0.7,1
Archidendron sessile,Archidendron sessile,1.0,synonym,sentence-transformers/all-MiniLM-L6-v2,0.7,1
Erythrostemon placidus,Falcata japonica,0.2241,not synonym,sentence-transformers/all-MiniLM-L6-v2,0.7,0
Calliandra cruegeri,Feuilleea cruegeri,0.6595,not synonym,sentence-transformers/all-MiniLM-L6-v2,0.7,1
Echinospartum horridum,Millettia platyphylla,0.2252,not synonym,sentence-transformers/all-MiniLM-L6-v2,0.7,0
Caamembeca gigantea,Quillaja petiolaris,0.4749,not synonym,sentence-transformers/all-MiniLM-L6-v2,0.7,0
Nogra dalzellii,Mimosa hymenaeodes,0.2161,not synonym,sentence-transformers/all-MiniLM-L6-v2,0.7,0
Flemingia parviflora,Feuilleea nuda,0.4056,not synonym,sentence-transformers/all-MiniLM-L6-v2,0.7,0
Muraltia ononidifolia,Mundtia heterophylla,0.4187,not synonym,sentence-transformers/all-MiniLM-L6-v2,0.7,1
Adenopodia rotundifolia,Pseudoentada rotundifolia,0.5834,not synonym,sentence-transformers/all-MiniLM-L6-v2,0.7,1
Millettia barteri,Calliandra yunckeri,0.3662,not synonym,sentence-transformers/all-MiniLM-L6-v2,0.7,0
Machaerium ruddianum,Drepanocarpus floridus,0.2955,not synonym,sentence-transformers/all-MiniLM-L6-v2,0.7,1
Nissolia wislizeni,Inga guaremalensis,0.3443,not synonym,sentence-transformers/all-MiniLM-L6-v2,0.7,0
Genista tricuspidata,Feuilleea humilis,0.3844,not synonym,sentence-transformers/all-MiniLM-L6-v2,0.7,0
Machaerium dubium,Corniola sibirica,0.1629,not synonym,sentence-transformers/all-MiniLM-L6-v2,0.7,0
Ononis variegata,Bugranopsis variegata,0.582,not synonym,sentence-transformers/all-MiniLM-L6-v2,0.7,1
Genista segonnei,Cytisus pseudoumbellatus,0.0791,not synonym,sentence-transformers/all-MiniLM-L6-v2,0.7,1
Hebecarpa barbeyana,Polygala tenuiloba,0.3132,not synonym,sentence-transformers/all-MiniLM-L6-v2,0.7,1
Julbernardia paniculata,Anonis scariosa,0.3525,not synonym,sentence-transformers/all-MiniLM-L6-v2,0.7,0
Acacia obtusifolia,Genistella capitata,0.1918,not synonym,sentence-transformers/all-MiniLM-L6-v2,0.7,0
Muraltia lancifolia,Millettia hemsleyana,0.3803,not synonym,sentence-transformers/all-MiniLM-L6-v2,0.7,0
Carmichaelia nana,Muraltia phylicoides,0.2094,not synonym,sentence-transformers/all-MiniLM-L6-v2,0.7,0
Inga rubiginosa,Polygala pseudojuncea,0.2408,not synonym,sentence-transformers/all-MiniLM-L6-v2,0.7,0
Calliandra guildingii,Calliandra decrescens,0.666,not synonym,sentence-transformers/all-MiniLM-L6-v2,0.7,1
Bredemeyera hebeclada,Catocoma kunthiana,0.3437,not synonym,sentence-transformers/all-MiniLM-L6-v2,0.7,1
Acanthocladus brasiliensis,Cytisus canescens,0.3183,not synonym,sentence-transformers/all-MiniLM-L6-v2,0.7,0
Archidendron glandulosum,Oxylobium rigidum,0.2762,not synonym,sentence-transformers/all-MiniLM-L6-v2,0.7,0
Muraltia ciliaris,Comesperma corniculatum,0.1795,not synonym,sentence-transformers/all-MiniLM-L6-v2,0.7,0
Securidaca virgata,Carmichaelia juncea,0.3721,not synonym,sentence-transformers/all-MiniLM-L6-v2,0.7,0
Millettia griffoniana,Acacia glaucophylla,0.4311,not synonym,sentence-transformers/all-MiniLM-L6-v2,0.7,0
Gastrolobium brownii,Bonjeania hirsuta,0.2169,not synonym,sentence-transformers/all-MiniLM-L6-v2,0.7,0
Genista albida,Genista montbretii,0.7149,synonym,sentence-transformers/all-MiniLM-L6-v2,0.7,1
Monnina macrostachya,Polygala lanceolata,0.4419,not synonym,sentence-transformers/all-MiniLM-L6-v2,0.7,1
Mantiqueira bella,Bionia bella,0.6612,not synonym,sentence-transformers/all-MiniLM-L6-v2,0.7,1
Archidendron turgidum,Banisteroides glaucum,0.3093,not synonym,sentence-transformers/all-MiniLM-L6-v2,0.7,0
Lotus berthelotii,Monnina lingua,0.2805,not synonym,sentence-transformers/all-MiniLM-L6-v2,0.7,0
Gilbertiodendron demonstrans,Heistera dumosa,0.2315,not synonym,sentence-transformers/all-MiniLM-L6-v2,0.7,0
Muraltia filiformis,Geissaspis descampsii,0.3728,not synonym,sentence-transformers/all-MiniLM-L6-v2,0.7,0
Gastrolobium heterophyllum,Dialium discolor,0.1572,not synonym,sentence-transformers/all-MiniLM-L6-v2,0.7,0
Machaerium lunatum,Pterocarpus lunatus,0.4201,not synonym,sentence-transformers/all-MiniLM-L6-v2,0.7,1
Chesneya mongolica,Monnina uribei,0.3489,not synonym,sentence-transformers/all-MiniLM-L6-v2,0.7,0
Chesneya cuneata,Monnina crotalariifolia,0.3463,not synonym,sentence-transformers/all-MiniLM-L6-v2,0.7,0
Monnina xalapensis,Dalbergia oojeinensis,0.2688,not synonym,sentence-transformers/all-MiniLM-L6-v2,0.7,0
Muraltia stipulacea,Anonis arvensis,0.2892,not synonym,sentence-transformers/all-MiniLM-L6-v2,0.7,0
Millettia nudiflora,Cylindrokelupha kerrii,0.3797,not synonym,sentence-transformers/all-MiniLM-L6-v2,0.7,0
Monnina weddelliana,Oxylobium atropurpureum,0.193,not synonym,sentence-transformers/all-MiniLM-L6-v2,0.7,0
Ononis curtipendula,Ononis alpina,0.5981,not synonym,sentence-transformers/all-MiniLM-L6-v2,0.7,0
Monnina celastroides,Solori cumingii,0.3099,not synonym,sentence-transformers/all-MiniLM-L6-v2,0.7,0
Atroxima afzeliana,Carpolobia afzeliana,0.6495,not synonym,sentence-transformers/all-MiniLM-L6-v2,0.7,1
Inga sapindoides,Inga medellinensis,0.5621,not synonym,sentence-transformers/all-MiniLM-L6-v2,0.7,1
Acacia paradoxa,Acacia barteriana,0.7225,synonym,sentence-transformers/all-MiniLM-L6-v2,0.7,1
Myroxylon peruiferum,Mimosa cassioides,0.3594,not synonym,sentence-transformers/all-MiniLM-L6-v2,0.7,0
Genista cinerea,Cytisus cinereus,0.3558,not synonym,sentence-transformers/all-MiniLM-L6-v2,0.7,1
Chesneya kopetdaghensis,Carmichaelia suteri,0.2847,not synonym,sentence-transformers/all-MiniLM-L6-v2,0.7,0
Badiera penaea,Badiera domingensis,0.702,synonym,sentence-transformers/all-MiniLM-L6-v2,0.7,1
Discolobium paucijugum,Carmichaelia diffusa,0.3388,not synonym,sentence-transformers/all-MiniLM-L6-v2,0.7,0
Neoapaloxylon tuberosum,Polygala ilheotica,0.3011,not synonym,sentence-transformers/all-MiniLM-L6-v2,0.7,0
Calliandra blanchetii,Feuilleea blanchetii,0.71,synonym,sentence-transformers/all-MiniLM-L6-v2,0.7,1
Gilbertiodendron demonstrans,Macrolobium demonstrans,0.3929,not synonym,sentence-transformers/all-MiniLM-L6-v2,0.7,1
Epirixanthes elongata,Salomonia parasitica,0.4075,not synonym,sentence-transformers/all-MiniLM-L6-v2,0.7,1
Calliandra tweediei,Heisteria calycina,0.3115,not synonym,sentence-transformers/all-MiniLM-L6-v2,0.7,0
Polygaloides munbyana,Chamaebuxus munbyana,0.5996,not synonym,sentence-transformers/all-MiniLM-L6-v2,0.7,1
Millettia sericea,Cylindrokelupha glabrifolia,0.3266,not synonym,sentence-transformers/all-MiniLM-L6-v2,0.7,0
Calliandra taxifolia,Albizia robinsonii,0.3386,not synonym,sentence-transformers/all-MiniLM-L6-v2,0.7,0
Monnina xalapensis,Monnina bifurcata,0.4826,not synonym,sentence-transformers/all-MiniLM-L6-v2,0.7,1
Lupinus angustifolius,Lupinus linifolius,0.8314,synonym,sentence-transformers/all-MiniLM-L6-v2,0.7,1
Bouffordia dichotoma,Desmodium sennaarense,0.25,not synonym,sentence-transformers/all-MiniLM-L6-v2,0.7,1
Asemeia grandiflora,Feuilleea expansa,0.4434,not synonym,sentence-transformers/all-MiniLM-L6-v2,0.7,0
Asemeia grandiflora,Polygala krugii,0.3877,not synonym,sentence-transformers/all-MiniLM-L6-v2,0.7,1
Muraltia ericoides,Muraltia burmanni,0.6736,not synonym,sentence-transformers/all-MiniLM-L6-v2,0.7,1
Caamembeca andina,Cyclopia brachypoda,0.2948,not synonym,sentence-transformers/all-MiniLM-L6-v2,0.7,0
Gastrolobium coriaceum,Podolobium coriaceum,0.6979,not synonym,sentence-transformers/all-MiniLM-L6-v2,0.7,1
Lotus quinatus,Lotus brachycarpus,0.6696,not synonym,sentence-transformers/all-MiniLM-L6-v2,0.7,1
Mora excelsa,Mora guianensis,0.543,not synonym,sentence-transformers/all-MiniLM-L6-v2,0.7,1
Archidendron bigeminum,Abarema monadelpha,0.3073,not synonym,sentence-transformers/all-MiniLM-L6-v2,0.7,1
Hoffmannseggia glauca,Polygala natalensis,0.2748,not synonym,sentence-transformers/all-MiniLM-L6-v2,0.7,0
Acacia auriculiformis,Smithia uguenensis,0.2691,not synonym,sentence-transformers/all-MiniLM-L6-v2,0.7,0
Calliandra humilis,Polygala brachiata,0.3223,not synonym,sentence-transformers/all-MiniLM-L6-v2,0.7,0
Machaerium debile,Machaerium violaceum,0.6805,not synonym,sentence-transformers/all-MiniLM-L6-v2,0.7,1
Machaerium floridum,Drepanocarpus floridus,0.3097,not synonym,sentence-transformers/all-MiniLM-L6-v2,0.7,1
Archidendron minahassae,Abarema quocensis,0.1927,not synonym,sentence-transformers/all-MiniLM-L6-v2,0.7,0
Ononis campestris,Polygala philippiana,0.3319,not synonym,sentence-transformers/all-MiniLM-L6-v2,0.7,0
Flemingia trifoliata,Polygala rottleriana,0.4229,not synonym,sentence-transformers/all-MiniLM-L6-v2,0.7,0
Muraltia ciliaris,Heistera ciliaris,0.6426,not synonym,sentence-transformers/all-MiniLM-L6-v2,0.7,1
Archidendron clypearia,Monnina brachystachya,0.4026,not synonym,sentence-transformers/all-MiniLM-L6-v2,0.7,0
Hoffmannseggia glauca,Dorycnium sphaerocarpum,0.1732,not synonym,sentence-transformers/all-MiniLM-L6-v2,0.7,0
Hippocrepis areolata,Spartium pusillum,0.1665,not synonym,sentence-transformers/all-MiniLM-L6-v2,0.7,0
Lupinus angustifolius,Heisteria cliffortiifolia,0.3698,not synonym,sentence-transformers/all-MiniLM-L6-v2,0.7,0
Archidendron robinsonii,Abarema opposita,0.2077,not synonym,sentence-transformers/all-MiniLM-L6-v2,0.7,0
Erythrostemon exilifolius,Cytisus racemosus,0.3135,not synonym,sentence-transformers/all-MiniLM-L6-v2,0.7,0
Genista triquetra,Elsota sylvestris,0.3656,not synonym,sentence-transformers/all-MiniLM-L6-v2,0.7,0
Muraltia spinosa,Xanthophyllum pyrifolium,0.2688,not synonym,sentence-transformers/all-MiniLM-L6-v2,0.7,0
Rhamphopetalum microphyllum,Bredemeyera microphylla,0.5485,not synonym,sentence-transformers/all-MiniLM-L6-v2,0.7,1
Muraltia ericoides,Polygala stipulaceae,0.3616,not synonym,sentence-transformers/all-MiniLM-L6-v2,0.7,1
Flemingia parviflora,Psoralea luteosa,0.354,not synonym,sentence-transformers/all-MiniLM-L6-v2,0.7,1
Eysenhardtia polystachya,Psoralea stipularis,0.3419,not synonym,sentence-transformers/all-MiniLM-L6-v2,0.7,1
Ononis serrata,Mundtia scoparia,0.2523,not synonym,sentence-transformers/all-MiniLM-L6-v2,0.7,0
Acacia neorigida,Amphicarpaea bracteata,0.3229,not synonym,sentence-transformers/all-MiniLM-L6-v2,0.7,0
Lotus graecus,Lotus mossamedensis,0.5751,not synonym,sentence-transformers/all-MiniLM-L6-v2,0.7,0
Cyclopia genistoides,Smithia scaberrima,0.2037,not synonym,sentence-transformers/all-MiniLM-L6-v2,0.7,0
Dimorphandra davisiae,Dimorphandra mari,0.8531,synonym,sentence-transformers/all-MiniLM-L6-v2,0.7,1
Genista balearica,Genista valdes-bermejoi,0.6256,not synonym,sentence-transformers/all-MiniLM-L6-v2,0.7,1
Calliandra rhodocephala,Calophaca acaulis,0.3629,not synonym,sentence-transformers/all-MiniLM-L6-v2,0.7,0
Millettia pachycarpa,Millettia taiwaniana,0.6808,not synonym,sentence-transformers/all-MiniLM-L6-v2,0.7,1
Errazurizia multifoliolata,Oxylobium genistoides,0.205,not synonym,sentence-transformers/all-MiniLM-L6-v2,0.7,0
Machaerium inundatum,Drepanocarpus inundatus,0.2988,not synonym,sentence-transformers/all-MiniLM-L6-v2,0.7,1
Archidendron robinsonii,Albizia robinsonii,0.5778,not synonym,sentence-transformers/all-MiniLM-L6-v2,0.7,1
Polygala rosea,Acacia lancifolia,0.3485,not synonym,sentence-transformers/all-MiniLM-L6-v2,0.7,0
Gastrolobium oxylobioides,Hoffmannseggia nana,0.0293,not synonym,sentence-transformers/all-MiniLM-L6-v2,0.7,0
Inga sapindoides,Inga bonplandiana,0.5784,not synonym,sentence-transformers/all-MiniLM-L6-v2,0.7,1
Genista germanica,Genista heteroacantha,0.6386,not synonym,sentence-transformers/all-MiniLM-L6-v2,0.7,1
Quillaja saponaria,Quillaja molinae,0.718,synonym,sentence-transformers/all-MiniLM-L6-v2,0.7,1
Archidendron lucyi,Ononis cirtensis,0.2327,not synonym,sentence-transformers/all-MiniLM-L6-v2,0.7,0
Lotus cytisoides,Lotus glaucus,0.6498,not synonym,sentence-transformers/all-MiniLM-L6-v2,0.7,1
Inga fendleriana,Inga rugosa,0.5701,not synonym,sentence-transformers/all-MiniLM-L6-v2,0.7,1
Genista monspessulana,Teline eriooarpa,0.2659,not synonym,sentence-transformers/all-MiniLM-L6-v2,0.7,1
Polygala longifolia,Polygala oligophylla,0.647,not synonym,sentence-transformers/all-MiniLM-L6-v2,0.7,1
Xanthophyllum flavescens,Hippocrepis heterocarpa,0.2098,not synonym,sentence-transformers/all-MiniLM-L6-v2,0.7,0
Polygala fontellana,Heisteria striata,0.4759,not synonym,sentence-transformers/all-MiniLM-L6-v2,0.7,0
Polygala celosioides,Polygala bracteoglandulosa,0.7129,synonym,sentence-transformers/all-MiniLM-L6-v2,0.7,1
Carmichaelia nana,Dialium havilandii,0.249,not synonym,sentence-transformers/all-MiniLM-L6-v2,0.7,0
Comesperma virgatum,Securidaca hebeclada,0.3322,not synonym,sentence-transformers/all-MiniLM-L6-v2,0.7,0
Archidendron brevipes,Pithecellobium brevipes,0.3051,not synonym,sentence-transformers/all-MiniLM-L6-v2,0.7,1
Lotus weilleri,Baudouinia perrieri,0.4011,not synonym,sentence-transformers/all-MiniLM-L6-v2,0.7,0
Lebruniodendron leptanthum,Cynometra koko,0.2031,not synonym,sentence-transformers/all-MiniLM-L6-v2,0.7,1
Polygala celosioides,Polygala spruceana,0.6308,not synonym,sentence-transformers/all-MiniLM-L6-v2,0.7,1
Archidendron kunstleri,Abarema kunstleri,0.7461,synonym,sentence-transformers/all-MiniLM-L6-v2,0.7,1
Chesneya rytidosperma,Chesneya microphylla,0.6369,not synonym,sentence-transformers/all-MiniLM-L6-v2,0.7,1
Hoffmannseggia drepanocarpa,Abarema multifoliolata,0.3038,not synonym,sentence-transformers/all-MiniLM-L6-v2,0.7,0
Lotus arenarius,Lotus aurantius,0.7727,synonym,sentence-transformers/all-MiniLM-L6-v2,0.7,1
Kotschya africana,Smithia bequaertii,0.2939,not synonym,sentence-transformers/all-MiniLM-L6-v2,0.7,1
Echinospartum lusitanicum,Pithecellobium kostermansianum,0.3763,not synonym,sentence-transformers/all-MiniLM-L6-v2,0.7,0
Securidaca divaricata,Pteromonnina fosbergii,0.3117,not synonym,sentence-transformers/all-MiniLM-L6-v2,0.7,0
Chesneya intermedia,Spongiocarpella intermedia,0.4983,not synonym,sentence-transformers/all-MiniLM-L6-v2,0.7,1
Collaea stenophylla,Galactia virgata,0.4446,not synonym,sentence-transformers/all-MiniLM-L6-v2,0.7,1
Polygala major,Guinetia tehuantepecensis,0.3029,not synonym,sentence-transformers/all-MiniLM-L6-v2,0.7,0
Monnina tristaniana,Monnina luteola,0.7317,synonym,sentence-transformers/all-MiniLM-L6-v2,0.7,1
Ononis pendula,Polygala intricata,0.3594,not synonym,sentence-transformers/all-MiniLM-L6-v2,0.7,0
Dialium zenkeri,Dialium soyauxii,0.4917,not synonym,sentence-transformers/all-MiniLM-L6-v2,0.7,1
Erythrostemon pannosus,Rhynchotropis curtisiae,0.3705,not synonym,sentence-transformers/all-MiniLM-L6-v2,0.7,0
Acacia havilandiorum,Nissolia scandens,0.1903,not synonym,sentence-transformers/all-MiniLM-L6-v2,0.7,0
Millettia fruticosa,Phaseolodes fruticosum,0.6084,not synonym,sentence-transformers/all-MiniLM-L6-v2,0.7,1
Genista clavata,Acacia fasciculata,0.1663,not synonym,sentence-transformers/all-MiniLM-L6-v2,0.7,0
Securidaca goudotiana,Elsota goudotiana,0.6856,not synonym,sentence-transformers/all-MiniLM-L6-v2,0.7,1
Calliandra taxifolia,Polygala violacea,0.3299,not synonym,sentence-transformers/all-MiniLM-L6-v2,0.7,0
Hoffmannseggia viscosa,Dialium simii,0.1828,not synonym,sentence-transformers/all-MiniLM-L6-v2,0.7,0
Polygala karensium,Polygala luteoalba,0.7326,synonym,sentence-transformers/all-MiniLM-L6-v2,0.7,1
Dialium guineense,Heterosamara wattersii,0.1381,not synonym,sentence-transformers/all-MiniLM-L6-v2,0.7,0
Acacia gilbertii,Heisteria alopecurodes,0.2076,not synonym,sentence-transformers/all-MiniLM-L6-v2,0.7,0
Ononis pubescens,Machaerium compressicaule,0.1392,not synonym,sentence-transformers/all-MiniLM-L6-v2,0.7,0
Monnina ramosa,Ebenidium bourgeanii,0.2884,not synonym,sentence-transformers/all-MiniLM-L6-v2,0.7,0
Nissolia vincentina,Chaetocalyx vestitus,0.1878,not synonym,sentence-transformers/all-MiniLM-L6-v2,0.7,1
Dialium englerianum,Acacia anomala,0.1271,not synonym,sentence-transformers/all-MiniLM-L6-v2,0.7,0
Genista monspessulana,Genista syriaca,0.6945,not synonym,sentence-transformers/all-MiniLM-L6-v2,0.7,1
Muraltia leptorhiza,Heisteria leptorhiza,0.6325,not synonym,sentence-transformers/all-MiniLM-L6-v2,0.7,1
Polygala cneorum,Lotus eylesii,0.369,not synonym,sentence-transformers/all-MiniLM-L6-v2,0.7,0
Archidendron glomeriflorum,Feuilleea glomeriflora,0.4916,not synonym,sentence-transformers/all-MiniLM-L6-v2,0.7,1
Glycine clandestina,Inga grandifolia,0.3294,not synonym,sentence-transformers/all-MiniLM-L6-v2,0.7,0
Polygala fendleri,Senega fendleri,0.5686,not synonym,sentence-transformers/all-MiniLM-L6-v2,0.7,1
Ononis cossoniana,Ononis diffusa,0.7147,synonym,sentence-transformers/all-MiniLM-L6-v2,0.7,1
Inga setosa,Inga chrysotricha,0.5725,not synonym,sentence-transformers/all-MiniLM-L6-v2,0.7,1
Gonocytisus angulatus,Genista parviflora,0.1245,not synonym,sentence-transformers/all-MiniLM-L6-v2,0.7,1
Acanthocladus scleroxylon,Lobomon acutifolium,0.3627,not synonym,sentence-transformers/all-MiniLM-L6-v2,0.7,0
Dialium kunstleri,Dialium sylvestre,0.5338,not synonym,sentence-transformers/all-MiniLM-L6-v2,0.7,1
Gilbertiodendron pachyanthum,Pterocarpus anterus,0.2999,not synonym,sentence-transformers/all-MiniLM-L6-v2,0.7,0
Archidendron ellipticum,Albizia elliptica,0.4256,not synonym,sentence-transformers/all-MiniLM-L6-v2,0.7,1
Asemeia grandiflora,Polygala bahamensis,0.3523,not synonym,sentence-transformers/all-MiniLM-L6-v2,0.7,1
Lotus berthelotii,Heinekenia peliorhyncha,0.3156,not synonym,sentence-transformers/all-MiniLM-L6-v2,0.7,1
Archidendron glabrum,Lotus candidus,0.1735,not synonym,sentence-transformers/all-MiniLM-L6-v2,0.7,0
Hoffmannseggia glauca,Hoffmanseggia glauca,0.8283,synonym,sentence-transformers/all-MiniLM-L6-v2,0.7,1
Monnina cuneata,Millettia lasiantha,0.4236,not synonym,sentence-transformers/all-MiniLM-L6-v2,0.7,0
Ononis vaginalis,Ononis cherleri,0.4956,not synonym,sentence-transformers/all-MiniLM-L6-v2,0.7,1
Acacia lentiginea,Lotus tenuifolius,0.2176,not synonym,sentence-transformers/all-MiniLM-L6-v2,0.7,0
Polygala timoutou,Polygala timutu,0.914,synonym,sentence-transformers/all-MiniLM-L6-v2,0.7,1
Monnina marginata,Monnina divaristachya,0.6416,not synonym,sentence-transformers/all-MiniLM-L6-v2,0.7,1
Humularia drepanocephala,Coronilla hirsuta,0.2471,not synonym,sentence-transformers/all-MiniLM-L6-v2,0.7,0
Xanthophyllum ancolanum,Xanthophyllum sumatranum,0.8268,synonym,sentence-transformers/all-MiniLM-L6-v2,0.7,1
Monnina marginata,Monnina petiolaris,0.6062,not synonym,sentence-transformers/all-MiniLM-L6-v2,0.7,1
Securidaca tomentosa,Securidaca luschnathiana,0.6422,not synonym,sentence-transformers/all-MiniLM-L6-v2,0.7,1
Polygala major,Polygala grandis,0.7564,synonym,sentence-transformers/all-MiniLM-L6-v2,0.7,1
Inga fastuosa,Feuilleea venosa,0.392,not synonym,sentence-transformers/all-MiniLM-L6-v2,0.7,1
Inga edwallii,Acacia tristis,0.2294,not synonym,sentence-transformers/all-MiniLM-L6-v2,0.7,0
Asemeia ovata,Abarema yunnanense,0.3085,not synonym,sentence-transformers/all-MiniLM-L6-v2,0.7,0
Scottia pseudobrowniana,Scottia browniana,0.6797,not synonym,sentence-transformers/all-MiniLM-L6-v2,0.7,1
Lupinus andersonii,Lupinus pumicola,0.6791,not synonym,sentence-transformers/all-MiniLM-L6-v2,0.7,1
Calliandra selloi,Calliandra yucunensis,0.5518,not synonym,sentence-transformers/all-MiniLM-L6-v2,0.7,1
Calpurnia sericea,Nissolia incorruptibilis,0.2434,not synonym,sentence-transformers/all-MiniLM-L6-v2,0.7,0
Muraltia alopecuroides,Muraltia virgata,0.4664,not synonym,sentence-transformers/all-MiniLM-L6-v2,0.7,1
Polygala bonariensis,Lupinus sabinianus,0.2908,not synonym,sentence-transformers/all-MiniLM-L6-v2,0.7,0
Flemingia yunnanensis,Maughania yunnanensis,0.6065,not synonym,sentence-transformers/all-MiniLM-L6-v2,0.7,1
Amphicarpaea bracteata,Polygala fuertesii,0.3837,not synonym,sentence-transformers/all-MiniLM-L6-v2,0.7,0
Millettia griffoniana,Ostryocarpus parviflorus,0.3284,not synonym,sentence-transformers/all-MiniLM-L6-v2,0.7,1
Gonocytisus angulatus,Cytisus parviflorus,0.4537,not synonym,sentence-transformers/all-MiniLM-L6-v2,0.7,1
Muraltia flanaganii,Muraltia ecornuta,0.6461,not synonym,sentence-transformers/all-MiniLM-L6-v2,0.7,1
Flemingia macrophylla,Polygala parva,0.303,not synonym,sentence-transformers/all-MiniLM-L6-v2,0.7,0
Dialium kasaiense,Acacia deltoidea,0.3169,not synonym,sentence-transformers/all-MiniLM-L6-v2,0.7,0
Delonix tomentosa,Ononis spicata,0.4095,not synonym,sentence-transformers/all-MiniLM-L6-v2,0.7,0
Cyclopia genistoides,Acacia pauciflora,0.1197,not synonym,sentence-transformers/all-MiniLM-L6-v2,0.7,0
Camptosema spectabile,Glycine vincentina,0.1123,not synonym,sentence-transformers/all-MiniLM-L6-v2,0.7,0
Polygala longifolia,Zuccagnia eremophila,0.2572,not synonym,sentence-transformers/all-MiniLM-L6-v2,0.7,0
Xanthophyllum vitellinum,Xanthophyllum longifolium,0.8039,synonym,sentence-transformers/all-MiniLM-L6-v2,0.7,1
Flemingia macrophylla,Maughania brevipes,0.2571,not synonym,sentence-transformers/all-MiniLM-L6-v2,0.7,1
Collaea stenophylla,Collaea virgata,0.6414,not synonym,sentence-transformers/all-MiniLM-L6-v2,0.7,1
Xanthophyllum sylvestre,Xanthophyllum laoticum,0.8448,synonym,sentence-transformers/all-MiniLM-L6-v2,0.7,1
Inga danieli,Polygala tonsa,0.221,not synonym,sentence-transformers/all-MiniLM-L6-v2,0.7,0
Machaerium condensatum,Machaerium viridipetalum,0.7108,synonym,sentence-transformers/all-MiniLM-L6-v2,0.7,1
Monnina polygonoides,Pteromonnina polygonoides,0.7073,synonym,sentence-transformers/all-MiniLM-L6-v2,0.7,1
Calliandra blanchetii,Dalbergia pulchra,0.3851,not synonym,sentence-transformers/all-MiniLM-L6-v2,0.7,0
Inga inundata,Polygala sinaloensis,0.2494,not synonym,sentence-transformers/all-MiniLM-L6-v2,0.7,0
Angylocalyx oligophyllus,Sophora oligophylla,0.5676,not synonym,sentence-transformers/all-MiniLM-L6-v2,0.7,1
Inga heterophylla,Heisteria laricifolia,0.3942,not synonym,sentence-transformers/all-MiniLM-L6-v2,0.7,0
Stylobasium australe,Stylobasium lineare,0.7981,synonym,sentence-transformers/all-MiniLM-L6-v2,0.7,1
Genista triangularis,Feuilleea jinicuil,0.3329,not synonym,sentence-transformers/all-MiniLM-L6-v2,0.7,0
Muraltia stipulacea,Polygala tricornis,0.3653,not synonym,sentence-transformers/all-MiniLM-L6-v2,0.7,0
Cyclopia buxifolia,Dialium macranthum,0.2622,not synonym,sentence-transformers/all-MiniLM-L6-v2,0.7,0
Bossiaea dentata,Ononis dehnhardtii,0.4941,not synonym,sentence-transformers/all-MiniLM-L6-v2,0.7,0
Acacia cyclops,Racosperma eglandulosum,0.1657,not synonym,sentence-transformers/all-MiniLM-L6-v2,0.7,1
Xanthophyllum obscurum,Moghania praecox,0.327,not synonym,sentence-transformers/all-MiniLM-L6-v2,0.7,0
Nissolia longiloba,Caesalpinia hughesii,0.3621,not synonym,sentence-transformers/all-MiniLM-L6-v2,0.7,0
Flemingia strobilifera,Moghania fluminalis,0.5076,not synonym,sentence-transformers/all-MiniLM-L6-v2,0.7,1
Ononis arborescens,Leptocyamus tabacina,0.3124,not synonym,sentence-transformers/all-MiniLM-L6-v2,0.7,0
Archidendron monopterum,Morolobium monopterum,0.6277,not synonym,sentence-transformers/all-MiniLM-L6-v2,0.7,1
Securidaca virgata,Securidaca scandens,0.7185,synonym,sentence-transformers/all-MiniLM-L6-v2,0.7,1
Muraltia stipulacea,Polygala micrantha,0.3812,not synonym,sentence-transformers/all-MiniLM-L6-v2,0.7,1
Carmichaelia australis,Carmichaelia silvatica,0.757,synonym,sentence-transformers/all-MiniLM-L6-v2,0.7,1
Machaerium robiniifolium,Spartium ephedroides,0.1806,not synonym,sentence-transformers/all-MiniLM-L6-v2,0.7,0
Millettia siwalica,Millettia siwalika,0.913,synonym,sentence-transformers/all-MiniLM-L6-v2,0.7,1
Betencourtia neesii,Machaerium microphyllum,0.0745,not synonym,sentence-transformers/all-MiniLM-L6-v2,0.7,0
Calliandra tergemina,Feuilleea tergemina,0.4636,not synonym,sentence-transformers/all-MiniLM-L6-v2,0.7,1
Securidaca bialata,Polygala moldavica,0.3896,not synonym,sentence-transformers/all-MiniLM-L6-v2,0.7,0
Carmichaelia odorata,Racosperma chinchillense,0.1371,not synonym,sentence-transformers/all-MiniLM-L6-v2,0.7,0
Polygala cneorum,Dalbergia scandens,0.422,not synonym,sentence-transformers/all-MiniLM-L6-v2,0.7,0
Asemeia violacea,Acacia cassioides,0.3319,not synonym,sentence-transformers/all-MiniLM-L6-v2,0.7,0
Apios carnea,Cyrtotropis carnea,0.3611,not synonym,sentence-transformers/all-MiniLM-L6-v2,0.7,1
Archidendron palauense,Abarema laxiflora,0.1525,not synonym,sentence-transformers/all-MiniLM-L6-v2,0.7,1
Ononis mitissima,Machaerium micropterum,0.2164,not synonym,sentence-transformers/all-MiniLM-L6-v2,0.7,0
Muraltia crassifolia,Heistera crassifolia,0.6641,not synonym,sentence-transformers/all-MiniLM-L6-v2,0.7,1
Securidaca diversifolia,Cyclopia vogelii,0.2686,not synonym,sentence-transformers/all-MiniLM-L6-v2,0.7,0
Hanslia ormocarpoides,Ebenus montbretii,0.3134,not synonym,sentence-transformers/all-MiniLM-L6-v2,0.7,0
Securidaca calophylla,Corytholobium macrophyllum,0.3156,not synonym,sentence-transformers/all-MiniLM-L6-v2,0.7,1
Nissolia latisiliqua,Monnina purpurea,0.34,not synonym,sentence-transformers/all-MiniLM-L6-v2,0.7,0
Acacia incanicarpa,Cytisus germanicus,0.2138,not synonym,sentence-transformers/all-MiniLM-L6-v2,0.7,0
Brachypterum pseudinvolutum,Damapana capitulifera,0.3122,not synonym,sentence-transformers/all-MiniLM-L6-v2,0.7,0
Ononis rotundifolia,Calliandra pulcherrima,0.3895,not synonym,sentence-transformers/all-MiniLM-L6-v2,0.7,0
Hoita macrostachya,Ononis cherleri,0.3218,not synonym,sentence-transformers/all-MiniLM-L6-v2,0.7,0
Bossiaea ornata,Maughania lacei,0.3685,not synonym,sentence-transformers/all-MiniLM-L6-v2,0.7,0
Gastrolobium formosum,Jansonia formosa,0.3911,not synonym,sentence-transformers/all-MiniLM-L6-v2,0.7,1
Daprainia kingiana,Desmodium pseudarthrioides,0.3889,not synonym,sentence-transformers/all-MiniLM-L6-v2,0.7,1
Machaerium isadelphum,Machaerium longifolium,0.7867,synonym,sentence-transformers/all-MiniLM-L6-v2,0.7,1
Polygala celosioides,Polygala celosioides,1.0,synonym,sentence-transformers/all-MiniLM-L6-v2,0.7,1
Muraltia stipulacea,Phaseolodes piscidia,0.2782,not synonym,sentence-transformers/all-MiniLM-L6-v2,0.7,0
Betencourtia neesii,Galactia pedunculata,0.2854,not synonym,sentence-transformers/all-MiniLM-L6-v2,0.7,1
Genista albida,Genista pulverulenta,0.7043,synonym,sentence-transformers/all-MiniLM-L6-v2,0.7,1
Kotschya strobilantha,Damapana strobilantha,0.6502,not synonym,sentence-transformers/all-MiniLM-L6-v2,0.7,1
Polygala telephium,Drepanocarpus ferox,0.2421,not synonym,sentence-transformers/all-MiniLM-L6-v2,0.7,0
Inga longiflora,Polygala remansoense,0.3671,not synonym,sentence-transformers/all-MiniLM-L6-v2,0.7,0
Monnina tristaniana,Pteromonnina tristaniana,0.7293,synonym,sentence-transformers/all-MiniLM-L6-v2,0.7,1
Muraltia ericoides,Mundia desertorum,0.3215,not synonym,sentence-transformers/all-MiniLM-L6-v2,0.7,0
Archidendron dalatense,Cylindrokelupha dalatensis,0.3517,not synonym,sentence-transformers/all-MiniLM-L6-v2,0.7,1
Gymnospora violoides,Polygala petalantha,0.3534,not synonym,sentence-transformers/all-MiniLM-L6-v2,0.7,1
Mundulea sericea,Moghania angusta,0.4897,not synonym,sentence-transformers/all-MiniLM-L6-v2,0.7,0
Genista monspessulana,Flemingia kweichowensis,0.2106,not synonym,sentence-transformers/all-MiniLM-L6-v2,0.7,0
Bossiaea rhombifolia,Bossiaea rotundifolia,0.8177,synonym,sentence-transformers/all-MiniLM-L6-v2,0.7,1
Archidendron havilandii,Cylindrokelupha havilandii,0.5032,not synonym,sentence-transformers/all-MiniLM-L6-v2,0.7,1
Glycine tabacina,Banisteroides rufum,0.1531,not synonym,sentence-transformers/all-MiniLM-L6-v2,0.7,0
Collaea speciosa,Scorpius spinosus,0.2865,not synonym,sentence-transformers/all-MiniLM-L6-v2,0.7,0
Dimorphandra macrostachya,Pteromonnina leptostachya,0.3294,not synonym,sentence-transformers/all-MiniLM-L6-v2,0.7,0
Calliandra bombycina,Calliandra bombycina,1.0,synonym,sentence-transformers/all-MiniLM-L6-v2,0.7,1
Lotus herbaceus,Dorycnium kotschyanum,0.3687,not synonym,sentence-transformers/all-MiniLM-L6-v2,0.7,1
Archidendron clypearia,Abarema clypearia,0.5549,not synonym,sentence-transformers/all-MiniLM-L6-v2,0.7,1
Brachypterum scandens,Calliandra seemannii,0.1956,not synonym,sentence-transformers/all-MiniLM-L6-v2,0.7,0
Calobota angustifolia,Pteromonnina rugosa,0.3827,not synonym,sentence-transformers/all-MiniLM-L6-v2,0.7,0
Acacia hubbardiana,Ebenus ferrugirea,0.2533,not synonym,sentence-transformers/all-MiniLM-L6-v2,0.7,0
Muraltia thunbergii,Muraltia phylicoides,0.684,not synonym,sentence-transformers/all-MiniLM-L6-v2,0.7,1
Genista januensis,Pterocarpus lunulatus,0.2066,not synonym,sentence-transformers/all-MiniLM-L6-v2,0.7,0
Flemingia macrophylla,Rhynchosia sericea,0.3958,not synonym,sentence-transformers/all-MiniLM-L6-v2,0.7,1
Eutaxia parvifolia,Eutaxia dillwynioides,0.5969,not synonym,sentence-transformers/all-MiniLM-L6-v2,0.7,1
Archidendron bubalinum,Pithecellobium bubalinum,0.5229,not synonym,sentence-transformers/all-MiniLM-L6-v2,0.7,1
Monnina resedoides,Polygala adenophylla,0.2489,not synonym,sentence-transformers/all-MiniLM-L6-v2,0.7,1
Gilbertiodendron stipulaceum,Brachysema platypterum,0.3704,not synonym,sentence-transformers/all-MiniLM-L6-v2,0.7,0
Kotschya aeschynomenoides,Smithia ruwenzoriensis,0.128,not synonym,sentence-transformers/all-MiniLM-L6-v2,0.7,1
Brya ebenus,Amerimnon ebenus,0.509,not synonym,sentence-transformers/all-MiniLM-L6-v2,0.7,1
Aphanocalyx jenseniae,Monopetalanthus jenseniae,0.4041,not synonym,sentence-transformers/all-MiniLM-L6-v2,0.7,1
Chesneya ferganensis,Mundia tabularis,0.2945,not synonym,sentence-transformers/all-MiniLM-L6-v2,0.7,0
Hoffmannseggia humilis,Hoffmannseggia platycarpa,0.706,synonym,sentence-transformers/all-MiniLM-L6-v2,0.7,1
Hebecarpa buxifolia,Polygala buxifolia,0.6361,not synonym,sentence-transformers/all-MiniLM-L6-v2,0.7,1
Nissolia nigricans,Chaetocalyx nigricans,0.6184,not synonym,sentence-transformers/all-MiniLM-L6-v2,0.7,1
Archidendron oppositum,Abarema opposita,0.4644,not synonym,sentence-transformers/all-MiniLM-L6-v2,0.7,1
Kotschya uguenensis,Smithia uguenensis,0.4271,not synonym,sentence-transformers/all-MiniLM-L6-v2,0.7,1
Flemingia prostrata,Flemingia lamontii,0.6818,not synonym,sentence-transformers/all-MiniLM-L6-v2,0.7,1
Machaerium arboreum,Nissolia arborea,0.592,not synonym,sentence-transformers/all-MiniLM-L6-v2,0.7,1
Gastrolobium retusum,Oxylobium melinocaule,0.4404,not synonym,sentence-transformers/all-MiniLM-L6-v2,0.7,1
Kotschya aeschynomenoides,Anneslia grandiflora,0.2312,not synonym,sentence-transformers/all-MiniLM-L6-v2,0.7,0
Comesperma lanceolatum,Comesperma lanceolatum,1.0,synonym,sentence-transformers/all-MiniLM-L6-v2,0.7,1
Berlinia grandiflora,Berlinia acuminata,0.722,synonym,sentence-transformers/all-MiniLM-L6-v2,0.7,1
Monnina salicifolia,Bossiaea rupicola,0.3592,not synonym,sentence-transformers/all-MiniLM-L6-v2,0.7,0
Nogra grahamii,Glycine grahamii,0.6567,not synonym,sentence-transformers/all-MiniLM-L6-v2,0.7,1
Xanthophyllum flavescens,Jakkia excelsa,0.106,not synonym,sentence-transformers/all-MiniLM-L6-v2,0.7,1
Dysolobium grande,Hebeandra revoluta,0.3179,not synonym,sentence-transformers/all-MiniLM-L6-v2,0.7,0
Polygala cymosa,Pueraria strobilifera,0.3927,not synonym,sentence-transformers/all-MiniLM-L6-v2,0.7,0
Machaerium stipitatum,Maughania wangkae,0.298,not synonym,sentence-transformers/all-MiniLM-L6-v2,0.7,0
Bossiaea eriocarpa,Bossiaea endlicheri,0.7223,synonym,sentence-transformers/all-MiniLM-L6-v2,0.7,1
Archidendron lucyi,Lupinus jugoslavicus,0.3077,not synonym,sentence-transformers/all-MiniLM-L6-v2,0.7,0
Acacia genistifolia,Millettia hookeriana,0.3754,not synonym,sentence-transformers/all-MiniLM-L6-v2,0.7,0
Xanthophyllum urophyllum,Arouna divaricatum,0.3427,not synonym,sentence-transformers/all-MiniLM-L6-v2,0.7,0
Acacia cracentis,Chorizema angustifolium,0.3202,not synonym,sentence-transformers/all-MiniLM-L6-v2,0.7,0
Dialium pachyphyllum,Ononis intermedia,0.1652,not synonym,sentence-transformers/all-MiniLM-L6-v2,0.7,0
Inga glomeriflora,Inga rondonii,0.5857,not synonym,sentence-transformers/all-MiniLM-L6-v2,0.7,1
Calophaca wolgarica,Cajanus wolgaricus,0.5584,not synonym,sentence-transformers/all-MiniLM-L6-v2,0.7,1
Calliandra purdiei,Feuilleea purdiei,0.6391,not synonym,sentence-transformers/all-MiniLM-L6-v2,0.7,1
Calliandra asplenioides,Nissolia fruticosa,0.2084,not synonym,sentence-transformers/all-MiniLM-L6-v2,0.7,0
Ononis euphrasiifolia,Ononis euphrasiaefolia,0.8624,synonym,sentence-transformers/all-MiniLM-L6-v2,0.7,1
Nissolia brasiliensis,Racosperma helmsianum,0.3688,not synonym,sentence-transformers/all-MiniLM-L6-v2,0.7,0
Muraltia mitior,Muraltia mitior,1.0,synonym,sentence-transformers/all-MiniLM-L6-v2,0.7,1
Ononis dentata,Ononis damanti,0.6863,not synonym,sentence-transformers/all-MiniLM-L6-v2,0.7,1
Calliandra viscidula,Nemcia crenulata,0.3731,not synonym,sentence-transformers/all-MiniLM-L6-v2,0.7,0
Inga densiflora,Inga titiribiana,0.6641,not synonym,sentence-transformers/all-MiniLM-L6-v2,0.7,1
Caamembeca salicifolia,Polygala pilosa,0.3304,not synonym,sentence-transformers/all-MiniLM-L6-v2,0.7,0
Genista pilosa,Genista jordanii,0.7258,synonym,sentence-transformers/all-MiniLM-L6-v2,0.7,1
Muraltia muraltioides,Chorizema manglesii,0.3537,not synonym,sentence-transformers/all-MiniLM-L6-v2,0.7,0
Acacia paradoxa,Phyllodoce armata,0.2606,not synonym,sentence-transformers/all-MiniLM-L6-v2,0.7,1
Muraltia tenuifolia,Bossiaea virgata,0.3146,not synonym,sentence-transformers/all-MiniLM-L6-v2,0.7,0
Camptosema spectabile,Inga herthae,0.1556,not synonym,sentence-transformers/all-MiniLM-L6-v2,0.7,0
Securidaca pubiflora,Dialium anomalum,0.1022,not synonym,sentence-transformers/all-MiniLM-L6-v2,0.7,0
Hebecarpa tehuacana,Polygala tehuacana,0.6115,not synonym,sentence-transformers/all-MiniLM-L6-v2,0.7,1
Nogra grahamii,Brachysema papilio,0.2234,not synonym,sentence-transformers/all-MiniLM-L6-v2,0.7,0
Asemeia grandiflora,Polygala americana,0.4215,not synonym,sentence-transformers/all-MiniLM-L6-v2,0.7,1
Eysenhardtia polystachya,Ononis microphylla,0.3285,not synonym,sentence-transformers/all-MiniLM-L6-v2,0.7,0
Lotus graecus,Lotus aegyptiacus,0.7466,synonym,sentence-transformers/all-MiniLM-L6-v2,0.7,0
Polygaloides chamaebuxus,Chamaebuxus vulgaris,0.7692,synonym,sentence-transformers/all-MiniLM-L6-v2,0.7,1
Glycine tabacina,Glycine pescadrensis,0.701,synonym,sentence-transformers/all-MiniLM-L6-v2,0.7,1
Nissolia brasiliensis,Paralbizzia platycarpa,0.3442,not synonym,sentence-transformers/all-MiniLM-L6-v2,0.7,0
Inga samanensis,Inga paludicola,0.4805,not synonym,sentence-transformers/all-MiniLM-L6-v2,0.7,1
Muraltia carnosa,Heisteria carnosa,0.588,not synonym,sentence-transformers/all-MiniLM-L6-v2,0.7,1
Lotus conimbricensis,Lotus coimbrensis,0.7508,synonym,sentence-transformers/all-MiniLM-L6-v2,0.7,1
Badiera oblongata,Pithecellobium multiflorum,0.2397,not synonym,sentence-transformers/all-MiniLM-L6-v2,0.7,0
Calliandra purpurea,Calliandra slaneae,0.7172,synonym,sentence-transformers/all-MiniLM-L6-v2,0.7,1
Erythrostemon angulatus,Caesalpinia angulata,0.3929,not synonym,sentence-transformers/all-MiniLM-L6-v2,0.7,1
Hebecarpa hebantha,Polygala hebantha,0.6649,not synonym,sentence-transformers/all-MiniLM-L6-v2,0.7,1
Genista stenopetala,Cytisus everestianus,0.228,not synonym,sentence-transformers/all-MiniLM-L6-v2,0.7,1
Millettia podocarpa,Cytisanthus ephedroides,0.2374,not synonym,sentence-transformers/all-MiniLM-L6-v2,0.7,0
Millettia trifoliata,Huchimingia trifoliata,0.662,not synonym,sentence-transformers/all-MiniLM-L6-v2,0.7,1
Carpolobia goetzei,Carpolobia suaveolens,0.6374,not synonym,sentence-transformers/all-MiniLM-L6-v2,0.7,1
Calliandra pityophila,Calliandra pitophila,0.8357,synonym,sentence-transformers/all-MiniLM-L6-v2,0.7,1
Polygaloides webbiana,Chamaebuxus webbiana,0.6879,not synonym,sentence-transformers/all-MiniLM-L6-v2,0.7,1
Lotus hirsutus,Ferrum-equinum unisiliquosum,0.2473,not synonym,sentence-transformers/all-MiniLM-L6-v2,0.7,0
Inga umbratica,Flemingia praecox,0.2972,not synonym,sentence-transformers/all-MiniLM-L6-v2,0.7,0
Inga lopadadenia,Inga odoratissima,0.5268,not synonym,sentence-transformers/all-MiniLM-L6-v2,0.7,1
Hippocrepis balearica,Hippocrepis fructicosa,0.7648,synonym,sentence-transformers/all-MiniLM-L6-v2,0.7,1
Genista horrida,Falcata caroliniana,0.3201,not synonym,sentence-transformers/all-MiniLM-L6-v2,0.7,0
Archidendron merrillii,Abarema multiflora,0.2434,not synonym,sentence-transformers/all-MiniLM-L6-v2,0.7,1
Ononis spinosa,Natrix fruticosa,0.3301,not synonym,sentence-transformers/all-MiniLM-L6-v2,0.7,0
Acacia cyclops,Acacia mirbelii,0.6227,not synonym,sentence-transformers/all-MiniLM-L6-v2,0.7,1
Flemingia macrophylla,Ononis diffusa,0.2891,not synonym,sentence-transformers/all-MiniLM-L6-v2,0.7,0
Ammopiptanthus nanus,Piptanthus nanus,0.5936,not synonym,sentence-transformers/all-MiniLM-L6-v2,0.7,1
Acacia mabellae,Racosperma mabellae,0.5634,not synonym,sentence-transformers/all-MiniLM-L6-v2,0.7,1
Coulteria platyloba,Bradburya cologanioides,0.2846,not synonym,sentence-transformers/all-MiniLM-L6-v2,0.7,0
Muraltia angulosa,Muraltia angulosa,1.0,synonym,sentence-transformers/all-MiniLM-L6-v2,0.7,1
Betencourtia scarlatina,Argyrolobium sessilifolium,0.2498,not synonym,sentence-transformers/all-MiniLM-L6-v2,0.7,0
Ononis crispa,Ononis zschackei,0.5803,not synonym,sentence-transformers/all-MiniLM-L6-v2,0.7,1
Inga capitata,Inga falcistipula,0.551,not synonym,sentence-transformers/all-MiniLM-L6-v2,0.7,1
Archidendron lucyi,Pithecellobium solomonense,0.2409,not synonym,sentence-transformers/all-MiniLM-L6-v2,0.7,1
Dysolobium pilosum,Phaseolus difformis,0.4709,not synonym,sentence-transformers/all-MiniLM-L6-v2,0.7,1
Acacia multistipulosa,Racosperma multistipulosum,0.3442,not synonym,sentence-transformers/all-MiniLM-L6-v2,0.7,1
Polygala trichosperma,Polygala hostmannii,0.5481,not synonym,sentence-transformers/all-MiniLM-L6-v2,0.7,1
Chesneya cuneata,Badiera portoricensis,0.3702,not synonym,sentence-transformers/all-MiniLM-L6-v2,0.7,0
Collaea speciosa,Galactia speciosa,0.7098,synonym,sentence-transformers/all-MiniLM-L6-v2,0.7,1
Millettia pulchra,Dalbergia pulchra,0.7101,synonym,sentence-transformers/all-MiniLM-L6-v2,0.7,1
Machaerium leiophyllum,Nissolia leiophylla,0.4796,not synonym,sentence-transformers/all-MiniLM-L6-v2,0.7,1
Inga samanensis,Inga squamigera,0.5668,not synonym,sentence-transformers/all-MiniLM-L6-v2,0.7,1
Brya ebenus,Lotus divaricatus,0.4143,not synonym,sentence-transformers/all-MiniLM-L6-v2,0.7,0
Gilbertiodendron ivorense,Macrolobium chevalieri,0.3999,not synonym,sentence-transformers/all-MiniLM-L6-v2,0.7,1
Lotus arabicus,Archidendron pachycarpum,0.2968,not synonym,sentence-transformers/all-MiniLM-L6-v2,0.7,0
Asemeia parietaria,Polygala parietaria,0.6429,not synonym,sentence-transformers/all-MiniLM-L6-v2,0.7,1
Lupinus subacaulis,Lupinus chilensis,0.7449,synonym,sentence-transformers/all-MiniLM-L6-v2,0.7,1
Xanthophyllum sylvestre,Polygala declinata,0.4351,not synonym,sentence-transformers/all-MiniLM-L6-v2,0.7,0
Lotus gussonei,Lotus gussonei,1.0,synonym,sentence-transformers/all-MiniLM-L6-v2,0.7,1
Machaerium aculeatum,Lebeckia obovata,0.1526,not synonym,sentence-transformers/all-MiniLM-L6-v2,0.7,0
Millettia aboensis,Phaseolodes aboense,0.1958,not synonym,sentence-transformers/all-MiniLM-L6-v2,0.7,1
Inga hispida,Inga purpurea,0.7245,synonym,sentence-transformers/all-MiniLM-L6-v2,0.7,1
Polygala mexicana,Polygala minutiflora,0.6718,not synonym,sentence-transformers/all-MiniLM-L6-v2,0.7,1
Acacia ixiophylla,Pithecellobium rufescens,0.3101,not synonym,sentence-transformers/all-MiniLM-L6-v2,0.7,0
Calliandra glyphoxylon,Calliandra glyphoxylon,1.0,synonym,sentence-transformers/all-MiniLM-L6-v2,0.7,1
Glycine latrobeana,Leptocyamus tasmanicus,0.2236,not synonym,sentence-transformers/all-MiniLM-L6-v2,0.7,1
Hippocrepis salzmannii,Hippocrepis scabra,0.5952,not synonym,sentence-transformers/all-MiniLM-L6-v2,0.7,1
Discolobium paucijugum,Machaerium intermedium,0.2201,not synonym,sentence-transformers/all-MiniLM-L6-v2,0.7,0
Flemingia latifolia,Maughania latifolia,0.6696,not synonym,sentence-transformers/all-MiniLM-L6-v2,0.7,1
Monnina linearifolia,Callistachys obtusifolia,0.5587,not synonym,sentence-transformers/all-MiniLM-L6-v2,0.7,0
Nissolia vincentina,Codarium discolor,0.1966,not synonym,sentence-transformers/all-MiniLM-L6-v2,0.7,0
Calliandra laxa,Calliandra cumingii,0.6804,not synonym,sentence-transformers/all-MiniLM-L6-v2,0.7,1
Lupinus fulcratus,Lupinus ione-walkerae,0.604,not synonym,sentence-transformers/all-MiniLM-L6-v2,0.7,1
Calliandra rubescens,Anneslia simulans,0.3795,not synonym,sentence-transformers/all-MiniLM-L6-v2,0.7,1
Hoffmannseggia oxycarpa,Caesalpinia oxycarpa,0.5662,not synonym,sentence-transformers/all-MiniLM-L6-v2,0.7,1
Hebecarpa americana,Polygala clavipes,0.2186,not synonym,sentence-transformers/all-MiniLM-L6-v2,0.7,1
Ononis vaginalis,Lotus pusillus,0.2841,not synonym,sentence-transformers/all-MiniLM-L6-v2,0.7,0
Inga tenuistipula,Carmichaelia acuminata,0.1743,not synonym,sentence-transformers/all-MiniLM-L6-v2,0.7,0
Monnina sylvicola,Monnina crispata,0.6669,not synonym,sentence-transformers/all-MiniLM-L6-v2,0.7,1
Erythrostemon gilliesii,Lupinus luteolus,0.4175,not synonym,sentence-transformers/all-MiniLM-L6-v2,0.7,0
Lotus arenarius,Poinciana playfairii,0.3252,not synonym,sentence-transformers/all-MiniLM-L6-v2,0.7,0
Archidendron turgidum,Abarema utile,0.1509,not synonym,sentence-transformers/all-MiniLM-L6-v2,0.7,0
Flemingia nana,Ononis viscosa,0.205,not synonym,sentence-transformers/all-MiniLM-L6-v2,0.7,0
Calobota saharae,Spartidium saharae,0.5757,not synonym,sentence-transformers/all-MiniLM-L6-v2,0.7,1
Cyclopia galioides,Feuilleea mutica,0.1997,not synonym,sentence-transformers/all-MiniLM-L6-v2,0.7,0
Genista micrantha,Carmichaelia cunninghamii,0.2298,not synonym,sentence-transformers/all-MiniLM-L6-v2,0.7,0
Archidendron robinsonii,Gastrolobium drummondii,0.3579,not synonym,sentence-transformers/all-MiniLM-L6-v2,0.7,0
Lotus longisiliquosus,Lotus collinus,0.7144,synonym,sentence-transformers/all-MiniLM-L6-v2,0.7,1
Asemeia marquesiana,Polygala marquesiana,0.6723,not synonym,sentence-transformers/all-MiniLM-L6-v2,0.7,1
Lotus purpureus,Lotus arborescens,0.7269,synonym,sentence-transformers/all-MiniLM-L6-v2,0.7,1
Gonocytisus pterocladus,Cytisus pterocladus,0.8125,synonym,sentence-transformers/all-MiniLM-L6-v2,0.7,1
Genista spachiana,Cytisus chrysobotrys,0.2612,not synonym,sentence-transformers/all-MiniLM-L6-v2,0.7,1
Monnina macrostachya,Polygala macrostachya,0.6339,not synonym,sentence-transformers/all-MiniLM-L6-v2,0.7,1
Calliandra longipes,Lotus macrocarpus,0.287,not synonym,sentence-transformers/all-MiniLM-L6-v2,0.7,0
Ononis rotundifolia,Ononis rotundifola,0.7713,synonym,sentence-transformers/all-MiniLM-L6-v2,0.7,1
Polygala exilis,Eminia major,0.2503,not synonym,sentence-transformers/all-MiniLM-L6-v2,0.7,0
Calliandra rubescens,Inga coprocarpa,0.1648,not synonym,sentence-transformers/all-MiniLM-L6-v2,0.7,0
Mundulea chapelieri,Crotalaria elongata,0.4604,not synonym,sentence-transformers/all-MiniLM-L6-v2,0.7,0
Lotus arabicus,Bossiaea bracteosa,0.3988,not synonym,sentence-transformers/all-MiniLM-L6-v2,0.7,0
Inga capitata,Feuilleea capitata,0.5656,not synonym,sentence-transformers/all-MiniLM-L6-v2,0.7,1
Xanthophyllum palawanense,Dalea multifolioliata,0.3254,not synonym,sentence-transformers/all-MiniLM-L6-v2,0.7,0
Inga acreana,Hoffmannseggia eremophila,0.223,not synonym,sentence-transformers/all-MiniLM-L6-v2,0.7,0
Humularia minima,Geissaspis minima,0.6353,not synonym,sentence-transformers/all-MiniLM-L6-v2,0.7,1
Acacia calantha,Racosperma calanthum,0.3356,not synonym,sentence-transformers/all-MiniLM-L6-v2,0.7,1
Muraltia salsolacea,Muraltia rhinostigma,0.6359,not synonym,sentence-transformers/all-MiniLM-L6-v2,0.7,1
Xanthophyllum vitellinum,Lotus coronillifolius,0.4633,not synonym,sentence-transformers/all-MiniLM-L6-v2,0.7,0
Calobota angustifolia,Vigna paraguariensis,0.208,not synonym,sentence-transformers/all-MiniLM-L6-v2,0.7,0
Gastrolobium oxylobioides,Gastrolobium drummondii,0.5817,not synonym,sentence-transformers/all-MiniLM-L6-v2,0.7,1
Archidendron trifoliolatum,Pithecellobium trifoliolatum,0.5431,not synonym,sentence-transformers/all-MiniLM-L6-v2,0.7,1
Muraltia divaricata,Muraltia reticulata,0.6644,not synonym,sentence-transformers/all-MiniLM-L6-v2,0.7,0
Monnina richardiana,Monnina epilobioides,0.5904,not synonym,sentence-transformers/all-MiniLM-L6-v2,0.7,1
Inga panurensis,Inga panurensis,1.0,synonym,sentence-transformers/all-MiniLM-L6-v2,0.7,1
Monnina cacumina,Monnina duidae,0.5823,not synonym,sentence-transformers/all-MiniLM-L6-v2,0.7,1
Hebecarpa buxifolia,Miediega gracilis,0.1215,not synonym,sentence-transformers/all-MiniLM-L6-v2,0.7,0
Lotus quinatus,Dorycnium schimperi,0.3539,not synonym,sentence-transformers/all-MiniLM-L6-v2,0.7,1
Archidendron beguinii,Pithecellobium beguinii,0.472,not synonym,sentence-transformers/all-MiniLM-L6-v2,0.7,1
Ononis filicaulis,Bossiaea paucifolia,0.2798,not synonym,sentence-transformers/all-MiniLM-L6-v2,0.7,0
Calliandra tweediei,Calliandra pulcherrima,0.5047,not synonym,sentence-transformers/all-MiniLM-L6-v2,0.7,1
Echinospartum ibericum,Millettia grandidieri,0.2425,not synonym,sentence-transformers/all-MiniLM-L6-v2,0.7,0
Ebenus stellata,Ebenus ferruginea,0.6643,not synonym,sentence-transformers/all-MiniLM-L6-v2,0.7,1
Xanthophyllum flavescens,Mundulea andringitrensis,0.1965,not synonym,sentence-transformers/all-MiniLM-L6-v2,0.7,0
Genista radiata,Genista radiata,1.0,synonym,sentence-transformers/all-MiniLM-L6-v2,0.7,1
Polygala timoutou,Affonsea schwebeliana,0.4496,not synonym,sentence-transformers/all-MiniLM-L6-v2,0.7,0
Amphicarpaea bracteata,Oxylobium reticulatum,0.267,not synonym,sentence-transformers/all-MiniLM-L6-v2,0.7,0
Muraltia heisteria,Lupinus varius,0.2926,not synonym,sentence-transformers/all-MiniLM-L6-v2,0.7,0
Moutabea excoriata,Moutabea excoriata,1.0,synonym,sentence-transformers/all-MiniLM-L6-v2,0.7,1
Ononis diffusa,Ononis microsperma,0.5519,not synonym,sentence-transformers/all-MiniLM-L6-v2,0.7,1
Inga pilosula,Genista lamprophylla,0.3493,not synonym,sentence-transformers/all-MiniLM-L6-v2,0.7,0
Dialium kasaiense,Chesneya oliveri,0.1826,not synonym,sentence-transformers/all-MiniLM-L6-v2,0.7,0
Gilbertiodendron dewevrei,Amerimnon polystachyon,0.3083,not synonym,sentence-transformers/all-MiniLM-L6-v2,0.7,0
Archidendron aruense,Oxylobium racemosum,0.1928,not synonym,sentence-transformers/all-MiniLM-L6-v2,0.7,0
Archidendron lucidum,Inga urnifera,0.1811,not synonym,sentence-transformers/all-MiniLM-L6-v2,0.7,0
Genista umbellata,Lugaion umbellatum,0.5519,not synonym,sentence-transformers/all-MiniLM-L6-v2,0.7,1
Acacia leptoloba,Racosperma leptolobum,0.3181,not synonym,sentence-transformers/all-MiniLM-L6-v2,0.7,1
Genista ausetana,Cytisus hillebrandtii,0.2406,not synonym,sentence-transformers/all-MiniLM-L6-v2,0.7,0
Betencourtia gracillima,Machaerium glabratum,0.1391,not synonym,sentence-transformers/all-MiniLM-L6-v2,0.7,0
Monnina exaltata,Apaloxylon madagascariense,0.3762,not synonym,sentence-transformers/all-MiniLM-L6-v2,0.7,0
Monnina fastigiata,Millettia gossweileri,0.441,not synonym,sentence-transformers/all-MiniLM-L6-v2,0.7,0
Genista radiata,Cytisus radiatus,0.2164,not synonym,sentence-transformers/all-MiniLM-L6-v2,0.7,1
Securidaca diversifolia,Elsota lamarckii,0.255,not synonym,sentence-transformers/all-MiniLM-L6-v2,0.7,1
Calobota cytisoides,Heisteria stipulacea,0.3445,not synonym,sentence-transformers/all-MiniLM-L6-v2,0.7,0
Millettia piscidia,Pongamia piscidia,0.6617,not synonym,sentence-transformers/all-MiniLM-L6-v2,0.7,1
Amphicarpaea bracteata,Spongiocarpella intermedia,0.3864,not synonym,sentence-transformers/all-MiniLM-L6-v2,0.7,0
Caamembeca salicifolia,Polygala diversifolia,0.4337,not synonym,sentence-transformers/all-MiniLM-L6-v2,0.7,1
Millettia vankerckhovenii,Millettia vankerckoveni,0.8781,synonym,sentence-transformers/all-MiniLM-L6-v2,0.7,1
Archidendron molle,Hansemannia mollis,0.3294,not synonym,sentence-transformers/all-MiniLM-L6-v2,0.7,1
Genista januensis,Genista tetragona,0.5856,not synonym,sentence-transformers/all-MiniLM-L6-v2,0.7,1
Dialium orientale,Sciaplea sciap-sciaple,0.0638,not synonym,sentence-transformers/all-MiniLM-L6-v2,0.7,1
Securidaca diversifolia,Inga obscura,0.3442,not synonym,sentence-transformers/all-MiniLM-L6-v2,0.7,0
Lotus cytisoides,Macrolobium aylmeri,0.3553,not synonym,sentence-transformers/all-MiniLM-L6-v2,0.7,0
Lotus herbaceus,Lotus coccineus,0.7523,synonym,sentence-transformers/all-MiniLM-L6-v2,0.7,0
Genista pulchella,Chronanthos villaraii,0.3132,not synonym,sentence-transformers/all-MiniLM-L6-v2,0.7,1
Coulteria cubensis,Hansemannia mollis,0.3121,not synonym,sentence-transformers/all-MiniLM-L6-v2,0.7,0
Gastrolobium heterophyllum,Podolobium heterophyllum,0.7732,synonym,sentence-transformers/all-MiniLM-L6-v2,0.7,1
Carmichaelia juncea,Carmichaelia floribunda,0.8261,synonym,sentence-transformers/all-MiniLM-L6-v2,0.7,1
Rhamphopetalum microphyllum,Polygala chodatiana,0.3163,not synonym,sentence-transformers/all-MiniLM-L6-v2,0.7,1
Lotus aegaeus,Acacia furcifera,0.3056,not synonym,sentence-transformers/all-MiniLM-L6-v2,0.7,0
Millettia piscidia,Phaseoloides piscidia,0.6466,not synonym,sentence-transformers/all-MiniLM-L6-v2,0.7,1
Microcharis medicaginea,Daubentonia thurberi,0.1778,not synonym,sentence-transformers/all-MiniLM-L6-v2,0.7,0
Acacia chartacea,Anneslia myriophylla,0.1869,not synonym,sentence-transformers/all-MiniLM-L6-v2,0.7,0
Archidendron ramiflorum,Pithecellobium pentzkeanum,0.266,not synonym,sentence-transformers/all-MiniLM-L6-v2,0.7,1
Genista anatolica,Genista orientalis,0.6375,not synonym,sentence-transformers/all-MiniLM-L6-v2,0.7,1
Muraltia alopecuroides,Mundtia candolleana,0.256,not synonym,sentence-transformers/all-MiniLM-L6-v2,0.7,1
Machaerium lindenianum,Dalbergia lindeniana,0.5601,not synonym,sentence-transformers/all-MiniLM-L6-v2,0.7,1
Genista monspessulana,Nissolia lanceolata,0.4082,not synonym,sentence-transformers/all-MiniLM-L6-v2,0.7,0
Monnina macbridei,Racosperma mabellae,0.22,not synonym,sentence-transformers/all-MiniLM-L6-v2,0.7,0
Acacia leptophleba,Abarema crateradena,0.3944,not synonym,sentence-transformers/all-MiniLM-L6-v2,0.7,0
Monnina wrightii,Berlinia brieyi,0.3431,not synonym,sentence-transformers/all-MiniLM-L6-v2,0.7,0
Nogra filicaulis,Genista triangularis,0.2515,not synonym,sentence-transformers/all-MiniLM-L6-v2,0.7,0
Monnina polystachya,Monnina hirta,0.6508,not synonym,sentence-transformers/all-MiniLM-L6-v2,0.7,1
Machaerium capote,Caragana cuneata,0.2837,not synonym,sentence-transformers/all-MiniLM-L6-v2,0.7,0
Brachypterum robustum,Monnina obtusifolia,0.2689,not synonym,sentence-transformers/all-MiniLM-L6-v2,0.7,0
Calliandra tweediei,Genista horrida,0.3313,not synonym,sentence-transformers/all-MiniLM-L6-v2,0.7,0
Polygala caudata,Chorizema gomphocarpum,0.2621,not synonym,sentence-transformers/all-MiniLM-L6-v2,0.7,0
Adenopodia spicata,Trifolium lupinaster,0.2806,not synonym,sentence-transformers/all-MiniLM-L6-v2,0.7,0
Dysolobium pilosum,Dolichos apioides,0.3513,not synonym,sentence-transformers/all-MiniLM-L6-v2,0.7,1
Flemingia chappar,Moghania chappar,0.7171,synonym,sentence-transformers/all-MiniLM-L6-v2,0.7,1
Securidaca divaricata,Rodschiedia surinamensis,0.3392,not synonym,sentence-transformers/all-MiniLM-L6-v2,0.7,1
Muraltia pubescens,Inga hartii,0.4355,not synonym,sentence-transformers/all-MiniLM-L6-v2,0.7,0
Acacia obtusifolia,Acacia intertexta,0.7529,synonym,sentence-transformers/all-MiniLM-L6-v2,0.7,1
Ononis baetica,Lotus persicus,0.4,not synonym,sentence-transformers/all-MiniLM-L6-v2,0.7,0
Machaerium isadelphum,Machaerium isadelphum,1.0,synonym,sentence-transformers/all-MiniLM-L6-v2,0.7,1
Erythrostemon placidus,Albizia hendersonii,0.1647,not synonym,sentence-transformers/all-MiniLM-L6-v2,0.7,0
Lotus graecus,Genista erinacea,0.2471,not synonym,sentence-transformers/all-MiniLM-L6-v2,0.7,0
Calliandra sincorana,Calliandra exudans,0.6929,not synonym,sentence-transformers/all-MiniLM-L6-v2,0.7,1
Muraltia ericoides,Heistera fasciculata,0.3456,not synonym,sentence-transformers/all-MiniLM-L6-v2,0.7,1
Humularia welwitschii,Cyclopia latifolia,0.3684,not synonym,sentence-transformers/all-MiniLM-L6-v2,0.7,0
Lotus angustissimus,Lotus diffusus,0.6732,not synonym,sentence-transformers/all-MiniLM-L6-v2,0.7,1
Genista salzmannii,Telinaria salzmannii,0.5527,not synonym,sentence-transformers/all-MiniLM-L6-v2,0.7,1
Flemingia macrophylla,Maughania macrophylla,0.6544,not synonym,sentence-transformers/all-MiniLM-L6-v2,0.7,1
Lotus ornithopodioides,Dialium gossweileri,0.287,not synonym,sentence-transformers/all-MiniLM-L6-v2,0.7,0
Inga vulpina,Inga superbiens,0.5209,not synonym,sentence-transformers/all-MiniLM-L6-v2,0.7,1
Glycine tabacina,Kennedia tabacina,0.6011,not synonym,sentence-transformers/all-MiniLM-L6-v2,0.7,1
Machaerium seemannii,Machaerium seemannii,1.0,synonym,sentence-transformers/all-MiniLM-L6-v2,0.7,1
Coulteria velutina,Polygala velutina,0.6217,not synonym,sentence-transformers/all-MiniLM-L6-v2,0.7,0
Lotus biflorus,Tetragonolobus biflorus,0.6027,not synonym,sentence-transformers/all-MiniLM-L6-v2,0.7,1
Archidendron muellerianum,Phaseolus crassifolius,0.3691,not synonym,sentence-transformers/all-MiniLM-L6-v2,0.7,0
Lotus cytisoides,Lotus cuatrecasasii,0.5907,not synonym,sentence-transformers/all-MiniLM-L6-v2,0.7,1
Ononis baetica,Calophaca cuneata,0.3189,not synonym,sentence-transformers/all-MiniLM-L6-v2,0.7,0
Brachypterum scandens,Dalbergia robusta,0.1163,not synonym,sentence-transformers/all-MiniLM-L6-v2,0.7,1
Humularia kassneri,Genista webbii,0.2657,not synonym,sentence-transformers/all-MiniLM-L6-v2,0.7,0
Julbernardia brieyi,Lepidocoma trifoliatum,0.1887,not synonym,sentence-transformers/all-MiniLM-L6-v2,0.7,0
Genista januensis,Cytisus scariosus,0.1689,not synonym,sentence-transformers/all-MiniLM-L6-v2,0.7,1
Polygala leucantha,Polygala rubioides,0.6245,not synonym,sentence-transformers/all-MiniLM-L6-v2,0.7,1
Inga ornata,Myrospermum pubescens,0.18,not synonym,sentence-transformers/all-MiniLM-L6-v2,0.7,0
Genista albida,Melilotus dorycnium,0.2461,not synonym,sentence-transformers/all-MiniLM-L6-v2,0.7,0
Genista triquetra,Polygala undulata,0.2642,not synonym,sentence-transformers/all-MiniLM-L6-v2,0.7,0
Amphicarpaea bracteata,Raimondianthus platycarpus,0.2995,not synonym,sentence-transformers/all-MiniLM-L6-v2,0.7,0
Ononis diffusa,Ononis serrata,0.688,not synonym,sentence-transformers/all-MiniLM-L6-v2,0.7,1
Genista januensis,Cytisus virgatus,0.2242,not synonym,sentence-transformers/all-MiniLM-L6-v2,0.7,0
Muraltia angulosa,Chorizema lowii,0.3141,not synonym,sentence-transformers/all-MiniLM-L6-v2,0.7,0
Humularia drepanocephala,Inga montealegrei,0.1239,not synonym,sentence-transformers/all-MiniLM-L6-v2,0.7,0
Archidendron palauense,Caesalpinia angulicaulis,0.202,not synonym,sentence-transformers/all-MiniLM-L6-v2,0.7,0
Hesperolaburnum platycarpum,Laburnum platycarpum,0.6897,not synonym,sentence-transformers/all-MiniLM-L6-v2,0.7,1
Lotus parviflorus,Sophora galioides,0.3783,not synonym,sentence-transformers/all-MiniLM-L6-v2,0.7,0
Dialium guineense,Monnina blakeana,0.1653,not synonym,sentence-transformers/all-MiniLM-L6-v2,0.7,0
Calliandra parvifolia,Calliandra bicolor,0.6306,not synonym,sentence-transformers/all-MiniLM-L6-v2,0.7,1
Rhamphopetalum microphyllum,Poincianella robinsoniana,0.2934,not synonym,sentence-transformers/all-MiniLM-L6-v2,0.7,0
Polygala nicaeensis,Dorycnium tomentosum,0.1421,not synonym,sentence-transformers/all-MiniLM-L6-v2,0.7,0
Inga ornata,Inga codonantha,0.5793,not synonym,sentence-transformers/all-MiniLM-L6-v2,0.7,1
Julbernardia globiflora,Westia eminii,0.4695,not synonym,sentence-transformers/all-MiniLM-L6-v2,0.7,1
Gastrolobium dilatatum,Oxylobium obovatum,0.5472,not synonym,sentence-transformers/all-MiniLM-L6-v2,0.7,1
Chorizema racemosum,Genista glaberrima,0.2782,not synonym,sentence-transformers/all-MiniLM-L6-v2,0.7,0
Archidendron rufescens,Calliandra xalapensis,0.1331,not synonym,sentence-transformers/all-MiniLM-L6-v2,0.7,0
Polygala rosea,Polygala saxatilis,0.6446,not synonym,sentence-transformers/all-MiniLM-L6-v2,0.7,1
Monnina resedoides,Racosperma helicophyllum,0.2878,not synonym,sentence-transformers/all-MiniLM-L6-v2,0.7,0
Ancylotropis malmeana,Acylotropis malmeana,0.7142,synonym,sentence-transformers/all-MiniLM-L6-v2,0.7,1
Decorsea grandidieri,Feuilleea bombycina,0.4281,not synonym,sentence-transformers/all-MiniLM-L6-v2,0.7,0
Machaerium mucronulatum,Inga lindeniana,0.109,not synonym,sentence-transformers/all-MiniLM-L6-v2,0.7,0
Archidendron ellipticum,Inga elliptica,0.4702,not synonym,sentence-transformers/all-MiniLM-L6-v2,0.7,1
Senega glaziovii,Polygala glaziovii,0.6256,not synonym,sentence-transformers/all-MiniLM-L6-v2,0.7,1
Archidendron poilanei,Genista transsilvanica,0.2823,not synonym,sentence-transformers/all-MiniLM-L6-v2,0.7,0
Flemingia grahamiana,Moghania grahamiana,0.7486,synonym,sentence-transformers/all-MiniLM-L6-v2,0.7,1
Muraltia crassifolia,Polygala bahamensis,0.242,not synonym,sentence-transformers/all-MiniLM-L6-v2,0.7,0
Hoffmannseggia drummondii,Larrea texensis,0.2678,not synonym,sentence-transformers/all-MiniLM-L6-v2,0.7,1
Bouffordia dichotoma,Hoffmanseggia oxycarpa,0.3658,not synonym,sentence-transformers/all-MiniLM-L6-v2,0.7,0
Inga pilosula,Inga versicolor,0.5003,not synonym,sentence-transformers/all-MiniLM-L6-v2,0.7,1
Salomonia ciliata,Polygala calvipes,0.4226,not synonym,sentence-transformers/all-MiniLM-L6-v2,0.7,0
Machaerium inundatum,Polygala rhodoptera,0.2713,not synonym,sentence-transformers/all-MiniLM-L6-v2,0.7,0
Brachypterum involutum,Wisteria involuta,0.4253,not synonym,sentence-transformers/all-MiniLM-L6-v2,0.7,1
Archidendron aruense,Archidendron ledermannii,0.6917,not synonym,sentence-transformers/all-MiniLM-L6-v2,0.7,1
Hebecarpa barbeyana,Lupinus philistaeus,0.2574,not synonym,sentence-transformers/all-MiniLM-L6-v2,0.7,0
Acacia olgana,Racosperma hypermeces,0.0809,not synonym,sentence-transformers/all-MiniLM-L6-v2,0.7,0
Brachypterum microphyllum,Deguelia microphylla,0.5162,not synonym,sentence-transformers/all-MiniLM-L6-v2,0.7,1
Erythrostemon gilliesii,Amphicarpa japonica,0.3352,not synonym,sentence-transformers/all-MiniLM-L6-v2,0.7,0
Chorizema varium,Genista mogadorensis,0.2857,not synonym,sentence-transformers/all-MiniLM-L6-v2,0.7,0
Inga heterophylla,Polygala jablotskiana,0.4136,not synonym,sentence-transformers/all-MiniLM-L6-v2,0.7,0
Lotus pyranthus,Heinekenia pyrantha,0.4629,not synonym,sentence-transformers/all-MiniLM-L6-v2,0.7,1
Ononis biflora,Dialium ambiguum,0.0962,not synonym,sentence-transformers/all-MiniLM-L6-v2,0.7,0
Xanthophyllum incertum,Guatteria incerta,0.4194,not synonym,sentence-transformers/all-MiniLM-L6-v2,0.7,1
Atroxima afzeliana,Carpolobia macrostachya,0.3235,not synonym,sentence-transformers/all-MiniLM-L6-v2,0.7,1
Aotus phylicoides,Xanthophyllum microcarpum,0.2513,not synonym,sentence-transformers/all-MiniLM-L6-v2,0.7,0
Coulteria platyloba,Brasilettia platyloba,0.6115,not synonym,sentence-transformers/all-MiniLM-L6-v2,0.7,1
Inga densiflora,Feuilleea densiflora,0.6613,not synonym,sentence-transformers/all-MiniLM-L6-v2,0.7,1
Millettia macrophylla,Phaseolodes hookerianum,0.2907,not synonym,sentence-transformers/all-MiniLM-L6-v2,0.7,1
Lotus cytisoides,Lotus glaucescens,0.7293,synonym,sentence-transformers/all-MiniLM-L6-v2,0.7,1
Humularia apiculata,Derris yunnanensis,0.1875,not synonym,sentence-transformers/all-MiniLM-L6-v2,0.7,0
Securidaca diversifolia,Securidaca myrtifolia,0.74,synonym,sentence-transformers/all-MiniLM-L6-v2,0.7,1
Polygala serpyllifolia,Polygala badensis,0.5929,not synonym,sentence-transformers/all-MiniLM-L6-v2,0.7,1
Glycine canescens,Polygala luzoniensis,0.1455,not synonym,sentence-transformers/all-MiniLM-L6-v2,0.7,0
Inga obtusata,Eutaxia dillwynioides,0.2945,not synonym,sentence-transformers/all-MiniLM-L6-v2,0.7,0
Muraltia spinosa,Dorycnium decumbens,0.1909,not synonym,sentence-transformers/all-MiniLM-L6-v2,0.7,0
Gastrolobium formosum,Cryptosema pimeleoides,0.2861,not synonym,sentence-transformers/all-MiniLM-L6-v2,0.7,1
Chesneya vaginalis,Pterocarpus apterus,0.2857,not synonym,sentence-transformers/all-MiniLM-L6-v2,0.7,0
Chorizema obtusifolium,Millettia rubra,0.2576,not synonym,sentence-transformers/all-MiniLM-L6-v2,0.7,0
Microcharis tritoides,Dolichovigna pilosa,0.1775,not synonym,sentence-transformers/all-MiniLM-L6-v2,0.7,0
Monnina macrostachya,Shuteria anabaptis,0.3044,not synonym,sentence-transformers/all-MiniLM-L6-v2,0.7,0
Inga lomatophylla,Brachysema melanopetalum,0.3381,not synonym,sentence-transformers/all-MiniLM-L6-v2,0.7,0
Aphanocalyx jenseniae,Senega atropurpurea,0.1723,not synonym,sentence-transformers/all-MiniLM-L6-v2,0.7,0
Ononis pubescens,Ononis hybrida,0.6837,not synonym,sentence-transformers/all-MiniLM-L6-v2,0.7,1
Acacia piligera,Racosperma piligerum,0.3482,not synonym,sentence-transformers/all-MiniLM-L6-v2,0.7,1
Muraltia divaricata,Comesperma subherbaceum,0.1087,not synonym,sentence-transformers/all-MiniLM-L6-v2,0.7,0
Hoffmannseggia viscosa,Caesalpinia egena,0.3074,not synonym,sentence-transformers/all-MiniLM-L6-v2,0.7,1
Asemeia violacea,Polygala puberula,0.2945,not synonym,sentence-transformers/all-MiniLM-L6-v2,0.7,1
Comesperma spinosum,Amburana claudiae,0.1366,not synonym,sentence-transformers/all-MiniLM-L6-v2,0.7,0
Salomonia ciliata,Racosperma bynoeanum,0.3383,not synonym,sentence-transformers/all-MiniLM-L6-v2,0.7,0
Brachypterum robustum,Albizia eberhardtii,0.1689,not synonym,sentence-transformers/all-MiniLM-L6-v2,0.7,0
Calliandra houstoniana,Lebeckia psiloloba,0.2968,not synonym,sentence-transformers/all-MiniLM-L6-v2,0.7,0
Ebenus sibthorpii,Acacia rubescens,0.1179,not synonym,sentence-transformers/all-MiniLM-L6-v2,0.7,0
Eleiotis sororia,Chesniella depressa,0.3558,not synonym,sentence-transformers/all-MiniLM-L6-v2,0.7,0
Archidendron turgidum,Cylindrokelupha turgida,0.4897,not synonym,sentence-transformers/all-MiniLM-L6-v2,0.7,1
Amphiodon effusus,Phyllodoce genistifolia,0.2799,not synonym,sentence-transformers/all-MiniLM-L6-v2,0.7,0
Hoffmannseggia humilis,Pomaria humilis,0.5935,not synonym,sentence-transformers/all-MiniLM-L6-v2,0.7,1
Archidendron bubalinum,Teline congesta,0.197,not synonym,sentence-transformers/all-MiniLM-L6-v2,0.7,0
Ononis cintrana,Ononis nainii,0.7268,synonym,sentence-transformers/all-MiniLM-L6-v2,0.7,1
Nissolia acutifolia,Chaetocalyx acutifolius,0.4923,not synonym,sentence-transformers/all-MiniLM-L6-v2,0.7,1
Lotus mlanjeanus,Lotus discolor,0.5622,not synonym,sentence-transformers/all-MiniLM-L6-v2,0.7,1
Genista cupanii,Polygala cucullata,0.3321,not synonym,sentence-transformers/all-MiniLM-L6-v2,0.7,0
Flemingia paniculata,Flemingia phursia,0.713,synonym,sentence-transformers/all-MiniLM-L6-v2,0.7,1
Lotus halophilus,Telinaria triquetra,0.2313,not synonym,sentence-transformers/all-MiniLM-L6-v2,0.7,0
Archidendron crateradenum,Abarema crateradena,0.5948,not synonym,sentence-transformers/all-MiniLM-L6-v2,0.7,1
Securidaca calophylla,Kennedia tabacina,0.4588,not synonym,sentence-transformers/all-MiniLM-L6-v2,0.7,0
Inga umbratica,Genista commixta,0.3312,not synonym,sentence-transformers/all-MiniLM-L6-v2,0.7,0
Flemingia macrophylla,Crotalaria macrophylla,0.6584,not synonym,sentence-transformers/all-MiniLM-L6-v2,0.7,1
Aotus gracillima,Aotus gracilis,0.8973,synonym,sentence-transformers/all-MiniLM-L6-v2,0.7,1
Acacia hamiltoniana,Pterocarpus dalbergioides,0.1076,not synonym,sentence-transformers/all-MiniLM-L6-v2,0.7,0
Calliandra fasciculata,Collaea rigida,0.3009,not synonym,sentence-transformers/all-MiniLM-L6-v2,0.7,0
Badiera penaea,Polygala eckloniana,0.3299,not synonym,sentence-transformers/all-MiniLM-L6-v2,0.7,0
Calliandra viscidula,Moghania sootepensis,0.3018,not synonym,sentence-transformers/all-MiniLM-L6-v2,0.7,0
Dysolobium dolichoides,Canavalia dolichoides,0.6507,not synonym,sentence-transformers/all-MiniLM-L6-v2,0.7,1
Muraltia hirsuta,Muraltia cynara,0.6412,not synonym,sentence-transformers/all-MiniLM-L6-v2,0.7,1
Herpyza grandiflora,Feuilleea magdalenae,0.2995,not synonym,sentence-transformers/all-MiniLM-L6-v2,0.7,0
Millettia fruticosa,Robinia fruticosa,0.661,not synonym,sentence-transformers/all-MiniLM-L6-v2,0.7,1
Polygala crotalarioides,Polygala ardisioides,0.7177,synonym,sentence-transformers/all-MiniLM-L6-v2,0.7,1
Gastrolobium celsianum,Inga limonensis,0.1597,not synonym,sentence-transformers/all-MiniLM-L6-v2,0.7,0
Lotus subbiflorus,Lotus odoratus,0.5956,not synonym,sentence-transformers/all-MiniLM-L6-v2,0.7,1
Berlinia bracteosa,Lotus stocksii,0.1735,not synonym,sentence-transformers/all-MiniLM-L6-v2,0.7,0
Archidendron bigeminum,Xanthophyllum curtisii,0.1779,not synonym,sentence-transformers/all-MiniLM-L6-v2,0.7,0
Collaea speciosa,Lotus atropurpureus,0.2257,not synonym,sentence-transformers/all-MiniLM-L6-v2,0.7,0
Calliandra foliolosa,Dichosema racemosum,0.3472,not synonym,sentence-transformers/all-MiniLM-L6-v2,0.7,0
Erythrostemon glandulosus,Caesalpinia glandulosa,0.4974,not synonym,sentence-transformers/all-MiniLM-L6-v2,0.7,1
Brachypterum scandens,Ononis balearica,0.2049,not synonym,sentence-transformers/all-MiniLM-L6-v2,0.7,0
Xanthophyllum octandrum,Banisterodes macintyrii,0.2571,not synonym,sentence-transformers/all-MiniLM-L6-v2,0.7,1
Xanthophyllum vitellinum,Sophora genistifolia,0.476,not synonym,sentence-transformers/all-MiniLM-L6-v2,0.7,0
Hoffmannseggia humilis,Galactia angustifolia,0.2454,not synonym,sentence-transformers/all-MiniLM-L6-v2,0.7,0
Millettia psilopetala,Ononis hackelii,0.2486,not synonym,sentence-transformers/all-MiniLM-L6-v2,0.7,0
Millettia urophylloides,Millettia atenensis,0.5504,not synonym,sentence-transformers/all-MiniLM-L6-v2,0.7,1
Chorizema spathulatum,Oxylobium spathulatum,0.5691,not synonym,sentence-transformers/all-MiniLM-L6-v2,0.7,1
Asemeia monninoides,Polygala xyloclada,0.3771,not synonym,sentence-transformers/all-MiniLM-L6-v2,0.7,1
Polygala serpentaria,Elsota complicata,0.3699,not synonym,sentence-transformers/all-MiniLM-L6-v2,0.7,0
Lotus dorycnium,Dioclea glyciniodes,0.2817,not synonym,sentence-transformers/all-MiniLM-L6-v2,0.7,0
Asemeia ovata,Polygala decumbens,0.3224,not synonym,sentence-transformers/all-MiniLM-L6-v2,0.7,1
Inga panurensis,Racosperma ensifolium,0.2547,not synonym,sentence-transformers/all-MiniLM-L6-v2,0.7,0
Archidendron robinsonii,Genista broteroi,0.288,not synonym,sentence-transformers/all-MiniLM-L6-v2,0.7,0
Acacia chartacea,Racosperma chartaceum,0.3127,not synonym,sentence-transformers/all-MiniLM-L6-v2,0.7,1
Dahlstedtia pentaphylla,Camptosema pentaphyllum,0.5601,not synonym,sentence-transformers/all-MiniLM-L6-v2,0.7,1
Machaerium duckeanum,Machaerium macrocarpum,0.6223,not synonym,sentence-transformers/all-MiniLM-L6-v2,0.7,1
Acacia havilandiorum,Racosperma havilandiorum,0.3896,not synonym,sentence-transformers/all-MiniLM-L6-v2,0.7,1
Ononis mitissima,Ononis bracteata,0.7644,synonym,sentence-transformers/all-MiniLM-L6-v2,0.7,1
Brachypterum robustum,Dalbergia robusta,0.404,not synonym,sentence-transformers/all-MiniLM-L6-v2,0.7,1
Calliandra purpurea,Feuilleea longipes,0.4215,not synonym,sentence-transformers/all-MiniLM-L6-v2,0.7,0
Millettia barteri,Phaseoloides urophyllum,0.2461,not synonym,sentence-transformers/all-MiniLM-L6-v2,0.7,1
Acacia flexifolia,Racosperma flexifolium,0.3048,not synonym,sentence-transformers/all-MiniLM-L6-v2,0.7,1
Lotus mlanjeanus,Lotus minor,0.5833,not synonym,sentence-transformers/all-MiniLM-L6-v2,0.7,1
Muraltia serpylloides,Genista caballeroi,0.3172,not synonym,sentence-transformers/all-MiniLM-L6-v2,0.7,0
Securidaca scandens,Anneslia palmeri,0.283,not synonym,sentence-transformers/all-MiniLM-L6-v2,0.7,0
Monnina solandrifolia,Dorycnium schimperi,0.3013,not synonym,sentence-transformers/all-MiniLM-L6-v2,0.7,0
Asemeia grandiflora,Polygala versicolor,0.3785,not synonym,sentence-transformers/all-MiniLM-L6-v2,0.7,1
Moutabea aculeata,Moutabea dibotrya,0.7202,synonym,sentence-transformers/all-MiniLM-L6-v2,0.7,1
Dorycnium corsicum,Dorycnium corsicum,1.0,synonym,sentence-transformers/all-MiniLM-L6-v2,0.7,1
Rhinotropis californica,Pusaetha spicata,0.3656,not synonym,sentence-transformers/all-MiniLM-L6-v2,0.7,0
Genista hispanica,Voglera hispanica,0.695,not synonym,sentence-transformers/all-MiniLM-L6-v2,0.7,1
Lotus conjugatus,Smithia ochreata,0.1811,not synonym,sentence-transformers/all-MiniLM-L6-v2,0.7,0
Ononis orygalis,Ononis orygalis,1.0,synonym,sentence-transformers/all-MiniLM-L6-v2,0.7,1
Archidendron bubalinum,Cylindrokelupha bubalina,0.4823,not synonym,sentence-transformers/all-MiniLM-L6-v2,0.7,1
Lotus strictus,Polygala ardisioides,0.207,not synonym,sentence-transformers/all-MiniLM-L6-v2,0.7,0
Lotus tenellus,Polygala oxyphylla,0.1902,not synonym,sentence-transformers/all-MiniLM-L6-v2,0.7,0
Centrolobium robustum,Syspone sagittalis,0.1221,not synonym,sentence-transformers/all-MiniLM-L6-v2,0.7,0
Calliandra blanchetii,Flemingia wangkae,0.4197,not synonym,sentence-transformers/all-MiniLM-L6-v2,0.7,0
Aphanocalyx hedinii,Monopetalanthus hedinii,0.5575,not synonym,sentence-transformers/all-MiniLM-L6-v2,0.7,1
Asemeia ovata,Polygala peduncularis,0.2228,not synonym,sentence-transformers/all-MiniLM-L6-v2,0.7,1
Calliandra falcata,Codarium nitidum,0.2265,not synonym,sentence-transformers/all-MiniLM-L6-v2,0.7,0
Dialium zenkeri,Dialium pierrei,0.6351,not synonym,sentence-transformers/all-MiniLM-L6-v2,0.7,1
Archidendron jiringa,Pithecellobium jiringa,0.4733,not synonym,sentence-transformers/all-MiniLM-L6-v2,0.7,1
Brachypterum scandens,Pterocarpus scandens,0.476,not synonym,sentence-transformers/all-MiniLM-L6-v2,0.7,1
Fairchildia panamensis,Tunatea panamensis,0.5031,not synonym,sentence-transformers/all-MiniLM-L6-v2,0.7,1
Calliandra obesifolia,Machaerium puberulum,0.1512,not synonym,sentence-transformers/all-MiniLM-L6-v2,0.7,0
Genista aristata,Spartium hirsutum,0.1202,not synonym,sentence-transformers/all-MiniLM-L6-v2,0.7,1
Archidendron jiringa,Polygala amoenissima,0.249,not synonym,sentence-transformers/all-MiniLM-L6-v2,0.7,0
Monnina salicifolia,Hebeandra phillyreoides,0.3743,not synonym,sentence-transformers/all-MiniLM-L6-v2,0.7,1
Monnina bonplandiana,Monnina nervosa,0.6367,not synonym,sentence-transformers/all-MiniLM-L6-v2,0.7,1
Calobota obovata,Lebeckia obovata,0.5628,not synonym,sentence-transformers/all-MiniLM-L6-v2,0.7,1
Inga stenoptera,Hebeandra hirta,0.2905,not synonym,sentence-transformers/all-MiniLM-L6-v2,0.7,0
Genista ramosissima,Racosperma aridum,0.1888,not synonym,sentence-transformers/all-MiniLM-L6-v2,0.7,0
Julbernardia seretii,Julbernardia ogoouensis,0.7815,synonym,sentence-transformers/all-MiniLM-L6-v2,0.7,1
Genista stenopetala,Genista formosa,0.7042,synonym,sentence-transformers/all-MiniLM-L6-v2,0.7,1
Chorizema racemosum,Dichosema racemosum,0.7025,synonym,sentence-transformers/all-MiniLM-L6-v2,0.7,1
Acacia macdonnelliensis,Pithecellobium ferdinandi-muelleri,0.2963,not synonym,sentence-transformers/all-MiniLM-L6-v2,0.7,0
Calliandra cruegeri,Calliandra crugerii,0.9032,synonym,sentence-transformers/all-MiniLM-L6-v2,0.7,1
Calliandra virgata,Piptanthus chinensis,0.1619,not synonym,sentence-transformers/all-MiniLM-L6-v2,0.7,0
Ebenus pinnata,Genista repens,0.2019,not synonym,sentence-transformers/all-MiniLM-L6-v2,0.7,0
Flemingia macrophylla,Moghania yunnanensis,0.3294,not synonym,sentence-transformers/all-MiniLM-L6-v2,0.7,1
Archidendron harmsii,Pithecellobium harmsii,0.366,not synonym,sentence-transformers/all-MiniLM-L6-v2,0.7,1
Quillaja saponaria,Millettia subcordata,0.2931,not synonym,sentence-transformers/all-MiniLM-L6-v2,0.7,0
Hoffmannseggia viscosa,Lotus glaucescens,0.1171,not synonym,sentence-transformers/all-MiniLM-L6-v2,0.7,0
Brachypterum microphyllum,Hebecarpa greggii,0.0632,not synonym,sentence-transformers/all-MiniLM-L6-v2,0.7,0
Machaerium truxillense,Machaerium trujillense,0.896,synonym,sentence-transformers/all-MiniLM-L6-v2,0.7,1
Diphysa ormocarpoides,Aeschynomene ormocarpoides,0.647,not synonym,sentence-transformers/all-MiniLM-L6-v2,0.7,1
Acacia hemignosta,Lotus prostratus,0.3555,not synonym,sentence-transformers/all-MiniLM-L6-v2,0.7,0
Calliandra selloi,Racosperma prominens,0.0685,not synonym,sentence-transformers/all-MiniLM-L6-v2,0.7,0
Lotus jacobaeus,Polygala nudata,0.356,not synonym,sentence-transformers/all-MiniLM-L6-v2,0.7,0
Monnina cestrifolia,Hebeandra cestrifolia,0.6775,not synonym,sentence-transformers/all-MiniLM-L6-v2,0.7,1
Eysenhardtia polystachya,Dalbergia amorphoides,0.4486,not synonym,sentence-transformers/all-MiniLM-L6-v2,0.7,1
Gastrolobium effusum,Glycine comosa,0.191,not synonym,sentence-transformers/all-MiniLM-L6-v2,0.7,0
Ononis decumbens,Sophora oligophylla,0.3244,not synonym,sentence-transformers/all-MiniLM-L6-v2,0.7,0
Xanthophyllum flavescens,Xanthophyllum siamense,0.8312,synonym,sentence-transformers/all-MiniLM-L6-v2,0.7,1
Dialium zenkeri,Dialium laurentii,0.6571,not synonym,sentence-transformers/all-MiniLM-L6-v2,0.7,1
Xanthophyllum obscurum,Muraltia juniperifolia,0.462,not synonym,sentence-transformers/all-MiniLM-L6-v2,0.7,0
Xanthophyllum vitellinum,Genista millanii,0.1672,not synonym,sentence-transformers/all-MiniLM-L6-v2,0.7,0
Lotus hirsutus,Bonjeania hirsuta,0.43,not synonym,sentence-transformers/all-MiniLM-L6-v2,0.7,1
Ononis rotundifolia,Natrix rotundifolia,0.5889,not synonym,sentence-transformers/all-MiniLM-L6-v2,0.7,1
Inga chartacea,Inga heinei,0.6204,not synonym,sentence-transformers/all-MiniLM-L6-v2,0.7,0
Mimozyganthus carinatus,Mimosa carinata,0.6015,not synonym,sentence-transformers/all-MiniLM-L6-v2,0.7,1
Genista sagittalis,Heterosamara pellucida,0.2754,not synonym,sentence-transformers/all-MiniLM-L6-v2,0.7,0
Amphicarpaea bracteata,Amphicarpaea heterophylla,0.649,not synonym,sentence-transformers/all-MiniLM-L6-v2,0.7,1
Dahlstedtia hylobia,Dialium corbisieri,0.2059,not synonym,sentence-transformers/all-MiniLM-L6-v2,0.7,0
Gilbertiodendron diphyllum,Xanthophyllum hookerianum,0.6972,not synonym,sentence-transformers/all-MiniLM-L6-v2,0.7,0
Inga sapindoides,Caesalpinia pannosa,0.41,not synonym,sentence-transformers/all-MiniLM-L6-v2,0.7,0
Glycine tabacina,Glycine membranacea,0.6761,not synonym,sentence-transformers/all-MiniLM-L6-v2,0.7,1
Monnina ciliolata,Monnina platyphylla,0.6776,not synonym,sentence-transformers/all-MiniLM-L6-v2,0.7,0
Erythrostemon nicaraguensis,Caesalpinia nicaraguensis,0.5259,not synonym,sentence-transformers/all-MiniLM-L6-v2,0.7,1
Muraltia stipulacea,Heistera diffusa,0.3805,not synonym,sentence-transformers/all-MiniLM-L6-v2,0.7,1
Millettia podocarpa,Huchimingia podocarpa,0.6175,not synonym,sentence-transformers/all-MiniLM-L6-v2,0.7,1
Dialium platysepalum,Moldenhawera mollis,0.1636,not synonym,sentence-transformers/all-MiniLM-L6-v2,0.7,0
Muraltia ericoides,Lotus boissieri,0.3659,not synonym,sentence-transformers/all-MiniLM-L6-v2,0.7,0
Hippocrepis scorpioides,Acacia tenuifolia,0.0495,not synonym,sentence-transformers/all-MiniLM-L6-v2,0.7,0
Lotus dorycnium,Berlinia seretii,0.1526,not synonym,sentence-transformers/all-MiniLM-L6-v2,0.7,0
Genista linifolia,Lugaion linifolium,0.3351,not synonym,sentence-transformers/all-MiniLM-L6-v2,0.7,1
Acacia cyclops,Acacia cyclopsis,0.9502,synonym,sentence-transformers/all-MiniLM-L6-v2,0.7,1
Millettia sericea,Millettia heterophylla,0.6756,not synonym,sentence-transformers/all-MiniLM-L6-v2,0.7,1
Carmichaelia australis,Machaerium armatum,0.321,not synonym,sentence-transformers/all-MiniLM-L6-v2,0.7,0
Monnina solandrifolia,Monnina platyphylla,0.6791,not synonym,sentence-transformers/all-MiniLM-L6-v2,0.7,1
Genista tricuspidata,Feuilleea fendleriana,0.3293,not synonym,sentence-transformers/all-MiniLM-L6-v2,0.7,0
Inga heterophylla,Mimosa parii,0.4961,not synonym,sentence-transformers/all-MiniLM-L6-v2,0.7,1
Comesperma esulifolium,Carmichaelia flagelliformis,0.3256,not synonym,sentence-transformers/all-MiniLM-L6-v2,0.7,0
Gastrolobium ebracteolatum,Oxylobium linearis,0.3886,not synonym,sentence-transformers/all-MiniLM-L6-v2,0.7,1
Epirixanthes elongata,Macrolobium bilineatum,0.2446,not synonym,sentence-transformers/all-MiniLM-L6-v2,0.7,0
Genista aristata,Genista hirsuta,0.7361,synonym,sentence-transformers/all-MiniLM-L6-v2,0.7,1
Polygaloides chamaebuxus,Polygala myrtilloides,0.5575,not synonym,sentence-transformers/all-MiniLM-L6-v2,0.7,0
Salomonia ciliata,Dalbergia momsita,0.5559,not synonym,sentence-transformers/all-MiniLM-L6-v2,0.7,0
Calliandra caeciliae,Anneslia densifolia,0.3947,not synonym,sentence-transformers/all-MiniLM-L6-v2,0.7,1
Millettia comosa,Berlinia lundensis,0.2462,not synonym,sentence-transformers/all-MiniLM-L6-v2,0.7,0
Archidendron kalkmanii,Pithecellobium dewitianum,0.2593,not synonym,sentence-transformers/all-MiniLM-L6-v2,0.7,1
Brachypterum scandens,Solori scandens,0.3855,not synonym,sentence-transformers/all-MiniLM-L6-v2,0.7,1
Muraltia mixta,Heisteria mixta,0.6213,not synonym,sentence-transformers/all-MiniLM-L6-v2,0.7,1
Dialium pachyphyllum,Dialium gossweileri,0.4705,not synonym,sentence-transformers/all-MiniLM-L6-v2,0.7,1
Amphicarpaea bracteata,Glycine sarmentosa,0.3268,not synonym,sentence-transformers/all-MiniLM-L6-v2,0.7,1
Monnina xalapensis,Hebeandra euonymoides,0.2503,not synonym,sentence-transformers/all-MiniLM-L6-v2,0.7,1
Ancylotropis insignis,Entadopsis spicata,0.1979,not synonym,sentence-transformers/all-MiniLM-L6-v2,0.7,0
Acacia helicophylla,Racosperma helicophyllum,0.4399,not synonym,sentence-transformers/all-MiniLM-L6-v2,0.7,1
Ononis arvensis,Bonaga arvensis,0.5639,not synonym,sentence-transformers/all-MiniLM-L6-v2,0.7,1
Carmichaelia nana,Anneslia densifolia,0.2557,not synonym,sentence-transformers/all-MiniLM-L6-v2,0.7,0
Inga flagelliformis,Muraltia virgata,0.2711,not synonym,sentence-transformers/all-MiniLM-L6-v2,0.7,0
Angylocalyx talbotii,Chamaebuxus munbyana,0.1581,not synonym,sentence-transformers/all-MiniLM-L6-v2,0.7,0
Archidendron bigeminum,Inga annularis,0.178,not synonym,sentence-transformers/all-MiniLM-L6-v2,0.7,1
Calliandra linearis,Feuilleea linearis,0.4631,not synonym,sentence-transformers/all-MiniLM-L6-v2,0.7,1
Echinospartum boissieri,Genista boissieri,0.4866,not synonym,sentence-transformers/all-MiniLM-L6-v2,0.7,1
Bredemeyera laurifolia,Catocoma laurifolia,0.6684,not synonym,sentence-transformers/all-MiniLM-L6-v2,0.7,1
Calobota acanthoclada,Lebeckia spathulifolia,0.2886,not synonym,sentence-transformers/all-MiniLM-L6-v2,0.7,1
Carmichaelia odorata,Pithecolobium selloi,0.3392,not synonym,sentence-transformers/all-MiniLM-L6-v2,0.7,0
Chesneya macrantha,Comesperma planifolium,0.1969,not synonym,sentence-transformers/all-MiniLM-L6-v2,0.7,0
Archidendron calliandrum,Archidendron kanehira,0.5748,not synonym,sentence-transformers/all-MiniLM-L6-v2,0.7,1
Muraltia ericoides,Heistera trinervia,0.3238,not synonym,sentence-transformers/all-MiniLM-L6-v2,0.7,0
Lupinus andersonii,Chaetocalyx perglandulosus,0.3805,not synonym,sentence-transformers/all-MiniLM-L6-v2,0.7,0
Bossiaea dentata,Ebenidium bourgeaui,0.4244,not synonym,sentence-transformers/all-MiniLM-L6-v2,0.7,0
Archidendron microcarpum,Inga colonchensis,-0.0009,not synonym,sentence-transformers/all-MiniLM-L6-v2,0.7,0
Glycine tabacina,Chaetocalyx latisiliquus,0.221,not synonym,sentence-transformers/all-MiniLM-L6-v2,0.7,0
Lotus lancerottensis,Inga camuriensis,0.3658,not synonym,sentence-transformers/all-MiniLM-L6-v2,0.7,0
Lotus subbiflorus,Lotus unibracteatus,0.6765,not synonym,sentence-transformers/all-MiniLM-L6-v2,0.7,1
Muraltia acicularis,Heistera acicularis,0.6029,not synonym,sentence-transformers/all-MiniLM-L6-v2,0.7,1
Muraltia divaricata,Moghania paniculata,0.2927,not synonym,sentence-transformers/all-MiniLM-L6-v2,0.7,0
Calliandra pauciflora,Inga antioquensis,0.2643,not synonym,sentence-transformers/all-MiniLM-L6-v2,0.7,0
Brachypterum pseudinvolutum,Derris pseudinvoluta,0.4296,not synonym,sentence-transformers/all-MiniLM-L6-v2,0.7,1
Erythrostemon robinsonianus,Heisteria dregei,0.3104,not synonym,sentence-transformers/all-MiniLM-L6-v2,0.7,0
Carmichaelia curta,Huttonella curta,0.5977,not synonym,sentence-transformers/all-MiniLM-L6-v2,0.7,1
Archidendron jiringa,Racosperma obtectum,0.014,not synonym,sentence-transformers/all-MiniLM-L6-v2,0.7,0
Acacia filifolia,Archidendron vandersijdei,0.0486,not synonym,sentence-transformers/all-MiniLM-L6-v2,0.7,0
Chesneya parviflora,Dorycnium insulare,0.3348,not synonym,sentence-transformers/all-MiniLM-L6-v2,0.7,0
Acacia pickardii,Racosperma pickardii,0.4825,not synonym,sentence-transformers/all-MiniLM-L6-v2,0.7,1
Amphiodon effusus,Amphilophium effusus,0.7877,synonym,sentence-transformers/all-MiniLM-L6-v2,0.7,1
Glycine max,Hebeandra mucronata,0.2413,not synonym,sentence-transformers/all-MiniLM-L6-v2,0.7,0
Genista micrantha,Genista bracteolata,0.7348,synonym,sentence-transformers/all-MiniLM-L6-v2,0.7,1
Hippocrepis constricta,Hippocrepis multicaulis,0.7412,synonym,sentence-transformers/all-MiniLM-L6-v2,0.7,1
Hanslia ormocarpoides,Hanslia adhaerens,0.6167,not synonym,sentence-transformers/all-MiniLM-L6-v2,0.7,1
Lupinus andersonii,Cytisus annigricans,0.4431,not synonym,sentence-transformers/all-MiniLM-L6-v2,0.7,0
Nissolia brasiliensis,Chaetocalyx belizensis,0.3372,not synonym,sentence-transformers/all-MiniLM-L6-v2,0.7,1
Flemingia macrophylla,Flemingia brevipes,0.6977,not synonym,sentence-transformers/all-MiniLM-L6-v2,0.7,1
Asemeia monninoides,Abarema yunnanensis,0.3987,not synonym,sentence-transformers/all-MiniLM-L6-v2,0.7,0
Lotus maritimus,Scandalida flava,0.2754,not synonym,sentence-transformers/all-MiniLM-L6-v2,0.7,1
Dialium guineense,Dialium guianense,0.9341,synonym,sentence-transformers/all-MiniLM-L6-v2,0.7,1
Eysenhardtia texana,Eysenhardtia drummondii,0.6322,not synonym,sentence-transformers/all-MiniLM-L6-v2,0.7,1
Archidendron merrillii,Calliandra jacobiana,0.2261,not synonym,sentence-transformers/all-MiniLM-L6-v2,0.7,0
Gastrolobium nervosum,Oxylobium reticulatum,0.4441,not synonym,sentence-transformers/all-MiniLM-L6-v2,0.7,1
Archidendron pauciflorum,Pithecellobium pauciflorum,0.5658,not synonym,sentence-transformers/all-MiniLM-L6-v2,0.7,1
Bossiaea obcordata,Platylobium microphyllum,0.2189,not synonym,sentence-transformers/all-MiniLM-L6-v2,0.7,1
Errazurizia rotundata,Tetragonolobus monanthos,0.215,not synonym,sentence-transformers/all-MiniLM-L6-v2,0.7,0
Dialium orientale,Calliandra obesiflora,0.3696,not synonym,sentence-transformers/all-MiniLM-L6-v2,0.7,0
Adenopodia schlechteri,Entada schlechteri,0.4543,not synonym,sentence-transformers/all-MiniLM-L6-v2,0.7,1
Archidendron jiringa,Microlophium exile,0.2137,not synonym,sentence-transformers/all-MiniLM-L6-v2,0.7,0
Carmichaelia australis,Maughania rollae,0.2529,not synonym,sentence-transformers/all-MiniLM-L6-v2,0.7,0
Acacia cardiophylla,Ononis thomsonii,0.3725,not synonym,sentence-transformers/all-MiniLM-L6-v2,0.7,0
Securidaca coriacea,Elsota mollis,0.2922,not synonym,sentence-transformers/all-MiniLM-L6-v2,0.7,1
Hippocrepis scabra,Polygala lasseniana,0.1951,not synonym,sentence-transformers/all-MiniLM-L6-v2,0.7,0
Microcharis gyrata,Indigofera gyrata,0.6434,not synonym,sentence-transformers/all-MiniLM-L6-v2,0.7,1
Genista canariensis,Cytisus philippii,0.3304,not synonym,sentence-transformers/all-MiniLM-L6-v2,0.7,1
Muraltia stipulacea,Lotus grandiflorus,0.3674,not synonym,sentence-transformers/all-MiniLM-L6-v2,0.7,0
Carmichaelia stevensonii,Chordospartium stevensonii,0.6226,not synonym,sentence-transformers/all-MiniLM-L6-v2,0.7,1
Monnina callimorpha,Monnina killipii,0.7295,synonym,sentence-transformers/all-MiniLM-L6-v2,0.7,1
Ancistrotropis peduncularis,Larrea peninsularis,0.2577,not synonym,sentence-transformers/all-MiniLM-L6-v2,0.7,0
Genista clavata,Millettia yangambiensis,0.2324,not synonym,sentence-transformers/all-MiniLM-L6-v2,0.7,0
Hebecarpa barbeyana,Polygala reducta,0.2577,not synonym,sentence-transformers/all-MiniLM-L6-v2,0.7,1
Ononis ramosissima,Pongamia sericea,0.3977,not synonym,sentence-transformers/all-MiniLM-L6-v2,0.7,0
Inga multicaulis,Inga balaensis,0.5071,not synonym,sentence-transformers/all-MiniLM-L6-v2,0.7,1
Berlinia giorgii,Glycine monophylla,0.2269,not synonym,sentence-transformers/all-MiniLM-L6-v2,0.7,0
Polygala crotalarioides,Polygala umbrosa,0.5692,not synonym,sentence-transformers/all-MiniLM-L6-v2,0.7,1
Monnina aestuans,Polygala aestuans,0.5869,not synonym,sentence-transformers/all-MiniLM-L6-v2,0.7,1
Kotschya africana,Polygala ilseana,0.3593,not synonym,sentence-transformers/all-MiniLM-L6-v2,0.7,0
Gilbertiodendron dewevrei,Banisterodes stipitatum,0.2865,not synonym,sentence-transformers/all-MiniLM-L6-v2,0.7,0
Millettia pachycarpa,Pongamia taiwaniana,0.4185,not synonym,sentence-transformers/all-MiniLM-L6-v2,0.7,1
Polygala grandidieri,Westia stipulacea,0.4805,not synonym,sentence-transformers/all-MiniLM-L6-v2,0.7,0
Muraltia thymifolia,Muraltia inconstans,0.6204,not synonym,sentence-transformers/all-MiniLM-L6-v2,0.7,1
Securidaca diversifolia,Smithia sphaerocephala,0.2514,not synonym,sentence-transformers/all-MiniLM-L6-v2,0.7,0
Machaerium uncinatum,Bredemeyera laurifolia,0.3193,not synonym,sentence-transformers/all-MiniLM-L6-v2,0.7,0
Acacia hopperiana,Racosperma hopperianum,0.4297,not synonym,sentence-transformers/all-MiniLM-L6-v2,0.7,1
Xanthophyllum vitellinum,Banisteroides vitellinum,0.6122,not synonym,sentence-transformers/all-MiniLM-L6-v2,0.7,1
Brachypterum robustum,Deguelia robusta,0.3939,not synonym,sentence-transformers/all-MiniLM-L6-v2,0.7,1
Archidendron minahassae,Pithecellobium teysmannii,0.205,not synonym,sentence-transformers/all-MiniLM-L6-v2,0.7,1
Nissolia longiloba,Chaetocalyx longilobus,0.4166,not synonym,sentence-transformers/all-MiniLM-L6-v2,0.7,1
Inga flagelliformis,Feuilleea flagelliformis,0.6793,not synonym,sentence-transformers/all-MiniLM-L6-v2,0.7,1
Lotus arenarius,Genista cuspidosa,0.2726,not synonym,sentence-transformers/all-MiniLM-L6-v2,0.7,0
Machaerium isadelphum,Machaerium setulosum,0.6547,not synonym,sentence-transformers/all-MiniLM-L6-v2,0.7,1
Lotus broussonetii,Millettia caffra,0.3457,not synonym,sentence-transformers/all-MiniLM-L6-v2,0.7,0
Archidendron bubalinum,Muraltia affinis,0.2775,not synonym,sentence-transformers/all-MiniLM-L6-v2,0.7,0
Archidendron eberhardtii,Ononis bonanniana,0.2944,not synonym,sentence-transformers/all-MiniLM-L6-v2,0.7,0
Archidendron rufescens,Scandalida tetragonoloba,0.2035,not synonym,sentence-transformers/all-MiniLM-L6-v2,0.7,0
Xanthophyllum stipitatum,Polygala paniculata,0.4805,not synonym,sentence-transformers/all-MiniLM-L6-v2,0.7,0
Genista polyanthus,Genista polyanthus,1.0,synonym,sentence-transformers/all-MiniLM-L6-v2,0.7,1
Genista germanica,Voglera spinosa,0.256,not synonym,sentence-transformers/all-MiniLM-L6-v2,0.7,1
Brya leonensis,Genista brutia,0.4104,not synonym,sentence-transformers/all-MiniLM-L6-v2,0.7,0
Acacia genistifolia,Phyllodoce genistaefolia,0.2843,not synonym,sentence-transformers/all-MiniLM-L6-v2,0.7,1
Inga lallensis,Inga lallensis,1.0,synonym,sentence-transformers/all-MiniLM-L6-v2,0.7,1
Calliandra rubescens,Calliandra pallida,0.5658,not synonym,sentence-transformers/all-MiniLM-L6-v2,0.7,1
Inga danieli,Inga danieli,1.0,synonym,sentence-transformers/all-MiniLM-L6-v2,0.7,1
Monnina sodiroana,Monnina purpurea,0.7526,synonym,sentence-transformers/all-MiniLM-L6-v2,0.7,1
Comesperma virgatum,Comesperma longebracteatum,0.6039,not synonym,sentence-transformers/all-MiniLM-L6-v2,0.7,1
Mora gonggrijpii,Dimorphandra gonggrijpii,0.6229,not synonym,sentence-transformers/all-MiniLM-L6-v2,0.7,1
Polygala grazielae,Senega grazielae,0.5419,not synonym,sentence-transformers/all-MiniLM-L6-v2,0.7,1
Monnina polystachya,Monnina paniculata,0.6999,not synonym,sentence-transformers/all-MiniLM-L6-v2,0.7,1
Hoffmannseggia prostrata,Abarema teijsmannii,0.4254,not synonym,sentence-transformers/all-MiniLM-L6-v2,0.7,0
Amphicarpaea bracteata,Uraria retrofracta,0.3497,not synonym,sentence-transformers/all-MiniLM-L6-v2,0.7,0
Genista microphylla,Telinaria florida,0.2347,not synonym,sentence-transformers/all-MiniLM-L6-v2,0.7,0
Calliandra surinamensis,Mimosa fasciculata,0.3456,not synonym,sentence-transformers/all-MiniLM-L6-v2,0.7,1
Ammopiptanthus nanus,Banisteroides vitellinum,0.3091,not synonym,sentence-transformers/all-MiniLM-L6-v2,0.7,0
Gastrolobium bilobum,Xanthophyllum loheri,0.1285,not synonym,sentence-transformers/all-MiniLM-L6-v2,0.7,0
Genista sessilifolia,Dillwynia myrtifolia,0.5526,not synonym,sentence-transformers/all-MiniLM-L6-v2,0.7,0
Cyclopia genistoides,Cyclopia heterophylla,0.6762,not synonym,sentence-transformers/all-MiniLM-L6-v2,0.7,1
Millettia sericea,Mimosa circinnatus,0.497,not synonym,sentence-transformers/all-MiniLM-L6-v2,0.7,0
Bredemeyera hebeclada,Trigonia velutina,0.2556,not synonym,sentence-transformers/all-MiniLM-L6-v2,0.7,1
Comesperma calymega,Banisteroides obscurum,0.3316,not synonym,sentence-transformers/all-MiniLM-L6-v2,0.7,0
Calliandra purpurea,Acacia caleyi,0.2974,not synonym,sentence-transformers/all-MiniLM-L6-v2,0.7,0
Mantiqueira bella,Camptosema bellum,0.1159,not synonym,sentence-transformers/all-MiniLM-L6-v2,0.7,1
Hippocrepis constricta,Hippocrepis biflora,0.7437,synonym,sentence-transformers/all-MiniLM-L6-v2,0.7,1
Rhinotropis lindheimeri,Teline medicagioides,0.058,not synonym,sentence-transformers/all-MiniLM-L6-v2,0.7,0
Archidendron jiringa,Inga jiringa,0.6153,not synonym,sentence-transformers/all-MiniLM-L6-v2,0.7,1
Echinospartum horridum,Echinospartum lugdunense,0.7556,synonym,sentence-transformers/all-MiniLM-L6-v2,0.7,1
Hippocrepis multisiliquosa,Hippocrepis biflora,0.6953,not synonym,sentence-transformers/all-MiniLM-L6-v2,0.7,1
Asemeia echinosperma,Polygala echinosperma,0.6588,not synonym,sentence-transformers/all-MiniLM-L6-v2,0.7,1
Mundulea sericea,Cytisus sericeus,0.5069,not synonym,sentence-transformers/all-MiniLM-L6-v2,0.7,1
Acacia malloclada,Racosperma mallocladum,0.4525,not synonym,sentence-transformers/all-MiniLM-L6-v2,0.7,1
Myroxylon peruiferum,Carmichaelia muelleriana,0.4736,not synonym,sentence-transformers/all-MiniLM-L6-v2,0.7,0
Mundulea chapelieri,Mundulea chapelieri,1.0,synonym,sentence-transformers/all-MiniLM-L6-v2,0.7,1
Genista tribracteolata,Cytisus tribracteolatus,0.5754,not synonym,sentence-transformers/all-MiniLM-L6-v2,0.7,1
Coulteria pumila,Caesalpinia gracilis,0.4105,not synonym,sentence-transformers/all-MiniLM-L6-v2,0.7,1
Ononis hirta,Triclisperma grandiflora,0.255,not synonym,sentence-transformers/all-MiniLM-L6-v2,0.7,0
Calophaca grandiflora,Monnina spruceana,0.4331,not synonym,sentence-transformers/all-MiniLM-L6-v2,0.7,0
Lotus arabicus,Derris taiwaniana,0.3011,not synonym,sentence-transformers/all-MiniLM-L6-v2,0.7,0
Machaerium hirtum,Polygala extraaxillaris,0.2093,not synonym,sentence-transformers/all-MiniLM-L6-v2,0.7,0
Archidendron lucyi,Cylindrokelupha poilanei,0.3388,not synonym,sentence-transformers/all-MiniLM-L6-v2,0.7,0
Myroxylon peruiferum,Chronanthos villaraii,0.3911,not synonym,sentence-transformers/all-MiniLM-L6-v2,0.7,0
Millettia acutiflora,Imbralyx acutiflorus,0.4722,not synonym,sentence-transformers/all-MiniLM-L6-v2,0.7,1
Comesperma apyllum,Comesperma apyllum,1.0,synonym,sentence-transformers/all-MiniLM-L6-v2,0.7,1
Muraltia dumosa,Heistera dumosa,0.6306,not synonym,sentence-transformers/all-MiniLM-L6-v2,0.7,1
Brachypterum robustum,Derris robusta,0.4071,not synonym,sentence-transformers/all-MiniLM-L6-v2,0.7,1
Carmichaelia muritai,Virgilia intrusa,0.349,not synonym,sentence-transformers/all-MiniLM-L6-v2,0.7,0
Xanthophyllum octandrum,Xanthophyllum macintyrii,0.8214,synonym,sentence-transformers/all-MiniLM-L6-v2,0.7,1
Flemingia lineata,Desmodium ormocarpoides,0.2254,not synonym,sentence-transformers/all-MiniLM-L6-v2,0.7,0
Nissolia peruviana,Raimondianthus platycarpus,0.2836,not synonym,sentence-transformers/all-MiniLM-L6-v2,0.7,1
Ononis intermedia,Ononis intermedia,1.0,synonym,sentence-transformers/all-MiniLM-L6-v2,0.7,1
Myroxylon balsamum,Zygia ramiflora,0.4115,not synonym,sentence-transformers/all-MiniLM-L6-v2,0.7,0
Lotus hirsutus,Trigonella crassifolia,0.3719,not synonym,sentence-transformers/all-MiniLM-L6-v2,0.7,0
Archidendron hendersonii,Muraltia pachyphylla,0.4872,not synonym,sentence-transformers/all-MiniLM-L6-v2,0.7,0
Archidendron globosum,Pithecellobium microcarpum,0.4114,not synonym,sentence-transformers/all-MiniLM-L6-v2,0.7,0
Polygala japonica,Bossiaea lalagoides,0.496,not synonym,sentence-transformers/all-MiniLM-L6-v2,0.7,0
Calliandra californica,Inga affinis,0.2428,not synonym,sentence-transformers/all-MiniLM-L6-v2,0.7,0
Erythrostemon fimbriatus,Caesalpinia gilliesii,0.2182,not synonym,sentence-transformers/all-MiniLM-L6-v2,0.7,1
Lotus jolyi,Polygala maravillasensis,0.2477,not synonym,sentence-transformers/all-MiniLM-L6-v2,0.7,0
Dialium angolense,Dialium evrardii,0.7034,synonym,sentence-transformers/all-MiniLM-L6-v2,0.7,1
Calliandra taxifolia,Mimosa expansa,0.2387,not synonym,sentence-transformers/all-MiniLM-L6-v2,0.7,1
Dahlstedtia confertiflora,Lonchocarpus confertiflorus,0.51,not synonym,sentence-transformers/all-MiniLM-L6-v2,0.7,1
Lotus palustris,Cyclopia heterophylla,0.2025,not synonym,sentence-transformers/all-MiniLM-L6-v2,0.7,0
Coulteria platyloba,Inga capuchoi,0.0697,not synonym,sentence-transformers/all-MiniLM-L6-v2,0.7,0
Acacia consobrina,Racosperma consobrinum,0.3662,not synonym,sentence-transformers/all-MiniLM-L6-v2,0.7,1
Calliandra hirsuta,Calliandra matudae,0.6675,not synonym,sentence-transformers/all-MiniLM-L6-v2,0.7,1
Carmichaelia petriei,Carmichaelia virgata,0.7931,synonym,sentence-transformers/all-MiniLM-L6-v2,0.7,1
Ononis pinnata,Chaetocalyx brasiliensis,0.2499,not synonym,sentence-transformers/all-MiniLM-L6-v2,0.7,0
Humularia kassneri,Geissaspis vanderysti,0.5432,not synonym,sentence-transformers/all-MiniLM-L6-v2,0.7,1
Chorizema genistoides,Ononis apula,0.2768,not synonym,sentence-transformers/all-MiniLM-L6-v2,0.7,0
Salomonia ciliata,Salomonia horneri,0.7476,synonym,sentence-transformers/all-MiniLM-L6-v2,0.7,1
Lotus herbaceus,Dorycnium diffusum,0.326,not synonym,sentence-transformers/all-MiniLM-L6-v2,0.7,1
Dysolobium pilosum,Inga microgyna,0.2669,not synonym,sentence-transformers/all-MiniLM-L6-v2,0.7,0
Bouffordia dichotoma,Inga kawahurunae,0.1411,not synonym,sentence-transformers/all-MiniLM-L6-v2,0.7,0
Carmichaelia australis,Carmichaelia muelleriana,0.6934,not synonym,sentence-transformers/all-MiniLM-L6-v2,0.7,1
Genista germanica,Myroxylon hanburyanum,0.2778,not synonym,sentence-transformers/all-MiniLM-L6-v2,0.7,0
Echinospartum horridum,Cytisanthus horridus,0.5268,not synonym,sentence-transformers/all-MiniLM-L6-v2,0.7,1
Acacia prominens,Acacia prominens,1.0,synonym,sentence-transformers/all-MiniLM-L6-v2,0.7,1
Monnina polystachya,Ononis sieberi,0.3062,not synonym,sentence-transformers/all-MiniLM-L6-v2,0.7,0
Ancylotropis malmeana,Monnina malmeana,0.4025,not synonym,sentence-transformers/all-MiniLM-L6-v2,0.7,1
Ancistrotropis clitorioides,Acacia bossiaeoides,0.3025,not synonym,sentence-transformers/all-MiniLM-L6-v2,0.7,0
Lotus subbiflorus,Lotus approximatus,0.6883,not synonym,sentence-transformers/all-MiniLM-L6-v2,0.7,1
Calliandra hymenaeoides,Inga hymenaeoides,0.7294,synonym,sentence-transformers/all-MiniLM-L6-v2,0.7,1
Millettia letestui,Millettia mavoundiensis,0.558,not synonym,sentence-transformers/all-MiniLM-L6-v2,0.7,1
Carmichaelia torulosa,Smithia goetzei,0.4572,not synonym,sentence-transformers/all-MiniLM-L6-v2,0.7,0
Kartalinia acaulis,Bituminaria acaulis,0.6558,not synonym,sentence-transformers/all-MiniLM-L6-v2,0.7,1
Calliandra houstoniana,Apios taiwaniana,0.289,not synonym,sentence-transformers/all-MiniLM-L6-v2,0.7,0
Microcharis cana,Polygala pygmaea,0.4046,not synonym,sentence-transformers/all-MiniLM-L6-v2,0.7,0
Rhinotropis nudata,Polygala nudata,0.5526,not synonym,sentence-transformers/all-MiniLM-L6-v2,0.7,1
Securidaca lanceolata,Lebeckia cuspidosa,0.5789,not synonym,sentence-transformers/all-MiniLM-L6-v2,0.7,0
Mundulea barclayi,Spartium ramosissimum,0.2434,not synonym,sentence-transformers/all-MiniLM-L6-v2,0.7,0
Flemingia sootepensis,Dialium quinquepetalum,0.2607,not synonym,sentence-transformers/all-MiniLM-L6-v2,0.7,0
Archidendron merrillii,Pithecellobium merrillii,0.3357,not synonym,sentence-transformers/all-MiniLM-L6-v2,0.7,1
Millettia macroura,Millettia congolensis,0.5933,not synonym,sentence-transformers/all-MiniLM-L6-v2,0.7,1
Calliandra hymenaeoides,Polygala pubescens,0.3605,not synonym,sentence-transformers/all-MiniLM-L6-v2,0.7,0
Brachypterum scandens,Dalbergia timoriensis,0.1257,not synonym,sentence-transformers/all-MiniLM-L6-v2,0.7,1
Humularia rosea,Geissaspis rosea,0.6907,not synonym,sentence-transformers/all-MiniLM-L6-v2,0.7,1
Gastrolobium sericeum,Brachysema undulatum,0.3117,not synonym,sentence-transformers/all-MiniLM-L6-v2,0.7,1
Securidaca divaricata,Phaseolodes maingayi,0.2651,not synonym,sentence-transformers/all-MiniLM-L6-v2,0.7,0
Muraltia dumosa,Heisteria acipetala,0.3015,not synonym,sentence-transformers/all-MiniLM-L6-v2,0.7,0
Ononis curtipendula,Lobomon montanum,0.3166,not synonym,sentence-transformers/all-MiniLM-L6-v2,0.7,0
Cyclopia meyeriana,Muraltia depressa,0.2708,not synonym,sentence-transformers/all-MiniLM-L6-v2,0.7,0
Brachypterum philippinense,Deguelia philippinensis,0.484,not synonym,sentence-transformers/all-MiniLM-L6-v2,0.7,1
Salomonia ciliata,Amorpha pedalis,0.2423,not synonym,sentence-transformers/all-MiniLM-L6-v2,0.7,1
Lotus alpinus,Machaerium bangii,0.3366,not synonym,sentence-transformers/all-MiniLM-L6-v2,0.7,0
Inga densiflora,Macrolobium letestui,0.2928,not synonym,sentence-transformers/all-MiniLM-L6-v2,0.7,0
Securidaca coriacea,Feuilleea elliptica,0.3878,not synonym,sentence-transformers/all-MiniLM-L6-v2,0.7,0
Polygala serpentaria,Muraltia micrantha,0.2835,not synonym,sentence-transformers/all-MiniLM-L6-v2,0.7,0
Acacia pachyphylla,Poecilanthe ovalifolia,0.389,not synonym,sentence-transformers/all-MiniLM-L6-v2,0.7,0
Monnina crassifolia,Hebeandra revoluta,0.3374,not synonym,sentence-transformers/all-MiniLM-L6-v2,0.7,1
Gilbertiodendron barbulatum,Macrolobium barbulatum,0.5579,not synonym,sentence-transformers/all-MiniLM-L6-v2,0.7,1
Cyclopia galioides,Cyclopia capensis,0.7008,synonym,sentence-transformers/all-MiniLM-L6-v2,0.7,1
Dolichopsis paraguariensis,Vigna paraguariensis,0.4553,not synonym,sentence-transformers/all-MiniLM-L6-v2,0.7,1
Securidaca calophylla,Elsota calophylla,0.727,synonym,sentence-transformers/all-MiniLM-L6-v2,0.7,1
Machaerium isadelphum,Moghania wightiana,0.184,not synonym,sentence-transformers/all-MiniLM-L6-v2,0.7,0
Genista numidica,Chamaebuxus balansae,0.2521,not synonym,sentence-transformers/all-MiniLM-L6-v2,0.7,0
Flemingia tiliacea,Inga corpocarpa,0.2092,not synonym,sentence-transformers/all-MiniLM-L6-v2,0.7,0
Comesperma ericinum,Pultenaea rosmarinacea,0.2827,not synonym,sentence-transformers/all-MiniLM-L6-v2,0.7,0
Archidendron microcarpum,Gastrolobium henfreyi,0.1669,not synonym,sentence-transformers/all-MiniLM-L6-v2,0.7,0
Recchia mexicana,Rigiostachys roureoides,0.2241,not synonym,sentence-transformers/all-MiniLM-L6-v2,0.7,1
Calliandra pittieri,Anneslia pittieri,0.7675,synonym,sentence-transformers/all-MiniLM-L6-v2,0.7,1
Flemingia prostrata,Dialium guianense,0.324,not synonym,sentence-transformers/all-MiniLM-L6-v2,0.7,0
Gilbertiodendron ogowense,Macrolobium ogowense,0.5232,not synonym,sentence-transformers/all-MiniLM-L6-v2,0.7,1
Comesperma aphyllum,Bredemeyera aphylla,0.3842,not synonym,sentence-transformers/all-MiniLM-L6-v2,0.7,1
Acacia ixiophylla,Acacia fuliginea,0.7586,synonym,sentence-transformers/all-MiniLM-L6-v2,0.7,1
Ononis sieberi,Acacia barteriana,0.2598,not synonym,sentence-transformers/all-MiniLM-L6-v2,0.7,0
Acacia dealbata,Archidendron glandulosum,0.2865,not synonym,sentence-transformers/all-MiniLM-L6-v2,0.7,0
Archidendron lucyi,Archidendron solomonense,0.7116,synonym,sentence-transformers/all-MiniLM-L6-v2,0.7,1
Carmichaelia juncea,Huttonella prona,0.393,not synonym,sentence-transformers/all-MiniLM-L6-v2,0.7,1
Millettia fruticosa,Polygala angustifolia,0.377,not synonym,sentence-transformers/all-MiniLM-L6-v2,0.7,0
Polygala ericifolia,Comesperma tenue,0.203,not synonym,sentence-transformers/all-MiniLM-L6-v2,0.7,0
Kotschya aeschynomenoides,Damapana aeschynomenoides,0.6966,not synonym,sentence-transformers/all-MiniLM-L6-v2,0.7,1
Lotus herbaceus,Dorycnium herbaceum,0.5812,not synonym,sentence-transformers/all-MiniLM-L6-v2,0.7,1
Gastrolobium coriaceum,Callistachys coriacea,0.5474,not synonym,sentence-transformers/all-MiniLM-L6-v2,0.7,1
Archidendron tetraphyllum,Amphicarpaea trisperma,0.2599,not synonym,sentence-transformers/all-MiniLM-L6-v2,0.7,0
Millettia glaucescens,Pithecellobium pentzkeanum,0.3565,not synonym,sentence-transformers/all-MiniLM-L6-v2,0.7,0
Archidendron ramiflorum,Zygia ramiflora,0.445,not synonym,sentence-transformers/all-MiniLM-L6-v2,0.7,1
Ononis orygalis,Galega genistoides,0.15,not synonym,sentence-transformers/all-MiniLM-L6-v2,0.7,0
Genista florida,Genista pulverulenta,0.6369,not synonym,sentence-transformers/all-MiniLM-L6-v2,0.7,0
Gastrolobium epacridioides,Nemcia epacridioides,0.6237,not synonym,sentence-transformers/all-MiniLM-L6-v2,0.7,1
Calliandra surinamensis,Anneslia fasciculata,0.3632,not synonym,sentence-transformers/all-MiniLM-L6-v2,0.7,1
Acacia paradoxa,Acacia armatoides,0.6939,not synonym,sentence-transformers/all-MiniLM-L6-v2,0.7,1
Inga capitata,Mimosa pacay,0.4557,not synonym,sentence-transformers/all-MiniLM-L6-v2,0.7,1
Flemingia chappar,Polygala blanchetii,0.2584,not synonym,sentence-transformers/all-MiniLM-L6-v2,0.7,0
Ononis arvensis,Bredemeyera velutina,0.329,not synonym,sentence-transformers/all-MiniLM-L6-v2,0.7,0
Centrolobium paraense,Inga calycina,0.2229,not synonym,sentence-transformers/all-MiniLM-L6-v2,0.7,0
Lotus dorycnium,Cytisus platycarpos,0.2183,not synonym,sentence-transformers/all-MiniLM-L6-v2,0.7,0
Brachypterum microphyllum,Pterocarpus dalbergioides,0.2768,not synonym,sentence-transformers/all-MiniLM-L6-v2,0.7,1
Acacia auriculiformis,Muraltia macroceras,0.2422,not synonym,sentence-transformers/all-MiniLM-L6-v2,0.7,0
Polygala cymosa,Genista umbellata,0.3681,not synonym,sentence-transformers/all-MiniLM-L6-v2,0.7,0
Acacia obtusifolia,Archidendron gogolense,0.2103,not synonym,sentence-transformers/all-MiniLM-L6-v2,0.7,0
Muraltia mitior,Cytisus aspalathoides,0.2543,not synonym,sentence-transformers/all-MiniLM-L6-v2,0.7,0
Salomonia ciliata,Salomonia cavaleriei,0.8171,synonym,sentence-transformers/all-MiniLM-L6-v2,0.7,1
Archidendron clypearia,Muellera glaziouvii,0.1258,not synonym,sentence-transformers/all-MiniLM-L6-v2,0.7,0
Camptosema coriaceum,Genista pubescens,0.1417,not synonym,sentence-transformers/all-MiniLM-L6-v2,0.7,0
Glycine clandestina,Caesalpinia glauca,0.4777,not synonym,sentence-transformers/all-MiniLM-L6-v2,0.7,0
Coulteria pringlei,Polygala rubiifolia,0.3096,not synonym,sentence-transformers/all-MiniLM-L6-v2,0.7,0
Archidendron bubalinum,Inga bubalina,0.3929,not synonym,sentence-transformers/all-MiniLM-L6-v2,0.7,1
Polygala macroptera,Heisteria divaricata,0.3681,not synonym,sentence-transformers/all-MiniLM-L6-v2,0.7,0
Genista ausetana,Spartium sphaerocarpum,0.0671,not synonym,sentence-transformers/all-MiniLM-L6-v2,0.7,1
Securidaca coriacea,Elsota coriacea,0.6513,not synonym,sentence-transformers/all-MiniLM-L6-v2,0.7,1
Gastrolobium racemosum,Angylocalyx trifoliolatus,0.3619,not synonym,sentence-transformers/all-MiniLM-L6-v2,0.7,0
Millettia fruticosa,Polygala phlebotaenia,0.2672,not synonym,sentence-transformers/all-MiniLM-L6-v2,0.7,0
Asemeia monninoides,Polygala diversa,0.3498,not synonym,sentence-transformers/all-MiniLM-L6-v2,0.7,1
Eutaxia myrtifolia,Eutaxia obovata,0.6779,not synonym,sentence-transformers/all-MiniLM-L6-v2,0.7,1
Calliandra purpurea,Entadopsis schlechteri,0.3496,not synonym,sentence-transformers/all-MiniLM-L6-v2,0.7,0
Mundulea sericea,Leptocyamus clandestinus,0.3096,not synonym,sentence-transformers/all-MiniLM-L6-v2,0.7,0
Asemeia hondurana,Telinaria pilosa,0.3588,not synonym,sentence-transformers/all-MiniLM-L6-v2,0.7,0
Millettia piscidia,Xanthophyllum virescens,0.3016,not synonym,sentence-transformers/all-MiniLM-L6-v2,0.7,0
Machaerium robiniifolium,Inga zacuapanica,0.1024,not synonym,sentence-transformers/all-MiniLM-L6-v2,0.7,0
Flemingia praecox,Flemingia praecox,1.0,synonym,sentence-transformers/all-MiniLM-L6-v2,0.7,1
Calliandra purpurea,Ononis tribracteata,0.4895,not synonym,sentence-transformers/all-MiniLM-L6-v2,0.7,0
Genista holopetala,Badiera divaricata,0.3658,not synonym,sentence-transformers/all-MiniLM-L6-v2,0.7,0
Asemeia grandiflora,Ononis variegata,0.3615,not synonym,sentence-transformers/all-MiniLM-L6-v2,0.7,0
Caamembeca andina,Eutaxia densifolia,0.391,not synonym,sentence-transformers/all-MiniLM-L6-v2,0.7,0
Bossiaea angustifolia,Lalage angustifolia,0.644,not synonym,sentence-transformers/all-MiniLM-L6-v2,0.7,1
Genista januensis,Inga umbellata,0.3711,not synonym,sentence-transformers/all-MiniLM-L6-v2,0.7,0
Genista monspessulana,Calophaca kultiassovii,0.2749,not synonym,sentence-transformers/all-MiniLM-L6-v2,0.7,0
Lotus maritimus,Securidaca rosea,0.2943,not synonym,sentence-transformers/all-MiniLM-L6-v2,0.7,0
Muraltia spinosa,Balgoya pacifica,0.4196,not synonym,sentence-transformers/all-MiniLM-L6-v2,0.7,0
Acacia cracentis,Racosperma cracente,0.2715,not synonym,sentence-transformers/all-MiniLM-L6-v2,0.7,1
Monnina polystachya,Hebeandra hirta,0.2797,not synonym,sentence-transformers/all-MiniLM-L6-v2,0.7,1
Lotus maritimus,Scandalida maritima,0.4364,not synonym,sentence-transformers/all-MiniLM-L6-v2,0.7,1
Coulteria cubensis,Coulteria linnaei,0.727,synonym,sentence-transformers/all-MiniLM-L6-v2,0.7,1
Coulteria glabra,Caesalpinia colimensis,0.2747,not synonym,sentence-transformers/all-MiniLM-L6-v2,0.7,1
Genista ferox,Lugaion ferox,0.4915,not synonym,sentence-transformers/all-MiniLM-L6-v2,0.7,1
Caamembeca andina,Bredemeyera virgata,0.4299,not synonym,sentence-transformers/all-MiniLM-L6-v2,0.7,0
Polygala trichosperma,Polygala psammophila,0.5991,not synonym,sentence-transformers/all-MiniLM-L6-v2,0.7,1
Millettia glaucescens,Phaseolodes glaucescens,0.5746,not synonym,sentence-transformers/all-MiniLM-L6-v2,0.7,1
Amphicarpaea bracteata,Inga latibracteata,0.5631,not synonym,sentence-transformers/all-MiniLM-L6-v2,0.7,0
Hippocrepis monticola,Lespedeza lineata,0.4074,not synonym,sentence-transformers/all-MiniLM-L6-v2,0.7,0
Xanthophyllum flavescens,Xanthophyllum undulatum,0.799,synonym,sentence-transformers/all-MiniLM-L6-v2,0.7,1
Muraltia heisteria,Heisteria heisteria,0.7157,synonym,sentence-transformers/all-MiniLM-L6-v2,0.7,1
Polygala usafuensis,Polygala verdickii,0.7264,synonym,sentence-transformers/all-MiniLM-L6-v2,0.7,1
Cyclopia subternata,Elsota calophylla,0.355,not synonym,sentence-transformers/all-MiniLM-L6-v2,0.7,0
Asemeia grandiflora,Polygala muhlenbergii,0.3536,not synonym,sentence-transformers/all-MiniLM-L6-v2,0.7,1
Archidendron kinabaluense,Genista gracilis,0.0877,not synonym,sentence-transformers/all-MiniLM-L6-v2,0.7,0
Genista januensis,Genista genuensis,0.8529,synonym,sentence-transformers/all-MiniLM-L6-v2,0.7,1
Archidendron fagifolium,Pithecellobium fagifolium,0.5981,not synonym,sentence-transformers/all-MiniLM-L6-v2,0.7,1
Hoffmannseggia prostrata,Larrea gracilis,0.3839,not synonym,sentence-transformers/all-MiniLM-L6-v2,0.7,1
Nissolia brasiliensis,Rhadinocarpus brasiliensis,0.6053,not synonym,sentence-transformers/all-MiniLM-L6-v2,0.7,1
Genista aspalathoides,Heisteria zeyheri,0.3321,not synonym,sentence-transformers/all-MiniLM-L6-v2,0.7,0
Millettia glaucescens,Ononis bullonii,0.2373,not synonym,sentence-transformers/all-MiniLM-L6-v2,0.7,0
Genista umbellata,Bonaga mitis,0.412,not synonym,sentence-transformers/all-MiniLM-L6-v2,0.7,0
Calliandra haematocephala,Anneslia haematocephala,0.7154,synonym,sentence-transformers/all-MiniLM-L6-v2,0.7,1
Hoffmannseggia humilis,Torresea acreana,0.2246,not synonym,sentence-transformers/all-MiniLM-L6-v2,0.7,0
Inga pulcherrima,Natrix crispa,0.2507,not synonym,sentence-transformers/all-MiniLM-L6-v2,0.7,0
Archidendron palauense,Polygala acuminata,0.3026,not synonym,sentence-transformers/all-MiniLM-L6-v2,0.7,0
Calliandra houstoniana,Bonjeania graeca,0.31,not synonym,sentence-transformers/all-MiniLM-L6-v2,0.7,0
Millettia caerulea,Decorsea grandidieri,0.3513,not synonym,sentence-transformers/all-MiniLM-L6-v2,0.7,0
Archidendron bigeminum,Teline ramosissima,0.2226,not synonym,sentence-transformers/all-MiniLM-L6-v2,0.7,0
Acacia idiomorpha,Racosperma idiomorphum,0.3307,not synonym,sentence-transformers/all-MiniLM-L6-v2,0.7,1
Inga hispida,Feuilleea hispida,0.6523,not synonym,sentence-transformers/all-MiniLM-L6-v2,0.7,1
Polygala caudata,Polygala comesperma,0.6942,not synonym,sentence-transformers/all-MiniLM-L6-v2,0.7,1
Hebecarpa velutina,Heisteria mitior,0.4417,not synonym,sentence-transformers/all-MiniLM-L6-v2,0.7,0
Polygala macroptera,Polygala sciophila,0.7097,synonym,sentence-transformers/all-MiniLM-L6-v2,0.7,0
Chesneya rytidosperma,Polygala racemosa,0.427,not synonym,sentence-transformers/all-MiniLM-L6-v2,0.7,0
Microcharis welwitschii,Anil welwitschii,0.5067,not synonym,sentence-transformers/all-MiniLM-L6-v2,0.7,1
Bossiaea rhombifolia,Feuilleea hymenaeodes,0.4758,not synonym,sentence-transformers/all-MiniLM-L6-v2,0.7,0
Cyclopia meyeriana,Cyclopia sessiliflora,0.7458,synonym,sentence-transformers/all-MiniLM-L6-v2,0.7,1
Glycine dalbergioides,Lebeckia decutiens,0.36,not synonym,sentence-transformers/all-MiniLM-L6-v2,0.7,0
Gastrolobium dorrienii,Inga obtusa,0.354,not synonym,sentence-transformers/all-MiniLM-L6-v2,0.7,0
Machaerium aristulatum,Ototropis kingiana,0.2694,not synonym,sentence-transformers/all-MiniLM-L6-v2,0.7,0
Carmichaelia australis,Comesperma acutifolium,0.3049,not synonym,sentence-transformers/all-MiniLM-L6-v2,0.7,0
Comesperma polygaloides,Genista armeniaca,0.2669,not synonym,sentence-transformers/all-MiniLM-L6-v2,0.7,0
Muraltia macrocarpa,Muraltia macrocarpa,1.0,synonym,sentence-transformers/all-MiniLM-L6-v2,0.7,1
Aphanocalyx trapnellii,Monopetalanthus trapnellii,0.5569,not synonym,sentence-transformers/all-MiniLM-L6-v2,0.7,1
Muraltia longicuspis,Muraltia condensata,0.6615,not synonym,sentence-transformers/all-MiniLM-L6-v2,0.7,1
Machaerium parvifolium,Machaerium parvifolium,1.0,synonym,sentence-transformers/all-MiniLM-L6-v2,0.7,1
Humularia apiculata,Geissaspis apiculata,0.5989,not synonym,sentence-transformers/all-MiniLM-L6-v2,0.7,1
Acacia manipularis,Racosperma jamesianum,0.1965,not synonym,sentence-transformers/all-MiniLM-L6-v2,0.7,0
Inga longiflora,Solori pseudorobusta,0.3781,not synonym,sentence-transformers/all-MiniLM-L6-v2,0.7,0
Gastrolobium capitatum,Dialium engleranum,0.3404,not synonym,sentence-transformers/all-MiniLM-L6-v2,0.7,0
Rhinotropis nudata,Retama webbii,0.2962,not synonym,sentence-transformers/all-MiniLM-L6-v2,0.7,0
Polygala nambalensis,Polygala gypsophiloides,0.723,synonym,sentence-transformers/all-MiniLM-L6-v2,0.7,0
Gastrolobium calycinum,Senega equisetoides,0.2278,not synonym,sentence-transformers/all-MiniLM-L6-v2,0.7,0
Gonocytisus angulatus,Mundia candolleana,0.1997,not synonym,sentence-transformers/all-MiniLM-L6-v2,0.7,0
Polygala major,Teramnus grandiflorus,0.3008,not synonym,sentence-transformers/all-MiniLM-L6-v2,0.7,0
Calliandra foliolosa,Imbralyx acutiflorus,0.3703,not synonym,sentence-transformers/all-MiniLM-L6-v2,0.7,0
Muraltia spinosa,Ulex capensis,0.2278,not synonym,sentence-transformers/all-MiniLM-L6-v2,0.7,1
Genista osmariensis,Heistera phylicoides,0.4158,not synonym,sentence-transformers/all-MiniLM-L6-v2,0.7,0
Humularia elisabethvilleana,Geissaspis elisabethvilleana,0.7005,synonym,sentence-transformers/all-MiniLM-L6-v2,0.7,1
Archidendron robinsonii,Ortholobium umbellatum,0.3223,not synonym,sentence-transformers/all-MiniLM-L6-v2,0.7,1
Hebecarpa myrtilloides,Heistera ciliaris,0.5264,not synonym,sentence-transformers/all-MiniLM-L6-v2,0.7,0
Gilbertiodendron diphyllum,Macrolobium diphyllum,0.7632,synonym,sentence-transformers/all-MiniLM-L6-v2,0.7,1
Cyclopia genistoides,Galega genistoides,0.5563,not synonym,sentence-transformers/all-MiniLM-L6-v2,0.7,1
Polygala bracteglandulosa,Inga glomeriflora,0.4126,not synonym,sentence-transformers/all-MiniLM-L6-v2,0.7,0
Apios americana,Phaseolus tuberosus,0.2263,not synonym,sentence-transformers/all-MiniLM-L6-v2,0.7,1
Acacia confluens,Chamaebuxus vulgaris,0.2881,not synonym,sentence-transformers/all-MiniLM-L6-v2,0.7,0
Archidendron bigeminum,Pithecellobium gracile,0.2036,not synonym,sentence-transformers/all-MiniLM-L6-v2,0.7,1
Berlinia bracteosa,Berlinia mayombensis,0.7085,synonym,sentence-transformers/all-MiniLM-L6-v2,0.7,1
Erythrostemon argentinus,Caesalpinia argentina,0.4345,not synonym,sentence-transformers/all-MiniLM-L6-v2,0.7,1
Eysenhardtia punctata,Eysenhardtia reticulata,0.7425,synonym,sentence-transformers/all-MiniLM-L6-v2,0.7,1
Inga sapindoides,Polygala micrantha,0.4515,not synonym,sentence-transformers/all-MiniLM-L6-v2,0.7,0
Securidaca divaricata,Securidaca macrophylla,0.7364,synonym,sentence-transformers/all-MiniLM-L6-v2,0.7,1
Calobota cytisoides,Polygala albicans,0.5012,not synonym,sentence-transformers/all-MiniLM-L6-v2,0.7,0
Ononis stenophylla,Ononis stenophylla,1.0,synonym,sentence-transformers/all-MiniLM-L6-v2,0.7,1
Amblygonocarpus andongensis,Tetrapleura andongensis,0.6004,not synonym,sentence-transformers/all-MiniLM-L6-v2,0.7,1
Rhinotropis cornuta,Genista parvifolia,0.3806,not synonym,sentence-transformers/all-MiniLM-L6-v2,0.7,0
Ancistrotropis subhastata,Craibia bequaertii,0.3527,not synonym,sentence-transformers/all-MiniLM-L6-v2,0.7,0
Machaerium debile,Machaerium eriostemum,0.7222,synonym,sentence-transformers/all-MiniLM-L6-v2,0.7,1
Ononis pubescens,Ononis morissonii,0.6886,not synonym,sentence-transformers/all-MiniLM-L6-v2,0.7,1
Genista monspessulana,Cytisus kunzeanus,0.2205,not synonym,sentence-transformers/all-MiniLM-L6-v2,0.7,1
Adenopodia spicata,Mimosa spicata,0.4831,not synonym,sentence-transformers/all-MiniLM-L6-v2,0.7,1
Securidaca longifolia,Ononis vestita,0.2391,not synonym,sentence-transformers/all-MiniLM-L6-v2,0.7,0
Calliandra biflora,Angylocalyx talbotii,0.3998,not synonym,sentence-transformers/all-MiniLM-L6-v2,0.7,0
Candolleodendron brachystachyum,Tounatea brachystachya,0.658,not synonym,sentence-transformers/all-MiniLM-L6-v2,0.7,1
Asemeia violacea,Polygala peduncularis,0.2124,not synonym,sentence-transformers/all-MiniLM-L6-v2,0.7,1
Lotus glacialis,Spartium congestum,0.1677,not synonym,sentence-transformers/all-MiniLM-L6-v2,0.7,0
Muraltia spinosa,Polygala peduncularis,0.2142,not synonym,sentence-transformers/all-MiniLM-L6-v2,0.7,0
Gastrolobium pyramidale,Affonsea vaillantii,0.2432,not synonym,sentence-transformers/all-MiniLM-L6-v2,0.7,0
Humularia chevalieri,Polygala apopetala,0.3429,not synonym,sentence-transformers/all-MiniLM-L6-v2,0.7,0
Comesperma apyllum,Mimosa lucida,0.2563,not synonym,sentence-transformers/all-MiniLM-L6-v2,0.7,0
Archidendron oppositum,Muraltia candolleana,0.1022,not synonym,sentence-transformers/all-MiniLM-L6-v2,0.7,0
Archidendron jiringa,Archdendron vandersijdei,0.4456,not synonym,sentence-transformers/all-MiniLM-L6-v2,0.7,0
Millettia pachycarpa,Ebenus stipulacea,0.2225,not synonym,sentence-transformers/all-MiniLM-L6-v2,0.7,0
Genista stenopetala,Polygala disperma,0.192,not synonym,sentence-transformers/all-MiniLM-L6-v2,0.7,0
Phlebotaenia cuneata,Teline eriooarpa,0.4828,not synonym,sentence-transformers/all-MiniLM-L6-v2,0.7,0
Genista maderensis,Cytisus maderensis,0.4741,not synonym,sentence-transformers/all-MiniLM-L6-v2,0.7,1
Polygala tacianae,Genista salditana,0.2319,not synonym,sentence-transformers/all-MiniLM-L6-v2,0.7,0
Genista spachiana,Cytisus atleyanus,0.2946,not synonym,sentence-transformers/all-MiniLM-L6-v2,0.7,1
Polygala ludwigiana,Polygala montana,0.6557,not synonym,sentence-transformers/all-MiniLM-L6-v2,0.7,0
Asemeia galmeri,Polygala galmeri,0.5405,not synonym,sentence-transformers/all-MiniLM-L6-v2,0.7,1
Bossiaea ornata,Lalage ornata,0.6651,not synonym,sentence-transformers/all-MiniLM-L6-v2,0.7,1
Acacia deltoidea,Acacia deltoidea,1.0,synonym,sentence-transformers/all-MiniLM-L6-v2,0.7,1
Chesneya nubigena,Astragalus nubigenus,0.4579,not synonym,sentence-transformers/all-MiniLM-L6-v2,0.7,1
Millettia lenneoides,Polygala mucronata,0.4029,not synonym,sentence-transformers/all-MiniLM-L6-v2,0.7,0
Polygala subandina,Genista orientalis,0.4115,not synonym,sentence-transformers/all-MiniLM-L6-v2,0.7,0
Ononis pubescens,Ononis viscosa,0.6603,not synonym,sentence-transformers/all-MiniLM-L6-v2,0.7,1
Lotus arabicus,Mora megistosperma,0.2897,not synonym,sentence-transformers/all-MiniLM-L6-v2,0.7,0
Acacia aculeatissima,Poiretia latisiliquosa,0.2781,not synonym,sentence-transformers/all-MiniLM-L6-v2,0.7,0
Bouffordia dichotoma,Racosperma filipes,0.3363,not synonym,sentence-transformers/all-MiniLM-L6-v2,0.7,0
Comesperma confertum,Comesperma hirtulum,0.7257,synonym,sentence-transformers/all-MiniLM-L6-v2,0.7,1
Calobota cuspidosa,Genista barbara,0.2635,not synonym,sentence-transformers/all-MiniLM-L6-v2,0.7,0
Genista pulchella,Genista pulchella,1.0,synonym,sentence-transformers/all-MiniLM-L6-v2,0.7,1
Muraltia stipulacea,Heistera stipulacea,0.6739,not synonym,sentence-transformers/all-MiniLM-L6-v2,0.7,1
Mundulea barclayi,Genista broteri,0.3368,not synonym,sentence-transformers/all-MiniLM-L6-v2,0.7,0
Inga sapindoides,Machaerium arborescens,0.262,not synonym,sentence-transformers/all-MiniLM-L6-v2,0.7,0
Rhinotropis cornuta,Polygala fishiae,0.2701,not synonym,sentence-transformers/all-MiniLM-L6-v2,0.7,1
Polygala cneorum,Adinobotrys filipes,0.2509,not synonym,sentence-transformers/all-MiniLM-L6-v2,0.7,0
Inga brevipes,Bonjeanea kotschyi,0.4741,not synonym,sentence-transformers/all-MiniLM-L6-v2,0.7,0
Dialium guineense,Dialium nitidum,0.6433,not synonym,sentence-transformers/all-MiniLM-L6-v2,0.7,1
Muraltia mixta,Genista grossii,0.3647,not synonym,sentence-transformers/all-MiniLM-L6-v2,0.7,0
Kotschya aeschynomenoides,Macrolobium ogoouense,0.2965,not synonym,sentence-transformers/all-MiniLM-L6-v2,0.7,0
Calobota angustifolia,Lebeckia canescens,0.3015,not synonym,sentence-transformers/all-MiniLM-L6-v2,0.7,1
Genista stenopetala,Cytisus racemosus,0.2084,not synonym,sentence-transformers/all-MiniLM-L6-v2,0.7,1
Cyclopia galioides,Sophora genistoides,0.4617,not synonym,sentence-transformers/all-MiniLM-L6-v2,0.7,1
Gilbertiodendron ogowense,Feuilleea uraguensis,0.1167,not synonym,sentence-transformers/all-MiniLM-L6-v2,0.7,0
Muraltia pubescens,Heistera pubescens,0.596,not synonym,sentence-transformers/all-MiniLM-L6-v2,0.7,1
Echinospartum horridum,Anneslia magdalenae,0.21,not synonym,sentence-transformers/all-MiniLM-L6-v2,0.7,0
Millettia caudata,Phaseoloides caudatum,0.436,not synonym,sentence-transformers/all-MiniLM-L6-v2,0.7,1
Securidaca longifolia,Polygala dodii,0.4041,not synonym,sentence-transformers/all-MiniLM-L6-v2,0.7,0
Comesperma virgatum,Hebeandra padifolia,0.3296,not synonym,sentence-transformers/all-MiniLM-L6-v2,0.7,0
Securidaca divaricata,Dorycnium vexillare,0.2027,not synonym,sentence-transformers/all-MiniLM-L6-v2,0.7,0
Aphanocalyx heitzii,Monopetalanthus heitzii,0.5549,not synonym,sentence-transformers/all-MiniLM-L6-v2,0.7,1
Ononis euphrasiifolia,Bugranopsis euphrasiifolia,0.7113,synonym,sentence-transformers/all-MiniLM-L6-v2,0.7,1
Securidaca pubescens,Entada natalensis,0.3161,not synonym,sentence-transformers/all-MiniLM-L6-v2,0.7,0
Ononis megalostachys,Lotus sharifii,0.272,not synonym,sentence-transformers/all-MiniLM-L6-v2,0.7,0
Hoffmannseggia glandulosa,Lotus alpinus,0.2249,not synonym,sentence-transformers/all-MiniLM-L6-v2,0.7,0
Lotus angustissimus,Lotus angustissimus,1.0,synonym,sentence-transformers/all-MiniLM-L6-v2,0.7,1
Calliandra hymenaeoides,Polygala webbiana,0.493,not synonym,sentence-transformers/all-MiniLM-L6-v2,0.7,0
Gastrolobium formosum,Apios carnea,0.3778,not synonym,sentence-transformers/all-MiniLM-L6-v2,0.7,0
Echinospartum horridum,Genista horrida,0.3557,not synonym,sentence-transformers/all-MiniLM-L6-v2,0.7,1
Ononis bullonii,Mimosa parae,0.2357,not synonym,sentence-transformers/all-MiniLM-L6-v2,0.7,0
Polygala subandina,Polygala oxyantha,0.7393,synonym,sentence-transformers/all-MiniLM-L6-v2,0.7,1
Polygala wattersii,Heterosamara wattersii,0.6323,not synonym,sentence-transformers/all-MiniLM-L6-v2,0.7,1
Muraltia chamaepitys,Glycine mas,0.1652,not synonym,sentence-transformers/all-MiniLM-L6-v2,0.7,0
Gilbertiodendron unijugum,Baryxylum brasiliense,0.4298,not synonym,sentence-transformers/all-MiniLM-L6-v2,0.7,0
Muraltia macrocarpa,Teline monospessulana,0.303,not synonym,sentence-transformers/all-MiniLM-L6-v2,0.7,0
Lotus tetragonolobus,Tetragonolobus edulis,0.6203,not synonym,sentence-transformers/all-MiniLM-L6-v2,0.7,1
Eutaxia myrtifolia,Acacia nigra,0.3207,not synonym,sentence-transformers/all-MiniLM-L6-v2,0.7,0
Ononis bullonii,Ononis bullonii,1.0,synonym,sentence-transformers/all-MiniLM-L6-v2,0.7,1
Muraltia striata,Kennedya tabacina,0.4394,not synonym,sentence-transformers/all-MiniLM-L6-v2,0.7,0
Monnina macrostachya,Polygala muhlenbergii,0.4143,not synonym,sentence-transformers/all-MiniLM-L6-v2,0.7,0
Lupinus paraguariensis,Lupinus missionum,0.5238,not synonym,sentence-transformers/all-MiniLM-L6-v2,0.7,1
Apios americana,Apios apios,0.7018,synonym,sentence-transformers/all-MiniLM-L6-v2,0.7,1
Mundulea sericea,Callistachys linearis,0.2848,not synonym,sentence-transformers/all-MiniLM-L6-v2,0.7,0
Polygala leptostachys,Acacia auriculaeformis,0.2637,not synonym,sentence-transformers/all-MiniLM-L6-v2,0.7,0
Mundulea sericea,Dalbergia sericea,0.7145,synonym,sentence-transformers/all-MiniLM-L6-v2,0.7,1
Muraltia rhamnoides,Macrolobium bambolense,0.0884,not synonym,sentence-transformers/all-MiniLM-L6-v2,0.7,0
Hebecarpa obscura,Polygala neomexicana,0.2272,not synonym,sentence-transformers/all-MiniLM-L6-v2,0.7,1
Coulteria cubensis,Robinia violacea,0.3939,not synonym,sentence-transformers/all-MiniLM-L6-v2,0.7,1
Xanthophyllum octandrum,Nemcia capitata,0.2547,not synonym,sentence-transformers/all-MiniLM-L6-v2,0.7,0
Collaea stenophylla,Oxylobium acutum,0.2898,not synonym,sentence-transformers/all-MiniLM-L6-v2,0.7,0
Inga sapindoides,Machaerium glaziovii,0.283,not synonym,sentence-transformers/all-MiniLM-L6-v2,0.7,0
Nissolia bracteosa,Chaetocalyx bracteosus,0.4424,not synonym,sentence-transformers/all-MiniLM-L6-v2,0.7,1
Quillaja brasiliensis,Quillaja lancifolia,0.6776,not synonym,sentence-transformers/all-MiniLM-L6-v2,0.7,1
Flemingia grahamiana,Genista pseudoumbellata,0.3828,not synonym,sentence-transformers/all-MiniLM-L6-v2,0.7,0
Gastrolobium spinosum,Oxylobium ruscifolium,0.5208,not synonym,sentence-transformers/all-MiniLM-L6-v2,0.7,1
Ononis diffusa,Ononis micrantha,0.7797,synonym,sentence-transformers/all-MiniLM-L6-v2,0.7,1
Rhinotropis lindheimeri,Polygala tweedyi,0.3128,not synonym,sentence-transformers/all-MiniLM-L6-v2,0.7,1
Lotus broussonetii,Polygala planellasi,0.3594,not synonym,sentence-transformers/all-MiniLM-L6-v2,0.7,0
Eutaxia myrtifolia,Xanthophyllum cordatum,0.3375,not synonym,sentence-transformers/all-MiniLM-L6-v2,0.7,0
Ancistrotropis peduncularis,Phaseolus crassifolius,0.3709,not synonym,sentence-transformers/all-MiniLM-L6-v2,0.7,1
Cadia purpurea,Millettia giorgii,0.4381,not synonym,sentence-transformers/all-MiniLM-L6-v2,0.7,0
Lotus krylovii,Lotus confusus,0.6361,not synonym,sentence-transformers/all-MiniLM-L6-v2,0.7,1
Monnina polystachya,Monnina pilosa,0.7461,synonym,sentence-transformers/all-MiniLM-L6-v2,0.7,1
Acacia ingramii,Racosperma ingramii,0.4424,not synonym,sentence-transformers/all-MiniLM-L6-v2,0.7,1
Calliandra surinamensis,Tounatea panamensis,0.1512,not synonym,sentence-transformers/all-MiniLM-L6-v2,0.7,0
Archidendron grandiflorum,Polygala cardiocarpa,0.2338,not synonym,sentence-transformers/all-MiniLM-L6-v2,0.7,0
Calliandra parvifolia,Calliandra falcifera,0.6562,not synonym,sentence-transformers/all-MiniLM-L6-v2,0.7,1
Salomonia ciliata,Lotus nubicus,0.4044,not synonym,sentence-transformers/all-MiniLM-L6-v2,0.7,0
Monnina mollis,Dorycnium dispermum,0.105,not synonym,sentence-transformers/all-MiniLM-L6-v2,0.7,0
Archidendron alternifoliolatum,Polygala caterviflora,0.2405,not synonym,sentence-transformers/all-MiniLM-L6-v2,0.7,0
Archidendron occultatum,Abarema occultata,0.4345,not synonym,sentence-transformers/all-MiniLM-L6-v2,0.7,1
Ononis natrix,Ononis amoena,0.6742,not synonym,sentence-transformers/all-MiniLM-L6-v2,0.7,1
Amphicarpaea ferruginea,Shuteria anabaptis,0.3832,not synonym,sentence-transformers/all-MiniLM-L6-v2,0.7,1
Muraltia acipetala,Heisteria acipetala,0.6384,not synonym,sentence-transformers/all-MiniLM-L6-v2,0.7,1
Fairchildia panamensis,Callistachys reticulata,0.2866,not synonym,sentence-transformers/all-MiniLM-L6-v2,0.7,0
Acacia paradoxa,Acacia microacantha,0.7397,synonym,sentence-transformers/all-MiniLM-L6-v2,0.7,1
Archidendron lovelliae,Pithecellobium lovelliae,0.5534,not synonym,sentence-transformers/all-MiniLM-L6-v2,0.7,1
Lotus villicarpus,Bredemeyera viscidula,0.3462,not synonym,sentence-transformers/all-MiniLM-L6-v2,0.7,0
Hippocrepis areolata,Inga cauliflora,0.3187,not synonym,sentence-transformers/all-MiniLM-L6-v2,0.7,0
Genista albida,Genista godetii,0.6867,not synonym,sentence-transformers/all-MiniLM-L6-v2,0.7,1
Muraltia longicuspis,Muraltia mixta,0.6371,not synonym,sentence-transformers/all-MiniLM-L6-v2,0.7,1
Mundulea chapelieri,Calpurnia floribunda,0.382,not synonym,sentence-transformers/all-MiniLM-L6-v2,0.7,0
Hippocrepis comosa,Desmodium rottleri,0.2457,not synonym,sentence-transformers/all-MiniLM-L6-v2,0.7,0
Glycine clandestina,Triendilix clandestina,0.5534,not synonym,sentence-transformers/all-MiniLM-L6-v2,0.7,1
Acanthocladus dukei,Polygala dukei,0.5712,not synonym,sentence-transformers/all-MiniLM-L6-v2,0.7,1
Monnina salicifolia,Dorycnium pentaphyllum,0.2356,not synonym,sentence-transformers/all-MiniLM-L6-v2,0.7,0
Inga pezizifera,Feuilleea tweedyi,0.3646,not synonym,sentence-transformers/all-MiniLM-L6-v2,0.7,0
Hippocrepis biflora,Pultenaea virgata,0.3116,not synonym,sentence-transformers/all-MiniLM-L6-v2,0.7,0
Acacia dealbata,Mimosa dealbata,0.5349,not synonym,sentence-transformers/all-MiniLM-L6-v2,0.7,1
Ancistrotropis peduncularis,Sigmoidotropis spixiana,0.5183,not synonym,sentence-transformers/all-MiniLM-L6-v2,0.7,1
Comesperma aphyllum,Inga microstachya,0.2945,not synonym,sentence-transformers/all-MiniLM-L6-v2,0.7,0
Julbernardia paniculata,Indigofera tenuirostris,0.3739,not synonym,sentence-transformers/all-MiniLM-L6-v2,0.7,0
Archidendron borneense,Abarema borneensis,0.2735,not synonym,sentence-transformers/all-MiniLM-L6-v2,0.7,1
Flemingia nilgheriensis,Glycine jamaicensis,0.376,not synonym,sentence-transformers/all-MiniLM-L6-v2,0.7,0
Kotschya princeana,Smithia princeana,0.6288,not synonym,sentence-transformers/all-MiniLM-L6-v2,0.7,1
Bossiaea preissii,Bossiaea rigida,0.7214,synonym,sentence-transformers/all-MiniLM-L6-v2,0.7,1
Asemeia grandiflora,Asemeia grandiflora,1.0,synonym,sentence-transformers/all-MiniLM-L6-v2,0.7,1
Dysolobium pilosum,Polygala gagnebiniana,0.4561,not synonym,sentence-transformers/all-MiniLM-L6-v2,0.7,0
Calliandra hirsuta,Feuilleea microcarpa,0.2489,not synonym,sentence-transformers/all-MiniLM-L6-v2,0.7,0
Calliandra purpurea,Anneslia purpurea,0.631,not synonym,sentence-transformers/all-MiniLM-L6-v2,0.7,1
Aphanocalyx djumaensis,Cynometra djumaensis,0.6147,not synonym,sentence-transformers/all-MiniLM-L6-v2,0.7,1
Ononis variegata,Ononis aphylla,0.6284,not synonym,sentence-transformers/all-MiniLM-L6-v2,0.7,1
Hanslia ormocarpoides,Desmodium ormocarpoides,0.6233,not synonym,sentence-transformers/all-MiniLM-L6-v2,0.7,1
Hoita macrostachya,Muraltia linophylla,0.2122,not synonym,sentence-transformers/all-MiniLM-L6-v2,0.7,0
Humularia bifoliolata,Toluifera pereirae,0.3013,not synonym,sentence-transformers/all-MiniLM-L6-v2,0.7,0
Millettia barteri,Phaseolodes urophyllum,0.2525,not synonym,sentence-transformers/all-MiniLM-L6-v2,0.7,1
Securidaca divaricata,Securidaca erecta,0.7811,synonym,sentence-transformers/all-MiniLM-L6-v2,0.7,1
Amburana cearensis,Amburana claudii,0.6778,not synonym,sentence-transformers/all-MiniLM-L6-v2,0.7,1
Monnina pterocarpa,Monnina piurensis,0.6006,not synonym,sentence-transformers/all-MiniLM-L6-v2,0.7,1
Monnina bracteata,Monnina multicomata,0.6468,not synonym,sentence-transformers/all-MiniLM-L6-v2,0.7,1
Polygala crucianelloides,Calpurnia villosa,0.2715,not synonym,sentence-transformers/all-MiniLM-L6-v2,0.7,0
Lotus germanicus,Dorycnium stenophyllum,0.2863,not synonym,sentence-transformers/all-MiniLM-L6-v2,0.7,1
Bredemeyera myrtifolia,Bredemeyera acuminata,0.4789,not synonym,sentence-transformers/all-MiniLM-L6-v2,0.7,1
Polygala linifolia,Polygala linifolia,1.0,synonym,sentence-transformers/all-MiniLM-L6-v2,0.7,1
Millettia grandis,Lugaion umbellatum,0.3211,not synonym,sentence-transformers/all-MiniLM-L6-v2,0.7,0
Inga laurina,Monnina ciliolata,0.3801,not synonym,sentence-transformers/all-MiniLM-L6-v2,0.7,0
Flemingia paniculata,Moghania paniculata,0.7058,synonym,sentence-transformers/all-MiniLM-L6-v2,0.7,1
Monnina salicifolia,Genista paniculata,0.2633,not synonym,sentence-transformers/all-MiniLM-L6-v2,0.7,0
Securidaca acuminata,Anila medicaginea,0.3735,not synonym,sentence-transformers/all-MiniLM-L6-v2,0.7,0
Archidendron jiringa,Dialium connaroides,0.3263,not synonym,sentence-transformers/all-MiniLM-L6-v2,0.7,0
Coulteria mollis,Galactia stereophylla,0.3185,not synonym,sentence-transformers/all-MiniLM-L6-v2,0.7,0
Muraltia alopecuroides,Monnina trianae,0.244,not synonym,sentence-transformers/all-MiniLM-L6-v2,0.7,0
Flemingia stricta,Pithecellobium gracile,0.2393,not synonym,sentence-transformers/all-MiniLM-L6-v2,0.7,0
Archidendron kinabaluense,Abarema kinabaluensis,0.3844,not synonym,sentence-transformers/all-MiniLM-L6-v2,0.7,1
Machaerium floridum,Feuilleea amplebracteata,0.1958,not synonym,sentence-transformers/all-MiniLM-L6-v2,0.7,0
Ononis polyphylla,Ononis chevalieri,0.5474,not synonym,sentence-transformers/all-MiniLM-L6-v2,0.7,1
Ononis adenotricha,Ononis krausei,0.6623,not synonym,sentence-transformers/all-MiniLM-L6-v2,0.7,1
Dysolobium dolichoides,Vigna dolichoides,0.6318,not synonym,sentence-transformers/all-MiniLM-L6-v2,0.7,1
Securidaca divaricata,Cyclopia ashtonii,0.1587,not synonym,sentence-transformers/all-MiniLM-L6-v2,0.7,0
Flemingia wightiana,Machaerium incorruptibile,0.0766,not synonym,sentence-transformers/all-MiniLM-L6-v2,0.7,0
Aphanocalyx richardsiae,Monopetalanthus leonardii,0.242,not synonym,sentence-transformers/all-MiniLM-L6-v2,0.7,1
Gilbertiodendron ivorense,Spongiocarpella potaninii,0.3577,not synonym,sentence-transformers/all-MiniLM-L6-v2,0.7,0
Calliandra longipes,Feuilleea longipes,0.4912,not synonym,sentence-transformers/all-MiniLM-L6-v2,0.7,1
Nissolia vincentina,Glycine andersoni,0.3445,not synonym,sentence-transformers/all-MiniLM-L6-v2,0.7,1
Lotus broussonetii,Monnina divaristachya,0.3435,not synonym,sentence-transformers/all-MiniLM-L6-v2,0.7,0
Gastrolobium pusillum,Callistachys tricuspidata,0.3737,not synonym,sentence-transformers/all-MiniLM-L6-v2,0.7,1
Carmichaelia australis,Carmichaelia egmontiana,0.7163,synonym,sentence-transformers/all-MiniLM-L6-v2,0.7,1
Calliandra riparia,Oxylobium capitatum,0.1533,not synonym,sentence-transformers/all-MiniLM-L6-v2,0.7,0
Flemingia wightiana,Maughania wightiana,0.6866,not synonym,sentence-transformers/all-MiniLM-L6-v2,0.7,1
Gonocytisus angulatus,Macrolobium pachyanthum,0.1899,not synonym,sentence-transformers/all-MiniLM-L6-v2,0.7,0
Securidaca diversifolia,Archidendron kubaryanum,0.2844,not synonym,sentence-transformers/all-MiniLM-L6-v2,0.7,0
Asemeia violacea,Polygala camporum,0.3152,not synonym,sentence-transformers/all-MiniLM-L6-v2,0.7,1
Gilbertiodendron ivorense,Macrolobium ivorense,0.5798,not synonym,sentence-transformers/all-MiniLM-L6-v2,0.7,1
Securidaca diversifolia,Oxylobium parviflorum,0.2911,not synonym,sentence-transformers/all-MiniLM-L6-v2,0.7,0
Lotus hirsutus,Moghania hockii,0.3228,not synonym,sentence-transformers/all-MiniLM-L6-v2,0.7,0
Lotus maritimus,Monopetalanthus heitzii,0.3344,not synonym,sentence-transformers/all-MiniLM-L6-v2,0.7,0
Humularia kassneri,Eriosema erythrocarpon,0.1765,not synonym,sentence-transformers/all-MiniLM-L6-v2,0.7,0
Berlinia auriculata,Brasilettia blasiana,0.5941,not synonym,sentence-transformers/all-MiniLM-L6-v2,0.7,0
Hoffmannseggia drummondii,Teline patens,0.1985,not synonym,sentence-transformers/all-MiniLM-L6-v2,0.7,0
Hebecarpa americana,Indigofera phyllogramme,0.2049,not synonym,sentence-transformers/all-MiniLM-L6-v2,0.7,0
Comesperma calymega,Ononis pendula,0.3074,not synonym,sentence-transformers/all-MiniLM-L6-v2,0.7,0
Dimorphandra conjugata,Dimorphandra latifolia,0.6047,not synonym,sentence-transformers/all-MiniLM-L6-v2,0.7,1
Eminia holubii,Heisteria laxa,0.5025,not synonym,sentence-transformers/all-MiniLM-L6-v2,0.7,0
Lotus palustris,Lotus hispidus,0.6899,not synonym,sentence-transformers/all-MiniLM-L6-v2,0.7,1
Genista germanica,Pithecellobium kunstleri,0.2819,not synonym,sentence-transformers/all-MiniLM-L6-v2,0.7,0
Acacia kingiana,Racosperma kingianum,0.3457,not synonym,sentence-transformers/all-MiniLM-L6-v2,0.7,1
Machaerium incorruptibile,Genista buxifolia,0.1177,not synonym,sentence-transformers/all-MiniLM-L6-v2,0.7,0
Caamembeca ulei,Muraltia burmanni,0.2196,not synonym,sentence-transformers/all-MiniLM-L6-v2,0.7,0
Bredemeyera divaricata,Catocoma emarginata,0.3846,not synonym,sentence-transformers/all-MiniLM-L6-v2,0.7,1
Calliandra lanata,Feuilleea lanata,0.5872,not synonym,sentence-transformers/all-MiniLM-L6-v2,0.7,1
Lotus palustris,Lotus longicaulis,0.7203,synonym,sentence-transformers/all-MiniLM-L6-v2,0.7,1
Ancistrotropis peduncularis,Lotus thermalis,0.077,not synonym,sentence-transformers/all-MiniLM-L6-v2,0.7,0
Chorizema rhombeum,Chorizema ovatum,0.7601,synonym,sentence-transformers/all-MiniLM-L6-v2,0.7,1
Monnina stenophylla,Pteromonnina stenophylla,0.7216,synonym,sentence-transformers/all-MiniLM-L6-v2,0.7,1
Dysolobium grande,Dorycnium graecum,0.4197,not synonym,sentence-transformers/all-MiniLM-L6-v2,0.7,0
Padbruggea dasyphylla,Polygala rivinifolia,0.4656,not synonym,sentence-transformers/all-MiniLM-L6-v2,0.7,0
Ononis pinnata,Ononis cicerifolia,0.5746,not synonym,sentence-transformers/all-MiniLM-L6-v2,0.7,1
Hippocrepis constricta,Bredemeyera rhadinocarpa,0.3119,not synonym,sentence-transformers/all-MiniLM-L6-v2,0.7,0
Lotus tetragonolobus,Inga pilosiuscula,0.2113,not synonym,sentence-transformers/all-MiniLM-L6-v2,0.7,0
Gilbertiodendron stipulaceum,Berlinia stipulacea,0.5257,not synonym,sentence-transformers/all-MiniLM-L6-v2,0.7,1
Scottia pseudobrowniana,Nissolia aculeata,0.4628,not synonym,sentence-transformers/all-MiniLM-L6-v2,0.7,0
Calliandra pauciflora,Anneslia pauciflora,0.7301,synonym,sentence-transformers/all-MiniLM-L6-v2,0.7,1
Inga pezizifera,Tetragonolobus purpureus,0.2793,not synonym,sentence-transformers/all-MiniLM-L6-v2,0.7,0
Lotus graecus,Hansemannia glabra,0.2176,not synonym,sentence-transformers/all-MiniLM-L6-v2,0.7,0
Chesneya purpurea,Spongiocarpella purpurea,0.6653,not synonym,sentence-transformers/all-MiniLM-L6-v2,0.7,1
Archidendron fallax,Monnina crassifolia,0.2104,not synonym,sentence-transformers/all-MiniLM-L6-v2,0.7,0
Calliandra magdalenae,Feuilleea magdalenae,0.6876,not synonym,sentence-transformers/all-MiniLM-L6-v2,0.7,1
Calliandra asplenioides,Acacia asplenioides,0.5632,not synonym,sentence-transformers/all-MiniLM-L6-v2,0.7,1
Comesperma ericinum,Phaseoloides thonningii,0.1699,not synonym,sentence-transformers/all-MiniLM-L6-v2,0.7,0
Millettia caerulea,Phaseolodes caeruleum,0.4628,not synonym,sentence-transformers/all-MiniLM-L6-v2,0.7,1
Comesperma acerosum,Bredemeyera acerosa,0.4726,not synonym,sentence-transformers/all-MiniLM-L6-v2,0.7,1
Caamembeca salicifolia,Polygala laureola,0.2886,not synonym,sentence-transformers/all-MiniLM-L6-v2,0.7,1
Archidendron eberhardtii,Cylindrokelupha macrophylla,0.3843,not synonym,sentence-transformers/all-MiniLM-L6-v2,0.7,1
Millettia griffoniana,Psorobatus benthamii,0.3361,not synonym,sentence-transformers/all-MiniLM-L6-v2,0.7,0
Cyclopia subternata,Cyclopia grandifolia,0.6898,not synonym,sentence-transformers/all-MiniLM-L6-v2,0.7,1
Microcharis galpinii,Lotus bivonaeus,0.2465,not synonym,sentence-transformers/all-MiniLM-L6-v2,0.7,0
Genista tricuspidata,Genista sennenii,0.6906,not synonym,sentence-transformers/all-MiniLM-L6-v2,0.7,1
Securidaca trianae,Bonjeanea prostrata,0.4454,not synonym,sentence-transformers/all-MiniLM-L6-v2,0.7,0
Calobota angustifolia,Spartium sericeum,0.2945,not synonym,sentence-transformers/all-MiniLM-L6-v2,0.7,1
Ononis tridentata,Acacia daviesiafolia,0.1617,not synonym,sentence-transformers/all-MiniLM-L6-v2,0.7,0
Machaerium millei,Smithia capitulifera,0.2831,not synonym,sentence-transformers/all-MiniLM-L6-v2,0.7,0
Amphicarpaea bracteata,Lobomon montanum,0.3701,not synonym,sentence-transformers/all-MiniLM-L6-v2,0.7,1
Acacia helmsiana,Racosperma helmsianum,0.404,not synonym,sentence-transformers/all-MiniLM-L6-v2,0.7,1
Muraltia pubescens,Heisteria pubescens,0.5679,not synonym,sentence-transformers/all-MiniLM-L6-v2,0.7,1
Lotus dorycnium,Macrolobium limosum,0.3087,not synonym,sentence-transformers/all-MiniLM-L6-v2,0.7,0
Inga brachystachys,Inga brachystachya,0.9377,synonym,sentence-transformers/all-MiniLM-L6-v2,0.7,1
Genista pulchella,Chronanthos pulchellus,0.5265,not synonym,sentence-transformers/all-MiniLM-L6-v2,0.7,1
Apios fortunei,Apios taiwaniana,0.6329,not synonym,sentence-transformers/all-MiniLM-L6-v2,0.7,1
Cyclopia galioides,Feuilleea brevispicata,0.2668,not synonym,sentence-transformers/all-MiniLM-L6-v2,0.7,0
Archidendron hendersonii,Mimosa emarginata,0.1315,not synonym,sentence-transformers/all-MiniLM-L6-v2,0.7,0
Polygala equisetoides,Polygala pseudojuncea,0.6276,not synonym,sentence-transformers/all-MiniLM-L6-v2,0.7,1
Daprainia kingiana,Lotus linearis,0.274,not synonym,sentence-transformers/all-MiniLM-L6-v2,0.7,0
Micklethwaitia carvalhoi,Caesalpinia nicaraguensis,0.2869,not synonym,sentence-transformers/all-MiniLM-L6-v2,0.7,0
Genista tricuspidata,Spartium tricuspidatum,0.5319,not synonym,sentence-transformers/all-MiniLM-L6-v2,0.7,1
Lotus arabicus,Lotus aegyptiacus,0.7253,synonym,sentence-transformers/all-MiniLM-L6-v2,0.7,1
Genista germanica,Feuilleea subnervosa,0.4541,not synonym,sentence-transformers/all-MiniLM-L6-v2,0.7,0
Polygala hohenackeriana,Flemingia lamontii,0.3649,not synonym,sentence-transformers/all-MiniLM-L6-v2,0.7,0
Muraltia lancifolia,Salomonia trinervata,0.3334,not synonym,sentence-transformers/all-MiniLM-L6-v2,0.7,0
Amphicarpaea ferruginea,Shuteria siamensis,0.3186,not synonym,sentence-transformers/all-MiniLM-L6-v2,0.7,1
Nissolia vincentina,Chaetocalyx paucifolius,0.3386,not synonym,sentence-transformers/all-MiniLM-L6-v2,0.7,1
Archidendron novoguineense,Anonis minutissima,0.2523,not synonym,sentence-transformers/all-MiniLM-L6-v2,0.7,0
Kotschya platyphylla,Smithia platyphylla,0.588,not synonym,sentence-transformers/all-MiniLM-L6-v2,0.7,1
Archidendron muellerianum,Pithecellobium muellerianum,0.5675,not synonym,sentence-transformers/all-MiniLM-L6-v2,0.7,1
Dialium platysepalum,Dialium triste,0.6623,not synonym,sentence-transformers/all-MiniLM-L6-v2,0.7,1
Hoffmannseggia glauca,Bionia coccinea,0.3274,not synonym,sentence-transformers/all-MiniLM-L6-v2,0.7,0
Microcharis cana,Bredemeyera sylvestris,0.3188,not synonym,sentence-transformers/all-MiniLM-L6-v2,0.7,0
Flemingia faginea,Monopetalanthus pteridophyllus,0.2128,not synonym,sentence-transformers/all-MiniLM-L6-v2,0.7,0
Millettia pulchra,Phaseoloides pulchrum,0.4998,not synonym,sentence-transformers/all-MiniLM-L6-v2,0.7,1
Adenopodia rotundifolia,Entadopsis rotundifolia,0.555,not synonym,sentence-transformers/all-MiniLM-L6-v2,0.7,1
Glycine max,Glycine javanica,0.7697,synonym,sentence-transformers/all-MiniLM-L6-v2,0.7,1
Lotus jordanii,Bonjeanea italica,0.3278,not synonym,sentence-transformers/all-MiniLM-L6-v2,0.7,1
Dicraeopetalum mahafaliense,Lovanafia mahafaliensis,0.5571,not synonym,sentence-transformers/all-MiniLM-L6-v2,0.7,1
Comesperma virgatum,Comesperma roseum,0.6663,not synonym,sentence-transformers/all-MiniLM-L6-v2,0.7,1
Acacia hemignosta,Acacia cloncurrensis,0.7283,synonym,sentence-transformers/all-MiniLM-L6-v2,0.7,1
Aotus ericoides,Pultenaea villosa,0.3555,not synonym,sentence-transformers/all-MiniLM-L6-v2,0.7,1
Inga velutina,Mimosa velutina,0.6179,not synonym,sentence-transformers/all-MiniLM-L6-v2,0.7,1
Acacia jamesiana,Chamaebuxus webbiana,0.4591,not synonym,sentence-transformers/all-MiniLM-L6-v2,0.7,0
Calobota acanthoclada,Machaerium parviflorum,0.2744,not synonym,sentence-transformers/all-MiniLM-L6-v2,0.7,0
Bredemeyera floribunda,Lotus lateralis,0.207,not synonym,sentence-transformers/all-MiniLM-L6-v2,0.7,0
Muraltia satureioides,Heistera saturejoides,0.6097,not synonym,sentence-transformers/all-MiniLM-L6-v2,0.7,1
Flemingia lacei,Geissaspis bequaertii,0.4017,not synonym,sentence-transformers/all-MiniLM-L6-v2,0.7,0
Polygala major,Gastrolobium wonganensis,0.2738,not synonym,sentence-transformers/all-MiniLM-L6-v2,0.7,0
Polygala cymosa,Polygala attenuata,0.7033,synonym,sentence-transformers/all-MiniLM-L6-v2,0.7,1
Monnina salicifolia,Hippocrepis perennis,0.1442,not synonym,sentence-transformers/all-MiniLM-L6-v2,0.7,0
Millettia grandis,Xanthophyllum pallidum,0.3602,not synonym,sentence-transformers/all-MiniLM-L6-v2,0.7,0
Monnina crassifolia,Dillwynia obovata,0.3058,not synonym,sentence-transformers/all-MiniLM-L6-v2,0.7,0
Monnina cacumina,Monnina roraimae,0.7346,synonym,sentence-transformers/all-MiniLM-L6-v2,0.7,1
Machaerium pedicellatum,Machaerium allemanii,0.744,synonym,sentence-transformers/all-MiniLM-L6-v2,0.7,1
Daniellia klainei,Cyanothyrsus klainei,0.4443,not synonym,sentence-transformers/all-MiniLM-L6-v2,0.7,1
Acacia echinula,Hedysarum strobiliferum,0.3027,not synonym,sentence-transformers/all-MiniLM-L6-v2,0.7,0
Lotus parviflorus,Racosperma perryi,0.1494,not synonym,sentence-transformers/all-MiniLM-L6-v2,0.7,0
Polygala nicaeensis,Polygala corsica,0.5924,not synonym,sentence-transformers/all-MiniLM-L6-v2,0.7,1
Gastrolobium wonganense,Larrea villosa,0.1956,not synonym,sentence-transformers/all-MiniLM-L6-v2,0.7,0
Archidendron lucyi,Epirixanthes linearis,0.3342,not synonym,sentence-transformers/all-MiniLM-L6-v2,0.7,0
Inga sapindoides,Machaerium verrucosum,0.1666,not synonym,sentence-transformers/all-MiniLM-L6-v2,0.7,0
Millettia sericea,Millettia subcordata,0.5784,not synonym,sentence-transformers/all-MiniLM-L6-v2,0.7,1
Polygala minarum,Drepanocarpus macrophyllus,0.1564,not synonym,sentence-transformers/all-MiniLM-L6-v2,0.7,0
Moutabea excoriata,Calophaca wolgarica,0.4885,not synonym,sentence-transformers/all-MiniLM-L6-v2,0.7,0
Bossiaea ornata,Lalage hoveifolia,0.2529,not synonym,sentence-transformers/all-MiniLM-L6-v2,0.7,1
Gilbertiodendron ogowense,Banisteroides maingayi,0.2751,not synonym,sentence-transformers/all-MiniLM-L6-v2,0.7,0
Hoffmannseggia glauca,Hoffmannseggia glauca,1.0,synonym,sentence-transformers/all-MiniLM-L6-v2,0.7,1
Genista tenera,Glycine heterocarpa,0.2164,not synonym,sentence-transformers/all-MiniLM-L6-v2,0.7,0
Genista benehoavensis,Genista benehoavensis,1.0,synonym,sentence-transformers/all-MiniLM-L6-v2,0.7,1
Humularia drepanocephala,Huchimingia piscidia,0.469,not synonym,sentence-transformers/all-MiniLM-L6-v2,0.7,0
Comesperma calymega,Bredemeyera calymega,0.6488,not synonym,sentence-transformers/all-MiniLM-L6-v2,0.7,1
Lupinus andersonii,Lupinus rinae,0.7705,synonym,sentence-transformers/all-MiniLM-L6-v2,0.7,1
Myroxylon peruiferum,Myroxylon robiniifolium,0.6514,not synonym,sentence-transformers/all-MiniLM-L6-v2,0.7,1
Comesperma calymega,Inga pachycarpa,0.2855,not synonym,sentence-transformers/all-MiniLM-L6-v2,0.7,0
Calliandra sessilis,Calliandra tocantina,0.6715,not synonym,sentence-transformers/all-MiniLM-L6-v2,0.7,1
Genista triangularis,Jakkia excelsa,0.3199,not synonym,sentence-transformers/all-MiniLM-L6-v2,0.7,0
Acacia paradoxa,Acacia armata,0.7424,synonym,sentence-transformers/all-MiniLM-L6-v2,0.7,1
Glycine canescens,Glycine sericea,0.6778,not synonym,sentence-transformers/all-MiniLM-L6-v2,0.7,1
Hippocrepis biflora,Hippocrepis annularis,0.739,synonym,sentence-transformers/all-MiniLM-L6-v2,0.7,1
Monnina ramosa,Poinciana regia,0.3774,not synonym,sentence-transformers/all-MiniLM-L6-v2,0.7,0
Inga gereauana,Affonsea gereauana,0.7624,synonym,sentence-transformers/all-MiniLM-L6-v2,0.7,1
Inga salicifolia,Carpolobia caudata,0.3414,not synonym,sentence-transformers/all-MiniLM-L6-v2,0.7,0
Cyclopia subternata,Corniola triangularis,0.4087,not synonym,sentence-transformers/all-MiniLM-L6-v2,0.7,0
Brya ebenus,Pterocarpus ebenus,0.3948,not synonym,sentence-transformers/all-MiniLM-L6-v2,0.7,1
Monnina crotalariaefolia,Monnina crotalariaefolia,1.0,synonym,sentence-transformers/all-MiniLM-L6-v2,0.7,1
Flemingia sootepensis,Heistera ericifolia,0.3232,not synonym,sentence-transformers/all-MiniLM-L6-v2,0.7,0
Berlinia giorgii,Dialium eurysepalum,0.2762,not synonym,sentence-transformers/all-MiniLM-L6-v2,0.7,0
Inga laurina,Securidaca complicata,0.2827,not synonym,sentence-transformers/all-MiniLM-L6-v2,0.7,0
Genista patens,Berlinia mayumbensis,0.1498,not synonym,sentence-transformers/all-MiniLM-L6-v2,0.7,0
Berlinia delevoyi,Berlinia lundensis,0.5182,not synonym,sentence-transformers/all-MiniLM-L6-v2,0.7,1
Genista germanica,Voglera germanica,0.7243,synonym,sentence-transformers/all-MiniLM-L6-v2,0.7,1
Hippocrepis eriocarpa,Abarema triplinervia,0.397,not synonym,sentence-transformers/all-MiniLM-L6-v2,0.7,0
Brya ebenus,Carmichaelia lacustris,0.2946,not synonym,sentence-transformers/all-MiniLM-L6-v2,0.7,0
Machaerium lunatum,Larrea microphylla,0.35,not synonym,sentence-transformers/all-MiniLM-L6-v2,0.7,0
Inga ursi,Inga duquei,0.687,not synonym,sentence-transformers/all-MiniLM-L6-v2,0.7,1
Hippocrepis emerus,Comesperma lucidum,0.1319,not synonym,sentence-transformers/all-MiniLM-L6-v2,0.7,0
Erythrostemon melanadenius,Centrolobium robustum,0.143,not synonym,sentence-transformers/all-MiniLM-L6-v2,0.7,0
Berlinia orientalis,Berlinia auriculata,0.7757,synonym,sentence-transformers/all-MiniLM-L6-v2,0.7,1
Genista ferox,Monnina obscura,0.2782,not synonym,sentence-transformers/all-MiniLM-L6-v2,0.7,0
Polygala trichosperma,Elsota major,0.3041,not synonym,sentence-transformers/all-MiniLM-L6-v2,0.7,0
Securidaca bialata,Cytisus pilosus,0.3181,not synonym,sentence-transformers/all-MiniLM-L6-v2,0.7,0
Genista canariensis,Cytisus ramosissimus,0.2922,not synonym,sentence-transformers/all-MiniLM-L6-v2,0.7,1
Polygala birmanica,Cyclolobium amazonicum,0.2897,not synonym,sentence-transformers/all-MiniLM-L6-v2,0.7,0
Genista aetnensis,Brachysema celsianum,0.2068,not synonym,sentence-transformers/all-MiniLM-L6-v2,0.7,0
Inga mendoncaei,Caesalpinia oxycarpa,0.3435,not synonym,sentence-transformers/all-MiniLM-L6-v2,0.7,0
Monnina padifolia,Polygala tenuifolia,0.4292,not synonym,sentence-transformers/all-MiniLM-L6-v2,0.7,0
Inga heterophylla,Inga vouapaefolia,0.5485,not synonym,sentence-transformers/all-MiniLM-L6-v2,0.7,1
Flemingia grahamiana,Monnina patula,0.3603,not synonym,sentence-transformers/all-MiniLM-L6-v2,0.7,0
Calobota sericea,Ononis inermis,0.2661,not synonym,sentence-transformers/all-MiniLM-L6-v2,0.7,0
Millettia pulchra,Mundulea pulchra,0.7142,synonym,sentence-transformers/all-MiniLM-L6-v2,0.7,1
Calliandra calycina,Calliandra angusta,0.6973,not synonym,sentence-transformers/all-MiniLM-L6-v2,0.7,1
Rhinotropis subspinosa,Calliandra hookeriana,0.2222,not synonym,sentence-transformers/all-MiniLM-L6-v2,0.7,0
Acacia paradoxa,Acacia micracantha,0.756,synonym,sentence-transformers/all-MiniLM-L6-v2,0.7,1
Polygala karensium,Heinekenia berthelotii,0.4249,not synonym,sentence-transformers/all-MiniLM-L6-v2,0.7,0
Carmichaelia curta,Carmichaelia diffusa,0.769,synonym,sentence-transformers/all-MiniLM-L6-v2,0.7,1
Camptosema spectabile,Cratylia spectabilis,0.3924,not synonym,sentence-transformers/all-MiniLM-L6-v2,0.7,1
Decorsea dinteri,Phaseolus dinteri,0.5455,not synonym,sentence-transformers/all-MiniLM-L6-v2,0.7,1
Machaerium acutifolium,Machaerium acutifolium,1.0,synonym,sentence-transformers/all-MiniLM-L6-v2,0.7,1
Ancistrotropis peduncularis,Inga grandiflora,0.1176,not synonym,sentence-transformers/all-MiniLM-L6-v2,0.7,0
Securidaca pubescens,Ononis tingitana,0.2708,not synonym,sentence-transformers/all-MiniLM-L6-v2,0.7,0
Ebenus laguroides,Polygala translucida,0.4124,not synonym,sentence-transformers/all-MiniLM-L6-v2,0.7,0
Muraltia ciliaris,Muraltia setosa,0.6971,not synonym,sentence-transformers/all-MiniLM-L6-v2,0.7,1
Flemingia paniculata,Lupinus violaceus,0.3985,not synonym,sentence-transformers/all-MiniLM-L6-v2,0.7,0
Padbruggea dasyphylla,Millettia oocarpa,0.3236,not synonym,sentence-transformers/all-MiniLM-L6-v2,0.7,1
Nogra grahamii,Grona grahamii,0.6333,not synonym,sentence-transformers/all-MiniLM-L6-v2,0.7,1
Lotus berthelotii,Galactia hassleriana,0.185,not synonym,sentence-transformers/all-MiniLM-L6-v2,0.7,0
Archidendron grandiflorum,Pithecellobium grandiflorum,0.5498,not synonym,sentence-transformers/all-MiniLM-L6-v2,0.7,1
Muraltia aspalatha,Heistera phylicodes,0.3294,not synonym,sentence-transformers/all-MiniLM-L6-v2,0.7,1
Calliandra guildingii,Anneslia guildingii,0.6722,not synonym,sentence-transformers/all-MiniLM-L6-v2,0.7,1
Millettia fruticosa,Millettia dunnii,0.6508,not synonym,sentence-transformers/all-MiniLM-L6-v2,0.7,0
Polygala timoutou,Polygala lupulina,0.629,not synonym,sentence-transformers/all-MiniLM-L6-v2,0.7,1
Comesperma drummondii,Bredemeyera drummondii,0.7079,synonym,sentence-transformers/all-MiniLM-L6-v2,0.7,1
Camptosema coccineum,Bionia nitens,0.2913,not synonym,sentence-transformers/all-MiniLM-L6-v2,0.7,1
Flemingia prostrata,Carmichaelia fieldii,0.4896,not synonym,sentence-transformers/all-MiniLM-L6-v2,0.7,0
Gonocytisus angulatus,Spartium angulatum,0.6139,not synonym,sentence-transformers/all-MiniLM-L6-v2,0.7,1
Bossiaea bracteosa,Calliandra bicolor,0.1901,not synonym,sentence-transformers/all-MiniLM-L6-v2,0.7,0
Caamembeca insignis,Polygala insignis,0.5189,not synonym,sentence-transformers/all-MiniLM-L6-v2,0.7,1
Berlinia craibiana,Berlinia preussii,0.7374,synonym,sentence-transformers/all-MiniLM-L6-v2,0.7,1
Lotus angustissimus,Polygala tweedyi,0.2185,not synonym,sentence-transformers/all-MiniLM-L6-v2,0.7,0
Gastrolobium callistachys,Acacia fragrans,0.1567,not synonym,sentence-transformers/all-MiniLM-L6-v2,0.7,0
Lupinus covillei,Nissolia legalis,0.2258,not synonym,sentence-transformers/all-MiniLM-L6-v2,0.7,0
Flemingia chappar,Caesalpinia calycina,0.2768,not synonym,sentence-transformers/all-MiniLM-L6-v2,0.7,0
Calliandra bijuga,Calliandra michelii,0.7424,synonym,sentence-transformers/all-MiniLM-L6-v2,0.7,1
Monnina celastroides,Monnina celastroides,1.0,synonym,sentence-transformers/all-MiniLM-L6-v2,0.7,1
Acacia biflora,Racosperma excentricum,0.1031,not synonym,sentence-transformers/all-MiniLM-L6-v2,0.7,0
Ononis alopecuroides,Ononis salzamanniana,0.5823,not synonym,sentence-transformers/all-MiniLM-L6-v2,0.7,1
Genista linifolia,Feuilleea tergemina,0.3462,not synonym,sentence-transformers/all-MiniLM-L6-v2,0.7,0
Polygala major,Annesleya brevipes,0.2132,not synonym,sentence-transformers/all-MiniLM-L6-v2,0.7,0
Muraltia flanaganii,Muraltia fernandi,0.7022,synonym,sentence-transformers/all-MiniLM-L6-v2,0.7,1
Genista canariensis,Teline hillebrandii,0.2547,not synonym,sentence-transformers/all-MiniLM-L6-v2,0.7,1
Inga multicaulis,Bredemeyera retusa,0.3147,not synonym,sentence-transformers/all-MiniLM-L6-v2,0.7,0
Lotus herbaceus,Inga pavoniana,0.3335,not synonym,sentence-transformers/all-MiniLM-L6-v2,0.7,0
Carmichaelia odorata,Crotalaria minor,0.33,not synonym,sentence-transformers/all-MiniLM-L6-v2,0.7,0
Glycine tabacina,Polygala flabellata,0.3052,not synonym,sentence-transformers/all-MiniLM-L6-v2,0.7,0
Hoffmannseggia prostrata,Hoffmannseggia prostrata,1.0,synonym,sentence-transformers/all-MiniLM-L6-v2,0.7,1
Calliandra taxifolia,Polygala puberula,0.3127,not synonym,sentence-transformers/all-MiniLM-L6-v2,0.7,0
Chorizema racemosum,Carmichaelia micrantha,0.1814,not synonym,sentence-transformers/all-MiniLM-L6-v2,0.7,0
Monnina latifolia,Monnina uribei,0.5124,not synonym,sentence-transformers/all-MiniLM-L6-v2,0.7,1
Ononis reuteri,Ononis arragonensis,0.5855,not synonym,sentence-transformers/all-MiniLM-L6-v2,0.7,1
Calliandra parvifolia,Annesleya myriophylla,0.3429,not synonym,sentence-transformers/all-MiniLM-L6-v2,0.7,1
Calliandra falcata,Calliandra serjanioides,0.5865,not synonym,sentence-transformers/all-MiniLM-L6-v2,0.7,1
Recchia mexicana,Rigiostachys bracteata,0.3145,not synonym,sentence-transformers/all-MiniLM-L6-v2,0.7,1
Flemingia macrophylla,Moghania teijsmanniana,0.3292,not synonym,sentence-transformers/all-MiniLM-L6-v2,0.7,1
Ebenus stellata,Ebenus ferrugirea,0.6918,not synonym,sentence-transformers/all-MiniLM-L6-v2,0.7,1
Flemingia trifoliata,Flemingia capitata,0.651,not synonym,sentence-transformers/all-MiniLM-L6-v2,0.7,1
Chorizema dicksonii,Feuilleea angustifolia,0.2605,not synonym,sentence-transformers/all-MiniLM-L6-v2,0.7,0
Inga ruiziana,Inga confusa,0.7255,synonym,sentence-transformers/all-MiniLM-L6-v2,0.7,1
Archidendron utile,Abarema utilis,0.1508,not synonym,sentence-transformers/all-MiniLM-L6-v2,0.7,1
Ononis baetica,Ononis picardii,0.715,synonym,sentence-transformers/all-MiniLM-L6-v2,0.7,1
Flemingia macrophylla,Derris pseudoinvoluta,0.2183,not synonym,sentence-transformers/all-MiniLM-L6-v2,0.7,0
Bredemeyera laurifolia,Mirbelia racemosa,0.4421,not synonym,sentence-transformers/all-MiniLM-L6-v2,0.7,0
Erythrostemon angulatus,Heisteria squarrosa,0.2718,not synonym,sentence-transformers/all-MiniLM-L6-v2,0.7,0
Ebenus stellata,Muraltia laxa,0.3801,not synonym,sentence-transformers/all-MiniLM-L6-v2,0.7,0
Caamembeca grandifolia,Polygala hilariana,0.4318,not synonym,sentence-transformers/all-MiniLM-L6-v2,0.7,1
Muraltia ciliaris,Heistera anthospermifolia,0.2784,not synonym,sentence-transformers/all-MiniLM-L6-v2,0.7,1
Archidendron muricarpum,Abarema muricarpa,0.4464,not synonym,sentence-transformers/all-MiniLM-L6-v2,0.7,1
Hoffmannseggia repens,Caesalpinia repens,0.5098,not synonym,sentence-transformers/all-MiniLM-L6-v2,0.7,1
Monnina cuneata,Monnina emarginata,0.7799,synonym,sentence-transformers/all-MiniLM-L6-v2,0.7,1
Microcharis microcharoides,Spartium sessilifolium,0.3079,not synonym,sentence-transformers/all-MiniLM-L6-v2,0.7,0
Hanslia ormocarpoides,Calliandra metrosideriflora,0.2848,not synonym,sentence-transformers/all-MiniLM-L6-v2,0.7,0
Calobota psiloloba,Polygala arnottiana,0.3658,not synonym,sentence-transformers/all-MiniLM-L6-v2,0.7,0
Calliandra leptopoda,Albizia glomeriflora,0.3571,not synonym,sentence-transformers/all-MiniLM-L6-v2,0.7,0
Chesneya rytidosperma,Monnina hirta,0.3279,not synonym,sentence-transformers/all-MiniLM-L6-v2,0.7,0
Genista sagittalis,Polygala pseudostricta,0.217,not synonym,sentence-transformers/all-MiniLM-L6-v2,0.7,0
Ononis tridentata,Wiborgia amorphodes,0.2589,not synonym,sentence-transformers/all-MiniLM-L6-v2,0.7,0
Ancylotropis malmeana,Pithecolobium comosum,0.3358,not synonym,sentence-transformers/all-MiniLM-L6-v2,0.7,0
Genista umbellata,Spartium umbellatum,0.5284,not synonym,sentence-transformers/all-MiniLM-L6-v2,0.7,1
Calliandra guildingii,Inga vouapaefolia,0.2746,not synonym,sentence-transformers/all-MiniLM-L6-v2,0.7,0
Millettia comosa,Pteromonnina weddelliana,0.2952,not synonym,sentence-transformers/all-MiniLM-L6-v2,0.7,0
Inga maritima,Feuilleea maritima,0.6625,not synonym,sentence-transformers/all-MiniLM-L6-v2,0.7,1
Ononis biflora,Ononis geminiflora,0.7311,synonym,sentence-transformers/all-MiniLM-L6-v2,0.7,1
Humularia welwitschii,Inga rensonii,0.4413,not synonym,sentence-transformers/all-MiniLM-L6-v2,0.7,0
Betencourtia scarlatina,Collaea scarlatina,0.6341,not synonym,sentence-transformers/all-MiniLM-L6-v2,0.7,1
Kotschya aeschynomenoides,Smithia mildbraedii,0.2217,not synonym,sentence-transformers/all-MiniLM-L6-v2,0.7,1
Dialium guineense,Polygala polygama,0.1352,not synonym,sentence-transformers/all-MiniLM-L6-v2,0.7,0
Lotus hebranicus,Hedysarum lineatum,0.4509,not synonym,sentence-transformers/all-MiniLM-L6-v2,0.7,0
Rhinotropis lindheimeri,Tetrodea monoica,0.3504,not synonym,sentence-transformers/all-MiniLM-L6-v2,0.7,0
Gastrolobium tetragonophyllum,Oxylobium tetragonophyllum,0.7763,synonym,sentence-transformers/all-MiniLM-L6-v2,0.7,1
Bossiaea cinerea,Chamaebuxus vayredae,0.4346,not synonym,sentence-transformers/all-MiniLM-L6-v2,0.7,0
Muraltia acicularis,Heisteria acicularis,0.5715,not synonym,sentence-transformers/all-MiniLM-L6-v2,0.7,1
Acacia incanicarpa,Racosperma incanicarpum,0.3712,not synonym,sentence-transformers/all-MiniLM-L6-v2,0.7,1
Polygaloides paucifolia,Xanthophyllum robustum,0.3989,not synonym,sentence-transformers/all-MiniLM-L6-v2,0.7,0
Julbernardia brieyi,Berlinia brieyi,0.6521,not synonym,sentence-transformers/all-MiniLM-L6-v2,0.7,1
Brya leonensis,Lotus humilis,0.355,not synonym,sentence-transformers/all-MiniLM-L6-v2,0.7,0
Ononis speciosa,Tetragonolobus glaucus,0.2787,not synonym,sentence-transformers/all-MiniLM-L6-v2,0.7,0
Camptosema coriaceum,Genista pubescens,0.1417,not synonym,sentence-transformers/all-MiniLM-L6-v2,0.7,0
Flemingia strobilifera,Inga brunnescens,0.3534,not synonym,sentence-transformers/all-MiniLM-L6-v2,0.7,0
Muraltia striata,Muraltia brevicornu,0.7278,synonym,sentence-transformers/all-MiniLM-L6-v2,0.7,1
Lotus dorycnium,Dorycnium dolichocarpum,0.6919,not synonym,sentence-transformers/all-MiniLM-L6-v2,0.7,1
Archidendron ramiflorum,Galactia paraguariensis,0.2024,not synonym,sentence-transformers/all-MiniLM-L6-v2,0.7,0
Securidaca diversifolia,Securidaca scandens,0.5902,not synonym,sentence-transformers/all-MiniLM-L6-v2,0.7,1
Acacia paradoxa,Millettia fooningensis,0.2623,not synonym,sentence-transformers/all-MiniLM-L6-v2,0.7,0
Flemingia horsfieldii,Flemingia horsfieldii,1.0,synonym,sentence-transformers/all-MiniLM-L6-v2,0.7,1
Brya ebenus,Nefrakis ebenus,0.5505,not synonym,sentence-transformers/all-MiniLM-L6-v2,0.7,1
Hippocrepis comosa,Hippocrepis perennis,0.6474,not synonym,sentence-transformers/all-MiniLM-L6-v2,0.7,1
Millettia richardiana,Nemcia epacridioides,0.3087,not synonym,sentence-transformers/all-MiniLM-L6-v2,0.7,0
Microcharis asparagoides,Indigofera asparagoides,0.6573,not synonym,sentence-transformers/all-MiniLM-L6-v2,0.7,1
Acacia filipes,Racosperma filipes,0.3307,not synonym,sentence-transformers/all-MiniLM-L6-v2,0.7,1
Humularia bifoliolata,Geissaspis bifoliolata,0.66,not synonym,sentence-transformers/all-MiniLM-L6-v2,0.7,1
Disynstemon paullinioides,Lonchocarpus paullinioides,0.6504,not synonym,sentence-transformers/all-MiniLM-L6-v2,0.7,1
Muraltia capensis,Muraltia ericoides,0.6964,not synonym,sentence-transformers/all-MiniLM-L6-v2,0.7,1
Julbernardia seretii,Polygala neomexicana,0.3816,not synonym,sentence-transformers/all-MiniLM-L6-v2,0.7,0
Lotus subbiflorus,Elsota lanceolata,0.2745,not synonym,sentence-transformers/all-MiniLM-L6-v2,0.7,0
Gastrolobium racemosum,Oxylobium bennettsii,0.4164,not synonym,sentence-transformers/all-MiniLM-L6-v2,0.7,1
Inga capitata,Spartium hispanicum,0.2336,not synonym,sentence-transformers/all-MiniLM-L6-v2,0.7,0
Genista maderensis,Acacia glaucifolia,0.0987,not synonym,sentence-transformers/all-MiniLM-L6-v2,0.7,0
Dialium bipindense,Dialium fleuryi,0.6219,not synonym,sentence-transformers/all-MiniLM-L6-v2,0.7,1
Ancistrotropis peduncularis,Phaseolus pedunculatus,0.5562,not synonym,sentence-transformers/all-MiniLM-L6-v2,0.7,1
Gilbertiodendron grandistipulatum,Ebenus haussknechtii,0.3468,not synonym,sentence-transformers/all-MiniLM-L6-v2,0.7,0
Apios fortunei,Polygala oxysepala,0.2194,not synonym,sentence-transformers/all-MiniLM-L6-v2,0.7,0
Mecopus nidulans,Uraria retrofracta,0.2802,not synonym,sentence-transformers/all-MiniLM-L6-v2,0.7,1
Hebecarpa barbeyana,Polygala barbeyana,0.656,not synonym,sentence-transformers/all-MiniLM-L6-v2,0.7,1
Machaerium parvifolium,Ononis milleri,0.2261,not synonym,sentence-transformers/all-MiniLM-L6-v2,0.7,0
Securidaca pubescens,Securidaca major,0.6874,not synonym,sentence-transformers/all-MiniLM-L6-v2,0.7,1
Muraltia macrocarpa,Abarema elliptica,0.3144,not synonym,sentence-transformers/all-MiniLM-L6-v2,0.7,0
Glycine tabacina,Kennedynella tabacina,0.629,not synonym,sentence-transformers/all-MiniLM-L6-v2,0.7,1
Muraltia obovata,Muraltia brevifolia,0.633,not synonym,sentence-transformers/all-MiniLM-L6-v2,0.7,1
Calliandra sincorana,Inga tergemina,0.2672,not synonym,sentence-transformers/all-MiniLM-L6-v2,0.7,0
Muraltia dumosa,Polygala dumosa,0.6638,not synonym,sentence-transformers/all-MiniLM-L6-v2,0.7,1
Polygala usafuensis,Polygala tanganyikensis,0.6623,not synonym,sentence-transformers/all-MiniLM-L6-v2,0.7,1
Dialium holtzii,Dialium mossambicense,0.606,not synonym,sentence-transformers/all-MiniLM-L6-v2,0.7,1
Hippocrepis comosa,Caesalpinia gilliesii,0.2839,not synonym,sentence-transformers/all-MiniLM-L6-v2,0.7,0
Diclidanthera bolivarensis,Diclidanthera orinocensis,0.5352,not synonym,sentence-transformers/all-MiniLM-L6-v2,0.7,1
Muraltia longicuspis,Triendilix clandestina,0.3506,not synonym,sentence-transformers/all-MiniLM-L6-v2,0.7,0
Dialium polyanthum,Dialium corbisieri,0.5956,not synonym,sentence-transformers/all-MiniLM-L6-v2,0.7,1
Comesperma calymega,Comesperma parviflorum,0.6375,not synonym,sentence-transformers/all-MiniLM-L6-v2,0.7,1
Flemingia lineata,Lebeckia flexuosa,0.4783,not synonym,sentence-transformers/all-MiniLM-L6-v2,0.7,0
Mora oleifera,Dimorphandra megistosperma,0.1604,not synonym,sentence-transformers/all-MiniLM-L6-v2,0.7,1
Nissolia brasiliensis,Abarema multiflora,0.2681,not synonym,sentence-transformers/all-MiniLM-L6-v2,0.7,0
Calliandra eriophylla,Scandalida flava,0.2981,not synonym,sentence-transformers/all-MiniLM-L6-v2,0.7,0
Genista maderensis,Callistachys carinata,0.3252,not synonym,sentence-transformers/all-MiniLM-L6-v2,0.7,0
Dialium guineense,Erinacea pungens,0.2088,not synonym,sentence-transformers/all-MiniLM-L6-v2,0.7,0
Genista monspessulana,Genista eriocarpa,0.6941,not synonym,sentence-transformers/all-MiniLM-L6-v2,0.7,1
Acacia conjunctifolia,Echinospartum webbii,0.2337,not synonym,sentence-transformers/all-MiniLM-L6-v2,0.7,0
Muraltia lancifolia,Ormocarpum thurberi,0.1358,not synonym,sentence-transformers/all-MiniLM-L6-v2,0.7,0
Hebecarpa costaricensis,Mimosa sapindoides,0.2879,not synonym,sentence-transformers/all-MiniLM-L6-v2,0.7,0
Julbernardia globiflora,Brachystegia globiflora,0.4596,not synonym,sentence-transformers/all-MiniLM-L6-v2,0.7,1
Atroxima afzeliana,Wiborgia adenostylis,0.3578,not synonym,sentence-transformers/all-MiniLM-L6-v2,0.7,0
Dimorphandra polyandra,Polygala huberiana,0.389,not synonym,sentence-transformers/all-MiniLM-L6-v2,0.7,0
Ononis striata,Ononis aggregata,0.672,not synonym,sentence-transformers/all-MiniLM-L6-v2,0.7,1
Salomonia ciliata,Polygala arnottiana,0.5639,not synonym,sentence-transformers/all-MiniLM-L6-v2,0.7,1
Bossiaea dentata,Scottia trapeziformis,0.288,not synonym,sentence-transformers/all-MiniLM-L6-v2,0.7,1
Brya ebenus,Securidaca cordata,0.4081,not synonym,sentence-transformers/all-MiniLM-L6-v2,0.7,0
Hippocrepis comosa,Lebeckia macrantha,0.2924,not synonym,sentence-transformers/all-MiniLM-L6-v2,0.7,0
Archidendron robinsonii,Moghania nana,0.1406,not synonym,sentence-transformers/all-MiniLM-L6-v2,0.7,0
Dialium platysepalum,Dialium ambiguum,0.7455,synonym,sentence-transformers/all-MiniLM-L6-v2,0.7,1
Centrolobium paraense,Centrolobium orinocense,0.7415,synonym,sentence-transformers/all-MiniLM-L6-v2,0.7,1
Lotus jacobaeus,Comesperma kunthiana,0.3273,not synonym,sentence-transformers/all-MiniLM-L6-v2,0.7,0
Gymnospora blanchetii,Polygala laxa,0.4657,not synonym,sentence-transformers/all-MiniLM-L6-v2,0.7,1
Dialium procerum,Rhynchocarpa monophylla,0.1592,not synonym,sentence-transformers/all-MiniLM-L6-v2,0.7,1
Caamembeca oxyphylla,Inga chrysotricha,0.2617,not synonym,sentence-transformers/all-MiniLM-L6-v2,0.7,0
Rhinotropis subspinosa,Dialium pierrei,0.1399,not synonym,sentence-transformers/all-MiniLM-L6-v2,0.7,0
Dicraeopetalum mahafaliense,Ebenidium depressum,0.265,not synonym,sentence-transformers/all-MiniLM-L6-v2,0.7,0
Genista aspalathoides,Calliandra glyphoxylon,0.2879,not synonym,sentence-transformers/all-MiniLM-L6-v2,0.7,0
Chesneya rytidosperma,Chesneya velutina,0.7459,synonym,sentence-transformers/all-MiniLM-L6-v2,0.7,1
Genista umbellata,Telinaria umbellata,0.6266,not synonym,sentence-transformers/all-MiniLM-L6-v2,0.7,1
Bredemeyera myrtifolia,Catocoma parviflora,0.2248,not synonym,sentence-transformers/all-MiniLM-L6-v2,0.7,1
Genista micrantha,Senega franchetii,0.4205,not synonym,sentence-transformers/all-MiniLM-L6-v2,0.7,0
Flemingia grahamiana,Emerus major,0.2559,not synonym,sentence-transformers/all-MiniLM-L6-v2,0.7,0
Daniellia pynaertii,Daniellia pubescens,0.7247,synonym,sentence-transformers/all-MiniLM-L6-v2,0.7,1
Ononis variegata,Ononis variegata,1.0,synonym,sentence-transformers/all-MiniLM-L6-v2,0.7,1
Xanthophyllum vitellinum,Abarema pellita,0.1965,not synonym,sentence-transformers/all-MiniLM-L6-v2,0.7,0
Genista umbellata,Genistella umbellata,0.8247,synonym,sentence-transformers/all-MiniLM-L6-v2,0.7,1
Polygala smallii,Polygala fallax,0.7683,synonym,sentence-transformers/all-MiniLM-L6-v2,0.7,0
Microcharis phyllogramme,Rigiostachys roureoides,0.2339,not synonym,sentence-transformers/all-MiniLM-L6-v2,0.7,0
Inga hispida,Acacia vernicosa,0.1889,not synonym,sentence-transformers/all-MiniLM-L6-v2,0.7,0
Monnina tristaniana,Monnina richardiana,0.7618,synonym,sentence-transformers/all-MiniLM-L6-v2,0.7,1
Nissolia blanchetiana,Chaetocalyx blanchetianus,0.6096,not synonym,sentence-transformers/all-MiniLM-L6-v2,0.7,1
Genista januensis,Genista scariosa,0.6644,not synonym,sentence-transformers/all-MiniLM-L6-v2,0.7,1
Calobota angustifolia,Calobota decutiens,0.664,not synonym,sentence-transformers/all-MiniLM-L6-v2,0.7,1
Aotus ericoides,Aotus villosa,0.6043,not synonym,sentence-transformers/all-MiniLM-L6-v2,0.7,1
Mora excelsa,Dimorphandra excelsa,0.5495,not synonym,sentence-transformers/all-MiniLM-L6-v2,0.7,1
Xanthophyllum vitellinum,Jakkia vitellina,0.3287,not synonym,sentence-transformers/all-MiniLM-L6-v2,0.7,1
Archidendron minahassae,Myrospermum toluiferum,0.1869,not synonym,sentence-transformers/all-MiniLM-L6-v2,0.7,0
Dahlstedtia calcarata,Lonchocarpus calcaratus,0.4812,not synonym,sentence-transformers/all-MiniLM-L6-v2,0.7,1
Polygala sedoides,Mimosa paradoxa,0.2554,not synonym,sentence-transformers/all-MiniLM-L6-v2,0.7,0
Brachypterum koolgibberah,Derris koolgibberah,0.5952,not synonym,sentence-transformers/all-MiniLM-L6-v2,0.7,1
Ononis fruticosa,Lupinus nitidissimus,0.3366,not synonym,sentence-transformers/all-MiniLM-L6-v2,0.7,0
Myroxylon peruiferum,Toluifera peruifera,0.5485,not synonym,sentence-transformers/all-MiniLM-L6-v2,0.7,1
Lotus maritimus,Tetragonolobus conjugatus,0.3148,not synonym,sentence-transformers/all-MiniLM-L6-v2,0.7,1
Flemingia strobilifera,Solori eriocarpa,0.2847,not synonym,sentence-transformers/all-MiniLM-L6-v2,0.7,0
Ononis arvensis,Polygala ukambica,0.1193,not synonym,sentence-transformers/all-MiniLM-L6-v2,0.7,0
Bredemeyera myrtifolia,Heisteria dumosa,0.3426,not synonym,sentence-transformers/all-MiniLM-L6-v2,0.7,0
Genista osmariensis,Cytisus osmariensis,0.6008,not synonym,sentence-transformers/all-MiniLM-L6-v2,0.7,1
Caamembeca oleifolia,Polygala oleifolia,0.6385,not synonym,sentence-transformers/all-MiniLM-L6-v2,0.7,1
Inga rubiginosa,Mimosa rubiginosa,0.7312,synonym,sentence-transformers/all-MiniLM-L6-v2,0.7,1
Muraltia muraltioides,Monopetalanthus jensenii,0.3353,not synonym,sentence-transformers/all-MiniLM-L6-v2,0.7,0
Machaerium capote,Machaerium capote,1.0,synonym,sentence-transformers/all-MiniLM-L6-v2,0.7,1
Adenopodia rotundifolia,Lotus coccineus,0.3169,not synonym,sentence-transformers/all-MiniLM-L6-v2,0.7,0
Dysolobium dolichoides,Genista incerta,0.1525,not synonym,sentence-transformers/all-MiniLM-L6-v2,0.7,0
Gastrolobium praemorsum,Lotus ciliatus,0.2898,not synonym,sentence-transformers/all-MiniLM-L6-v2,0.7,0
Flemingia stricta,Flemingia stricta,1.0,synonym,sentence-transformers/all-MiniLM-L6-v2,0.7,1
Genista stenopetala,Genista racemosa,0.7285,synonym,sentence-transformers/all-MiniLM-L6-v2,0.7,1
Calliandra tergemina,Mimosa tergemina,0.4625,not synonym,sentence-transformers/all-MiniLM-L6-v2,0.7,1
Millettia caudata,Pongamia caudata,0.5922,not synonym,sentence-transformers/all-MiniLM-L6-v2,0.7,1
Dialium guianense,Carmichaelia nigrans,0.19,not synonym,sentence-transformers/all-MiniLM-L6-v2,0.7,0
Calliandra fasciculata,Flemingia nudiflora,0.3422,not synonym,sentence-transformers/all-MiniLM-L6-v2,0.7,0
Securidaca divaricata,Mezoneurum oxyphyllum,0.2224,not synonym,sentence-transformers/all-MiniLM-L6-v2,0.7,0
Rhinotropis purpusii,Polygala purpusii,0.6173,not synonym,sentence-transformers/all-MiniLM-L6-v2,0.7,1
Delonix floribunda,Delonix adansonioides,0.6553,not synonym,sentence-transformers/all-MiniLM-L6-v2,0.7,1
Myroxylon peruiferum,Myroxylon pedicellatum,0.6861,not synonym,sentence-transformers/all-MiniLM-L6-v2,0.7,1
Glycine max,Monnina paniculata,0.1659,not synonym,sentence-transformers/all-MiniLM-L6-v2,0.7,0
Millettia grandis,Inga vallensis,0.3566,not synonym,sentence-transformers/all-MiniLM-L6-v2,0.7,0
Inga inicuil,Inga longipedunculata,0.4934,not synonym,sentence-transformers/all-MiniLM-L6-v2,0.7,0
Gastrolobium plicatum,Nemcia pauciflora,0.3458,not synonym,sentence-transformers/all-MiniLM-L6-v2,0.7,1
Chesneya rytidosperma,Gueldenstaedtia oliveriana,0.3557,not synonym,sentence-transformers/all-MiniLM-L6-v2,0.7,1
Millettia glaucescens,Onobrychis sericea,0.2991,not synonym,sentence-transformers/all-MiniLM-L6-v2,0.7,0
Inga sellowiana,Feuilleea sellowiana,0.6774,not synonym,sentence-transformers/all-MiniLM-L6-v2,0.7,1
Archidendron hispidum,Polygala consobrina,0.231,not synonym,sentence-transformers/all-MiniLM-L6-v2,0.7,0
Gastrolobium plicatum,Xanthophyllum glaucum,0.3652,not synonym,sentence-transformers/all-MiniLM-L6-v2,0.7,0
Errazurizia megacarpa,Parosela megacarpa,0.634,not synonym,sentence-transformers/all-MiniLM-L6-v2,0.7,1
Mecopus nidulans,Uraria retrofructa,0.3358,not synonym,sentence-transformers/all-MiniLM-L6-v2,0.7,1
Microcharis galpinii,Moghania faginea,0.2523,not synonym,sentence-transformers/all-MiniLM-L6-v2,0.7,0
Gastrolobium truncatum,Gastrolobium crispifolium,0.7525,synonym,sentence-transformers/all-MiniLM-L6-v2,0.7,1
Gastrolobium coriaceum,Callistachys ovalifolia,0.2548,not synonym,sentence-transformers/all-MiniLM-L6-v2,0.7,1
Nissolia vincentina,Chaetocalyx magniflorus,0.141,not synonym,sentence-transformers/all-MiniLM-L6-v2,0.7,1
Calliandra eriophylla,Acacia prostrata,0.3211,not synonym,sentence-transformers/all-MiniLM-L6-v2,0.7,0
Echinospartum barnadesii,Cytisanthus barnadesii,0.6672,not synonym,sentence-transformers/all-MiniLM-L6-v2,0.7,1
Amphicarpaea edgeworthii,Indigofera medicaginea,0.4062,not synonym,sentence-transformers/all-MiniLM-L6-v2,0.7,0
Genista ferox,Monnina diversifolia,0.1362,not synonym,sentence-transformers/all-MiniLM-L6-v2,0.7,0
Millettia griffoniana,Dorycnium affine,0.1567,not synonym,sentence-transformers/all-MiniLM-L6-v2,0.7,0
Acacia convallium,Racosperma convallium,0.4579,not synonym,sentence-transformers/all-MiniLM-L6-v2,0.7,1
Muraltia lancifolia,Polygala pilosa,0.3982,not synonym,sentence-transformers/all-MiniLM-L6-v2,0.7,1
Machaerium seemannii,Gilbertiodendron dinklagei,0.4302,not synonym,sentence-transformers/all-MiniLM-L6-v2,0.7,0
Chorizema aciculare,Chorizema aciculoides,0.8465,synonym,sentence-transformers/all-MiniLM-L6-v2,0.7,1
Dysolobium pilosum,Dolichovigna formosana,0.3274,not synonym,sentence-transformers/all-MiniLM-L6-v2,0.7,1
Comesperma calymega,Zygia fagifolia,0.3395,not synonym,sentence-transformers/all-MiniLM-L6-v2,0.7,0
Comesperma retusum,Maughania sootepensis,0.3325,not synonym,sentence-transformers/all-MiniLM-L6-v2,0.7,0
Genista canariensis,Heistera incompta,0.3501,not synonym,sentence-transformers/all-MiniLM-L6-v2,0.7,0
Gonocytisus angulatus,Retama parviflora,0.1616,not synonym,sentence-transformers/all-MiniLM-L6-v2,0.7,1
Inga cordistipula,Miediega suffruticosa,0.4114,not synonym,sentence-transformers/all-MiniLM-L6-v2,0.7,0
Securidaca rivinifolia,Securidaca reticulata,0.8072,synonym,sentence-transformers/all-MiniLM-L6-v2,0.7,1
Inga maynensis,Millettia turgida,0.3913,not synonym,sentence-transformers/all-MiniLM-L6-v2,0.7,0
Betencourtia australis,Galactia australis,0.5383,not synonym,sentence-transformers/all-MiniLM-L6-v2,0.7,1
Hebecarpa velutina,Feuilleea quassiaefolia,0.252,not synonym,sentence-transformers/all-MiniLM-L6-v2,0.7,0
Inga pilosula,Mimosa quassiifolia,0.4593,not synonym,sentence-transformers/all-MiniLM-L6-v2,0.7,1
Genista radiata,Enantiosparton radiatum,0.3719,not synonym,sentence-transformers/all-MiniLM-L6-v2,0.7,1
Machaerium biovulatum,Machaerium campestre,0.5489,not synonym,sentence-transformers/all-MiniLM-L6-v2,0.7,0
Brachypterum robustum,Brachypterum platyphyllum,0.6628,not synonym,sentence-transformers/all-MiniLM-L6-v2,0.7,1
Securidaca scandens,Securidaca ovata,0.7225,synonym,sentence-transformers/all-MiniLM-L6-v2,0.7,1
Carmichaelia juncea,Carmichaelia fieldii,0.7791,synonym,sentence-transformers/all-MiniLM-L6-v2,0.7,1
Amphicarpaea bracteata,Amphicarpaea villosa,0.7527,synonym,sentence-transformers/all-MiniLM-L6-v2,0.7,1
Myroxylon peruiferum,Myroxylon pubescens,0.6514,not synonym,sentence-transformers/all-MiniLM-L6-v2,0.7,1
Calophaca wolgarica,Brachypterum timorense,0.3281,not synonym,sentence-transformers/all-MiniLM-L6-v2,0.7,0
Apios americana,Jakkia longifolia,0.1491,not synonym,sentence-transformers/all-MiniLM-L6-v2,0.7,0
Archidendron multifoliolatum,Caiandra humilis,0.1137,not synonym,sentence-transformers/all-MiniLM-L6-v2,0.7,0
Collaea speciosa,Lotus erectus,0.246,not synonym,sentence-transformers/all-MiniLM-L6-v2,0.7,1
Calliandra bella,Acacia brasiliensis,0.1674,not synonym,sentence-transformers/all-MiniLM-L6-v2,0.7,1
Calliandra harrisii,Feuilleea harrisii,0.6854,not synonym,sentence-transformers/all-MiniLM-L6-v2,0.7,1
Hoffmannseggia glauca,Monnina angustifolia,0.1671,not synonym,sentence-transformers/all-MiniLM-L6-v2,0.7,0
Acacia excentrica,Myrospermum punctatum,0.2228,not synonym,sentence-transformers/all-MiniLM-L6-v2,0.7,0
Millettia acutiflora,Elsota sellowiana,0.3261,not synonym,sentence-transformers/all-MiniLM-L6-v2,0.7,0
Chesneya vaginalis,Inga sarmentosa,0.1023,not synonym,sentence-transformers/all-MiniLM-L6-v2,0.7,0
Monnina cuneata,Monnina hilairiana,0.749,synonym,sentence-transformers/all-MiniLM-L6-v2,0.7,1
Chesneya tadzhikistana,Chesneya vesiculifera,0.5877,not synonym,sentence-transformers/all-MiniLM-L6-v2,0.7,1
Polygala gayii,Telinaria aspalathoides,0.3146,not synonym,sentence-transformers/all-MiniLM-L6-v2,0.7,0
Muraltia obovata,Heisteria obovata,0.5888,not synonym,sentence-transformers/all-MiniLM-L6-v2,0.7,1
Archidendron jiringa,Pithecellobium lateriflorum,0.2175,not synonym,sentence-transformers/all-MiniLM-L6-v2,0.7,1
Lotus tetragonolobus,Tetragonolobus purpureus,0.5734,not synonym,sentence-transformers/all-MiniLM-L6-v2,0.7,1
Lotus subbiflorus,Pedrosia neglecta,0.1681,not synonym,sentence-transformers/all-MiniLM-L6-v2,0.7,0
Glycine clandestina,Genista daurica,0.2652,not synonym,sentence-transformers/all-MiniLM-L6-v2,0.7,0
Archidendron bigeminum,Pithecellobium nicobaricum,0.1208,not synonym,sentence-transformers/all-MiniLM-L6-v2,0.7,1
Asemeia martiana,Polygala martiana,0.7239,synonym,sentence-transformers/all-MiniLM-L6-v2,0.7,1
Archidendron alternifoliolatum,Polygala lanceolata,0.3204,not synonym,sentence-transformers/all-MiniLM-L6-v2,0.7,0
Hanslia ormocarpoides,Desmodium pendulum,0.2288,not synonym,sentence-transformers/all-MiniLM-L6-v2,0.7,1
Calliandra glomerulata,Feuilleea glomerulata,0.6392,not synonym,sentence-transformers/all-MiniLM-L6-v2,0.7,1
Archidendron monopterum,Pithecellobium monopterum,0.4824,not synonym,sentence-transformers/all-MiniLM-L6-v2,0.7,1
Machaerium villosum,Machaerium oxyphyllum,0.5229,not synonym,sentence-transformers/all-MiniLM-L6-v2,0.7,1
Lotus jacobaeus,Lotus tristis,0.7108,synonym,sentence-transformers/all-MiniLM-L6-v2,0.7,1
Lupinus covillei,Inga salvadorensis,0.316,not synonym,sentence-transformers/all-MiniLM-L6-v2,0.7,0
Echinospartum horridum,Genista cosoniaca,0.28,not synonym,sentence-transformers/all-MiniLM-L6-v2,0.7,1
Muraltia longicuspis,Heistera longicuspis,0.6617,not synonym,sentence-transformers/all-MiniLM-L6-v2,0.7,1
Archidendron microcarpum,Feuilleea microcarpa,0.2983,not synonym,sentence-transformers/all-MiniLM-L6-v2,0.7,1
Genista sagittalis,Genistella sagittalis,0.753,synonym,sentence-transformers/all-MiniLM-L6-v2,0.7,1
Myroxylon peruiferum,Myrospermum pedicellatum,0.4786,not synonym,sentence-transformers/all-MiniLM-L6-v2,0.7,1
Cyclopia genistoides,Cyclopia genistoides,1.0,synonym,sentence-transformers/all-MiniLM-L6-v2,0.7,1
Calliandra tweedii,Machaerium violaceopurpureum,0.2474,not synonym,sentence-transformers/all-MiniLM-L6-v2,0.7,0
Delonix brachycarpa,Gastrolobium spathulatum,0.2359,not synonym,sentence-transformers/all-MiniLM-L6-v2,0.7,0
Genista anatolica,Feuilleea mottleyana,0.324,not synonym,sentence-transformers/all-MiniLM-L6-v2,0.7,0
Millettia lenneoides,Lophostylis pallida,0.2878,not synonym,sentence-transformers/all-MiniLM-L6-v2,0.7,0
Glycine max,Feuilleea bella,0.1493,not synonym,sentence-transformers/all-MiniLM-L6-v2,0.7,0
Caamembeca salicifolia,Bredemeyera ericina,0.1812,not synonym,sentence-transformers/all-MiniLM-L6-v2,0.7,0
Asemeia ovata,Polygala nicaraguensis,0.3127,not synonym,sentence-transformers/all-MiniLM-L6-v2,0.7,1
Daniellia klainei,Centrolobium tomentosum,0.1145,not synonym,sentence-transformers/all-MiniLM-L6-v2,0.7,0
Muraltia pappeana,Chesneya velutina,0.4477,not synonym,sentence-transformers/all-MiniLM-L6-v2,0.7,0
Heterostemon corrugatus,Heterostemon corrugatus,1.0,synonym,sentence-transformers/all-MiniLM-L6-v2,0.7,1
Gonocytisus angulatus,Spartium osyris,0.4082,not synonym,sentence-transformers/all-MiniLM-L6-v2,0.7,0
Securidaca divaricata,Coronilla eriocarpa,0.5193,not synonym,sentence-transformers/all-MiniLM-L6-v2,0.7,0
Camptosema coccineum,Bionia coccinea,0.5536,not synonym,sentence-transformers/all-MiniLM-L6-v2,0.7,1
Erythrostemon caladenia,Caesalpinia caladenia,0.6334,not synonym,sentence-transformers/all-MiniLM-L6-v2,0.7,1
Machaerium lunatum,Pseudoberlinia paniculata,0.2959,not synonym,sentence-transformers/all-MiniLM-L6-v2,0.7,0
Microcharis cana,Smithia eurycalyx,0.2551,not synonym,sentence-transformers/all-MiniLM-L6-v2,0.7,0
Archidendron cordifolium,Albizia cordifolia,0.3373,not synonym,sentence-transformers/all-MiniLM-L6-v2,0.7,1
Acacia elata,Acacia terminalis,0.7691,synonym,sentence-transformers/all-MiniLM-L6-v2,0.7,1
Inga densiflora,Hoffmannseggia philippiana,0.3955,not synonym,sentence-transformers/all-MiniLM-L6-v2,0.7,0
Flemingia grahamiana,Calliandra diademata,0.216,not synonym,sentence-transformers/all-MiniLM-L6-v2,0.7,0
Muraltia mitior,Peltophorum brasiliense,0.3289,not synonym,sentence-transformers/all-MiniLM-L6-v2,0.7,0
Archidendron jiringa,Salomonia petiolata,0.1765,not synonym,sentence-transformers/all-MiniLM-L6-v2,0.7,0
Machaerium arboreum,Nissolius arboreus,0.5693,not synonym,sentence-transformers/all-MiniLM-L6-v2,0.7,1
Lotus arenarius,Dalbergia crowei,0.2838,not synonym,sentence-transformers/all-MiniLM-L6-v2,0.7,0
Flemingia macrophylla,Polygala clavipes,0.3257,not synonym,sentence-transformers/all-MiniLM-L6-v2,0.7,0
Epirixanthes elongata,Salomonia tenella,0.4463,not synonym,sentence-transformers/all-MiniLM-L6-v2,0.7,1
Genista monspessulana,Cytisus canescens,0.2362,not synonym,sentence-transformers/all-MiniLM-L6-v2,0.7,1
Machaerium lunatum,Drepanocarpus africanus,0.2277,not synonym,sentence-transformers/all-MiniLM-L6-v2,0.7,1
Camptosema spectabile,Camptosema grandiflorum,0.8174,synonym,sentence-transformers/all-MiniLM-L6-v2,0.7,1
Acacia malloclada,Catocoma kunthiana,0.3359,not synonym,sentence-transformers/all-MiniLM-L6-v2,0.7,0
Polygala caudata,Heisteria macropetala,0.4312,not synonym,sentence-transformers/all-MiniLM-L6-v2,0.7,0
Erythrostemon coccineus,Virgilia aurea,0.2513,not synonym,sentence-transformers/all-MiniLM-L6-v2,0.7,0
Gastrolobium ebracteolatum,Chorizema lineare,0.2913,not synonym,sentence-transformers/all-MiniLM-L6-v2,0.7,1
Flemingia trifoliata,Senega timoutoides,0.3061,not synonym,sentence-transformers/all-MiniLM-L6-v2,0.7,0
Adenopodia spicata,Pusaetha spicata,0.582,not synonym,sentence-transformers/all-MiniLM-L6-v2,0.7,1
Inga sapindoides,Flemingia nilgheriensis,0.2536,not synonym,sentence-transformers/all-MiniLM-L6-v2,0.7,0
Cadia purpurea,Nemcia acuta,0.4545,not synonym,sentence-transformers/all-MiniLM-L6-v2,0.7,0
Acacia polybotrya,Racosperma polybotryum,0.3003,not synonym,sentence-transformers/all-MiniLM-L6-v2,0.7,1
Monnina exaltata,Pteromonnina exaltata,0.6442,not synonym,sentence-transformers/all-MiniLM-L6-v2,0.7,1
Erinacea anthyllis,Millettia atite,0.2824,not synonym,sentence-transformers/all-MiniLM-L6-v2,0.7,0
Lotus hirsutus,Lotus affinis,0.6989,not synonym,sentence-transformers/all-MiniLM-L6-v2,0.7,1
Lupinus angustifolius,Acylotropis malmeana,0.3512,not synonym,sentence-transformers/all-MiniLM-L6-v2,0.7,0
Securidaca divaricata,Phaseolodes ovalifolium,0.1538,not synonym,sentence-transformers/all-MiniLM-L6-v2,0.7,0
Nissolia vincentina,Polygala commutata,0.2236,not synonym,sentence-transformers/all-MiniLM-L6-v2,0.7,0
Coulteria platyloba,Brasilettia blasiana,0.3968,not synonym,sentence-transformers/all-MiniLM-L6-v2,0.7,1
Securidaca tomentosa,Elsota tomentosa,0.7338,synonym,sentence-transformers/all-MiniLM-L6-v2,0.7,1
Genista tricuspidata,Genista lucida,0.6572,not synonym,sentence-transformers/all-MiniLM-L6-v2,0.7,1
Hippocrepis comosa,Polygala fimbriata,0.2773,not synonym,sentence-transformers/all-MiniLM-L6-v2,0.7,0
Muraltia satureioides,Platylobium microphyllum,0.3117,not synonym,sentence-transformers/all-MiniLM-L6-v2,0.7,0
Polygala sphenoptera,Bredemeyera parviflora,0.2603,not synonym,sentence-transformers/all-MiniLM-L6-v2,0.7,0
Polygala sphenoptera,Polygala tristis,0.5848,not synonym,sentence-transformers/all-MiniLM-L6-v2,0.7,1
Lotus angustissimus,Centrolobium ochroxylum,0.1715,not synonym,sentence-transformers/all-MiniLM-L6-v2,0.7,0
Hebecarpa punctata,Hebecarpa greggii,0.6858,not synonym,sentence-transformers/all-MiniLM-L6-v2,0.7,1
Archidendron tjendana,Pithecellobium tjendana,0.5424,not synonym,sentence-transformers/all-MiniLM-L6-v2,0.7,1
Asemeia violacea,Calliandra angusta,0.222,not synonym,sentence-transformers/all-MiniLM-L6-v2,0.7,0
Flemingia macrophylla,Inga ferruginea,0.2299,not synonym,sentence-transformers/all-MiniLM-L6-v2,0.7,0
Glycine clandestina,Kennedya microphylla,0.3241,not synonym,sentence-transformers/all-MiniLM-L6-v2,0.7,1
Brachypterum involutum,Callerya dasyphylla,0.1658,not synonym,sentence-transformers/all-MiniLM-L6-v2,0.7,0
Calliandra surinamensis,Inga leiocalycina,0.2244,not synonym,sentence-transformers/all-MiniLM-L6-v2,0.7,0
Archidendron jiringa,Anneslia pueblana,0.2544,not synonym,sentence-transformers/all-MiniLM-L6-v2,0.7,0
Acacia hamiltoniana,Acacia sieberiana,0.8184,synonym,sentence-transformers/all-MiniLM-L6-v2,0.7,1
Machaerium hirtum,Nissolia uncinata,0.258,not synonym,sentence-transformers/all-MiniLM-L6-v2,0.7,0
Inga xalapensis,Inga borealis,0.3536,not synonym,sentence-transformers/all-MiniLM-L6-v2,0.7,1
Flemingia stricta,Lotus cuatrecasasii,0.3226,not synonym,sentence-transformers/all-MiniLM-L6-v2,0.7,0
Flemingia semialata,Maughania semialata,0.5976,not synonym,sentence-transformers/all-MiniLM-L6-v2,0.7,1
Archidendron monopterum,Racosperma assimile,-0.0018,not synonym,sentence-transformers/all-MiniLM-L6-v2,0.7,0
Muraltia divaricata,Heisteria crassifolia,0.3711,not synonym,sentence-transformers/all-MiniLM-L6-v2,0.7,0
Flemingia prostrata,Moghania prostrata,0.6513,not synonym,sentence-transformers/all-MiniLM-L6-v2,0.7,1
Millettia lenneoides,Polygala oleifera,0.3199,not synonym,sentence-transformers/all-MiniLM-L6-v2,0.7,0
Genista januensis,Ononis broteriana,0.1775,not synonym,sentence-transformers/all-MiniLM-L6-v2,0.7,0
Archidendron baucheri,Pithecellobium baucheri,0.5313,not synonym,sentence-transformers/all-MiniLM-L6-v2,0.7,1
Quillaja brasiliensis,Securidaca rivinaefolia,0.4734,not synonym,sentence-transformers/all-MiniLM-L6-v2,0.7,0
Polygala leucantha,Senega graebiana,0.3809,not synonym,sentence-transformers/all-MiniLM-L6-v2,0.7,1
Julbernardia paniculata,Polygala serpens,0.4065,not synonym,sentence-transformers/all-MiniLM-L6-v2,0.7,0
Julbernardia seretii,Berlinia seretii,0.5823,not synonym,sentence-transformers/all-MiniLM-L6-v2,0.7,1
Calliandra hirsuta,Calliandra nitida,0.7372,synonym,sentence-transformers/all-MiniLM-L6-v2,0.7,1
Securidaca diversifolia,Laburnum platycarpum,0.2794,not synonym,sentence-transformers/all-MiniLM-L6-v2,0.7,0
Acacia decora,Acacia caleyi,0.7862,synonym,sentence-transformers/all-MiniLM-L6-v2,0.7,1
Millettia peguensis,Phaseolodes ovalifolium,0.2914,not synonym,sentence-transformers/all-MiniLM-L6-v2,0.7,1
Erythrostemon exostemma,Mezoneurum procumbens,0.1493,not synonym,sentence-transformers/all-MiniLM-L6-v2,0.7,1
Dahlstedtia hylobia,Lonchocarpus hylobius,0.4218,not synonym,sentence-transformers/all-MiniLM-L6-v2,0.7,1
Chorizema carinatum,Feuilleea setifera,0.138,not synonym,sentence-transformers/all-MiniLM-L6-v2,0.7,0
Xanthophyllum lanceatum,Skaphium lanceatum,0.5396,not synonym,sentence-transformers/all-MiniLM-L6-v2,0.7,1
Millettia sericea,Phaseolodes argenteum,0.3435,not synonym,sentence-transformers/all-MiniLM-L6-v2,0.7,1
Calliandra humilis,Calliandra herbacea,0.6509,not synonym,sentence-transformers/all-MiniLM-L6-v2,0.7,1
Calliandra bijuga,Lotus pilosus,0.3337,not synonym,sentence-transformers/all-MiniLM-L6-v2,0.7,0
Flemingia lacei,Geissaspis cavaleriei,0.4384,not synonym,sentence-transformers/all-MiniLM-L6-v2,0.7,0
Brachypterum scandens,Chaetocalyx matudai,0.2554,not synonym,sentence-transformers/all-MiniLM-L6-v2,0.7,0
Monnina celastroides,Muraltia dregei,0.2811,not synonym,sentence-transformers/all-MiniLM-L6-v2,0.7,0
Ononis pusilla,Anonis pusilla,0.6943,not synonym,sentence-transformers/all-MiniLM-L6-v2,0.7,1
Ononis speciosa,Ononis elegans,0.5091,not synonym,sentence-transformers/all-MiniLM-L6-v2,0.7,1
Microcharis buchneri,Inga wightiana,0.203,not synonym,sentence-transformers/all-MiniLM-L6-v2,0.7,0
Monnina lehmanniana,Monnina involuta,0.5269,not synonym,sentence-transformers/all-MiniLM-L6-v2,0.7,1
Ononis biflora,Macroberlinia bracteosa,0.3858,not synonym,sentence-transformers/all-MiniLM-L6-v2,0.7,0
Myroxylon balsamum,Rhynchodium acaule,0.4003,not synonym,sentence-transformers/all-MiniLM-L6-v2,0.7,0
Inga inicuil,Polygala oxyphylla,0.2674,not synonym,sentence-transformers/all-MiniLM-L6-v2,0.7,0
Archidendron triplinervium,Tunatea panamensis,0.1107,not synonym,sentence-transformers/all-MiniLM-L6-v2,0.7,0
Comesperma calymega,Ingenhoussia spinosa,0.2626,not synonym,sentence-transformers/all-MiniLM-L6-v2,0.7,0
Archidendron kuenstleri,Neodunnia aurea,0.2965,not synonym,sentence-transformers/all-MiniLM-L6-v2,0.7,0
Hebecarpa obscura,Polygala obscura,0.571,not synonym,sentence-transformers/all-MiniLM-L6-v2,0.7,1
Muraltia lancifolia,Abarema novoguineensis,0.2544,not synonym,sentence-transformers/all-MiniLM-L6-v2,0.7,0
Calliandra rubescens,Desmodium amplexicaule,0.2279,not synonym,sentence-transformers/all-MiniLM-L6-v2,0.7,0
Hebecarpa caracasana,Polygala columbica,0.3081,not synonym,sentence-transformers/all-MiniLM-L6-v2,0.7,1
Calobota pungens,Genista trifoliolata,0.3275,not synonym,sentence-transformers/all-MiniLM-L6-v2,0.7,0
Gilbertiodendron dewevrei,Gilbertiodendron quadrifolium,0.6587,not synonym,sentence-transformers/all-MiniLM-L6-v2,0.7,1
Securidaca lanceolata,Elsota sellowiana,0.4891,not synonym,sentence-transformers/all-MiniLM-L6-v2,0.7,1
Ebenus laguroides,Ebenus cilicica,0.7184,synonym,sentence-transformers/all-MiniLM-L6-v2,0.7,1
Salomonia ciliata,Bredemeyera brevifolia,0.3318,not synonym,sentence-transformers/all-MiniLM-L6-v2,0.7,0
Archidendron bigeminum,Hippocrepis fructicosa,0.2676,not synonym,sentence-transformers/all-MiniLM-L6-v2,0.7,0
Chorizema aciculare,Inga pittieri,0.0287,not synonym,sentence-transformers/all-MiniLM-L6-v2,0.7,0
Archidendron trichophyllum,Abarema trichophylla,0.5619,not synonym,sentence-transformers/all-MiniLM-L6-v2,0.7,1
Lotus peregrinus,Piptadenia schlechteri,0.2344,not synonym,sentence-transformers/all-MiniLM-L6-v2,0.7,0
Hebecarpa obscura,Polygala strigulosa,0.3346,not synonym,sentence-transformers/all-MiniLM-L6-v2,0.7,1
Flemingia paniculata,Moghania phursia,0.3972,not synonym,sentence-transformers/all-MiniLM-L6-v2,0.7,1
Calliandra houstoniana,Genista echinus,0.3513,not synonym,sentence-transformers/all-MiniLM-L6-v2,0.7,0
Lupinus velutinus,Lupinus nitidissimus,0.7034,synonym,sentence-transformers/all-MiniLM-L6-v2,0.7,1
Lotus lancerottensis,Lotus neglecta,0.5115,not synonym,sentence-transformers/all-MiniLM-L6-v2,0.7,1
Ononis cheiranthoides,Cytisus rhodopnoa,0.3771,not synonym,sentence-transformers/all-MiniLM-L6-v2,0.7,0
Machaerium arboreum,Machaerium fruticetorum,0.587,not synonym,sentence-transformers/all-MiniLM-L6-v2,0.7,1
Heterostemon impar,Pultenaea nana,0.117,not synonym,sentence-transformers/all-MiniLM-L6-v2,0.7,0
Muraltia stipulacea,Muraltia micrantha,0.6547,not synonym,sentence-transformers/all-MiniLM-L6-v2,0.7,1
Hippocrepis ciliata,Glycine minima,0.1331,not synonym,sentence-transformers/all-MiniLM-L6-v2,0.7,0
Lotus hirsutus,Cyanothyrsus oblongus,0.3155,not synonym,sentence-transformers/all-MiniLM-L6-v2,0.7,0
Angylocalyx pynaertii,Dorycnium cinerascens,0.3335,not synonym,sentence-transformers/all-MiniLM-L6-v2,0.7,0
Erythrostemon mexicanus,Poinciana mexicana,0.488,not synonym,sentence-transformers/all-MiniLM-L6-v2,0.7,1
Genista hispanica,Heistera candollei,0.4054,not synonym,sentence-transformers/all-MiniLM-L6-v2,0.7,0
Lotus quinatus,Indigofera ammophila,0.419,not synonym,sentence-transformers/all-MiniLM-L6-v2,0.7,0
Muraltia lancifolia,Acanthocladus albicans,0.3824,not synonym,sentence-transformers/all-MiniLM-L6-v2,0.7,0
Acacia perryi,Racosperma perryi,0.5004,not synonym,sentence-transformers/all-MiniLM-L6-v2,0.7,1
Securidaca rivinifolia,Nemcia carinata,0.3989,not synonym,sentence-transformers/all-MiniLM-L6-v2,0.7,0
Hebecarpa obscura,Calliandra microphylla,0.2416,not synonym,sentence-transformers/all-MiniLM-L6-v2,0.7,0
Lotus dorycnium,Scorpius serpyllifolius,0.2177,not synonym,sentence-transformers/all-MiniLM-L6-v2,0.7,0
Acacia helicophylla,Acacia armatoides,0.7171,synonym,sentence-transformers/all-MiniLM-L6-v2,0.7,0
Eysenhardtia polystachya,Genista scorpius,0.2018,not synonym,sentence-transformers/all-MiniLM-L6-v2,0.7,0
Polygala crotalarioides,Ononis inclusa,0.2703,not synonym,sentence-transformers/all-MiniLM-L6-v2,0.7,0
Genista stenopetala,Maughania prostrata,0.3586,not synonym,sentence-transformers/all-MiniLM-L6-v2,0.7,0
Ononis cephalotes,Cryptolobus sarmentosus,0.3507,not synonym,sentence-transformers/all-MiniLM-L6-v2,0.7,0
Calliandra spinosa,Calliandra suberifera,0.5481,not synonym,sentence-transformers/all-MiniLM-L6-v2,0.7,1
Genista monspessulana,Calliandra axillaris,0.382,not synonym,sentence-transformers/all-MiniLM-L6-v2,0.7,0
Comesperma ericinum,Maughania yunnanensis,0.2127,not synonym,sentence-transformers/all-MiniLM-L6-v2,0.7,0
Microcharis spathulata,Indigofera spathulata,0.5388,not synonym,sentence-transformers/all-MiniLM-L6-v2,0.7,1
Archidendron balansae,Ortholobium balansae,0.6245,not synonym,sentence-transformers/all-MiniLM-L6-v2,0.7,1
Lotus cytisoides,Lotus secundiflorus,0.7588,synonym,sentence-transformers/all-MiniLM-L6-v2,0.7,1
Asemeia grandiflora,Polygala collina,0.3114,not synonym,sentence-transformers/all-MiniLM-L6-v2,0.7,1
Calliandra harrisii,Mundulea richardiana,0.4411,not synonym,sentence-transformers/all-MiniLM-L6-v2,0.7,0
Humularia corbisieri,Geissaspis corbisieri,0.6374,not synonym,sentence-transformers/all-MiniLM-L6-v2,0.7,1
Genista aspalathoides,Telinaria aspalathoides,0.6334,not synonym,sentence-transformers/all-MiniLM-L6-v2,0.7,1
Flemingia grahamiana,Moghania rhodocarpa,0.4135,not synonym,sentence-transformers/all-MiniLM-L6-v2,0.7,1
Acacia ensifolia,Racosperma ensifolium,0.3071,not synonym,sentence-transformers/all-MiniLM-L6-v2,0.7,1
Securidaca pubescens,Securidaca densiflora,0.7319,synonym,sentence-transformers/all-MiniLM-L6-v2,0.7,1
Millettia pulchra,Gilbertiodendron straussianum,0.2876,not synonym,sentence-transformers/all-MiniLM-L6-v2,0.7,0
Lotus broussonetii,Viborquia spinosa,0.3045,not synonym,sentence-transformers/all-MiniLM-L6-v2,0.7,0
Acacia paradoxa,Acacia ornithophora,0.6535,not synonym,sentence-transformers/all-MiniLM-L6-v2,0.7,1
Millettia caudata,Otosema caudata,0.6493,not synonym,sentence-transformers/all-MiniLM-L6-v2,0.7,1
Xanthophyllum flavescens,Fornasinia ebenifera,0.452,not synonym,sentence-transformers/all-MiniLM-L6-v2,0.7,0
Dahlstedtia castaneifolia,Lonchocarpus castaneifolius,0.4635,not synonym,sentence-transformers/all-MiniLM-L6-v2,0.7,1
Gymnospora violoides,Pithecellobium monadelphum,0.3155,not synonym,sentence-transformers/all-MiniLM-L6-v2,0.7,0
Muraltia thymifolia,Aotus phylicoides,0.3813,not synonym,sentence-transformers/all-MiniLM-L6-v2,0.7,0
Ononis adenotricha,Anneslia surinamensis,0.3531,not synonym,sentence-transformers/all-MiniLM-L6-v2,0.7,0
Millettia platyphylla,Mundia heterophylla,0.4823,not synonym,sentence-transformers/all-MiniLM-L6-v2,0.7,0
Bossiaea scolopendria,Platylobium scolopendrium,0.524,not synonym,sentence-transformers/all-MiniLM-L6-v2,0.7,1
Genista carinalis,Genista micrantha,0.7837,synonym,sentence-transformers/all-MiniLM-L6-v2,0.7,1
Bredemeyera densiflora,Duranta pearcei,0.3019,not synonym,sentence-transformers/all-MiniLM-L6-v2,0.7,1
Brachypterum robustum,Muraltia rhinostigma,0.2838,not synonym,sentence-transformers/all-MiniLM-L6-v2,0.7,0
Glycine brachybotria,Glycine brachybotria,1.0,synonym,sentence-transformers/all-MiniLM-L6-v2,0.7,1
Calliandra pakaraimensis,Calliandra resupina,0.6168,not synonym,sentence-transformers/all-MiniLM-L6-v2,0.7,1
Inga fastuosa,Inga venosa,0.6753,not synonym,sentence-transformers/all-MiniLM-L6-v2,0.7,1
Acacia multistipulosa,Asemeia cumulicola,0.2708,not synonym,sentence-transformers/all-MiniLM-L6-v2,0.7,0
Aphanocalyx pectinatus,Bonaga spinosa,0.1555,not synonym,sentence-transformers/all-MiniLM-L6-v2,0.7,0
Muraltia stipulacea,Heistera micrantha,0.336,not synonym,sentence-transformers/all-MiniLM-L6-v2,0.7,1
Brya ebenus,Genista arborescens,0.181,not synonym,sentence-transformers/all-MiniLM-L6-v2,0.7,1
Ononis mitissima,Acacia papulaeformis,0.1474,not synonym,sentence-transformers/all-MiniLM-L6-v2,0.7,0
Lotus herbaceus,Anneslia tergemina,0.2226,not synonym,sentence-transformers/all-MiniLM-L6-v2,0.7,0
Ononis striata,Anthyllis cretica,0.2727,not synonym,sentence-transformers/all-MiniLM-L6-v2,0.7,0
Cyclopia latifolia,Lebeckia subternata,0.3487,not synonym,sentence-transformers/all-MiniLM-L6-v2,0.7,1
Genista dracunculoides,Corniola dracunculoides,0.7141,synonym,sentence-transformers/all-MiniLM-L6-v2,0.7,1
Polygala calcarea,Polygala cantalica,0.7753,synonym,sentence-transformers/all-MiniLM-L6-v2,0.7,1
Monnina cuneata,Heisteria carnosa,0.4669,not synonym,sentence-transformers/all-MiniLM-L6-v2,0.7,0
Calliandra foliolosa,Monnina excelsa,0.3883,not synonym,sentence-transformers/all-MiniLM-L6-v2,0.7,0
Epirixanthes elongata,Heterostemon cauliflorus,0.3623,not synonym,sentence-transformers/all-MiniLM-L6-v2,0.7,0
Calliandra calycina,Feuilleea calycina,0.6037,not synonym,sentence-transformers/all-MiniLM-L6-v2,0.7,1
Calliandra sessilis,Feuilleea mutica,0.3816,not synonym,sentence-transformers/all-MiniLM-L6-v2,0.7,1
Monnina dictyocarpa,Monnina wilczekiana,0.6712,not synonym,sentence-transformers/all-MiniLM-L6-v2,0.7,1
Lotus mlanjeanus,Dorycnium jordanianum,0.2022,not synonym,sentence-transformers/all-MiniLM-L6-v2,0.7,0
